  -2.5000000000000000       -2.2500000000000000        1.0701327000000001E-004   3.3780629000000000E-006
  -2.2500000000000000       -2.0000000000000000        1.3570893000000001E-004   2.8077284999999999E-006
  -2.0000000000000000       -1.7500000000000000        1.6752101000000000E-004   3.0654486000000000E-006
  -1.7500000000000000       -1.5000000000000000        2.1896915000000001E-004   4.2623559999999997E-006
  -1.5000000000000000       -1.2500000000000000        2.5102978000000003E-004   5.2612386000000000E-006
  -1.2500000000000000       -1.0000000000000000        2.8232540000000002E-004   3.9627467999999997E-006
  -1.0000000000000000      -0.75000000000000000        3.1879038000000000E-004   4.0469919000000002E-006
 -0.75000000000000000      -0.50000000000000000        3.5421935999999999E-004   4.8561433999999999E-006
 -0.50000000000000000      -0.25000000000000000        3.6146171000000002E-004   5.7700441000000001E-006
 -0.25000000000000000        0.0000000000000000        3.6867489000000001E-004   4.5689827000000001E-006
   0.0000000000000000       0.25000000000000000        3.6421609999999998E-004   4.9646575999999996E-006
  0.25000000000000000       0.50000000000000000        3.8038086999999998E-004   6.3131306999999997E-006
  0.50000000000000000       0.75000000000000000        3.4773660000000001E-004   4.5916019999999999E-006
  0.75000000000000000        1.0000000000000000        3.3842169000000000E-004   5.5015101000000004E-006
   1.0000000000000000        1.2500000000000000        2.8681413000000000E-004   4.0519934000000001E-006
   1.2500000000000000        1.5000000000000000        2.6576805000000001E-004   4.0374512999999998E-006
   1.5000000000000000        1.7500000000000000        2.1873423000000000E-004   4.1770220000000002E-006
   1.7500000000000000        2.0000000000000000        1.7242076999999999E-004   3.2986210999999999E-006
   2.0000000000000000        2.2500000000000000        1.3597414999999999E-004   2.8430959999999998E-006
   2.2500000000000000        2.5000000000000000        1.0524665000000001E-004   4.8113531999999999E-006
