  -2.5000000000000000       -2.2500000000000000        1.4106084000000001E-004   4.6380857999999998E-006
  -2.2500000000000000       -2.0000000000000000        1.8652316999999999E-004   4.3846022999999998E-006
  -2.0000000000000000       -1.7500000000000000        2.5412897999999999E-004   5.3286356999999996E-006
  -1.7500000000000000       -1.5000000000000000        3.1085032999999998E-004   7.6453007000000007E-006
  -1.5000000000000000       -1.2500000000000000        3.6092908000000002E-004   6.8858499000000004E-006
  -1.2500000000000000       -1.0000000000000000        4.0689238000000001E-004   5.6860871999999998E-006
  -1.0000000000000000      -0.75000000000000000        4.6179366999999998E-004   6.3685010000000003E-006
 -0.75000000000000000      -0.50000000000000000        4.7810544999999998E-004   6.7529029000000001E-006
 -0.50000000000000000      -0.25000000000000000        5.1005818000000001E-004   6.6923285999999998E-006
 -0.25000000000000000        0.0000000000000000        5.5051239000000003E-004   9.2519164000000005E-006
   0.0000000000000000       0.25000000000000000        5.2883965999999999E-004   6.5605646999999998E-006
  0.25000000000000000       0.50000000000000000        5.2449088000000002E-004   6.3446285999999998E-006
  0.50000000000000000       0.75000000000000000        4.8185924999999999E-004   6.2390255999999996E-006
  0.75000000000000000        1.0000000000000000        4.6442781000000002E-004   7.5761909000000000E-006
   1.0000000000000000        1.2500000000000000        4.0149640999999998E-004   6.2936056000000002E-006
   1.2500000000000000        1.5000000000000000        3.5654966000000002E-004   7.5540182999999999E-006
   1.5000000000000000        1.7500000000000000        3.0161294999999998E-004   5.6688039000000000E-006
   1.7500000000000000        2.0000000000000000        2.4245131000000001E-004   4.5727863000000004E-006
   2.0000000000000000        2.2500000000000000        1.9631217000000000E-004   4.5926969000000003E-006
   2.2500000000000000        2.5000000000000000        1.4943606000000000E-004   4.6883484999999998E-006
