   10.000000000000000        30.000000000000000        0.0000000000000000        0.0000000000000000     
   30.000000000000000        50.000000000000000        4.4386400000000001E-007   2.3568111999999999E-008
   50.000000000000000        70.000000000000000        2.2239436000000002E-006   6.3928139999999993E-008
   70.000000000000000        90.000000000000000        4.6342312000000001E-006   8.4015727999999995E-008
   90.000000000000000        110.00000000000000        6.8322472999999996E-006   1.1487057000000000E-007
   110.00000000000000        130.00000000000000        7.6283403000000004E-006   1.0281449000000000E-007
   130.00000000000000        150.00000000000000        8.2938486999999993E-006   1.2765604000000000E-007
   150.00000000000000        170.00000000000000        8.0348679000000008E-006   9.4132630999999998E-008
   170.00000000000000        190.00000000000000        7.6241603000000002E-006   1.1444399000000001E-007
   190.00000000000000        210.00000000000000        6.7064172000000004E-006   1.0417321000000000E-007
   210.00000000000000        230.00000000000000        5.9250946000000001E-006   9.5009092000000003E-008
   230.00000000000000        250.00000000000000        5.0411237999999998E-006   7.2176207999999997E-008
   250.00000000000000        270.00000000000000        4.2411457000000001E-006   6.6876535999999995E-008
   270.00000000000000        290.00000000000000        3.6380460000000002E-006   5.3690843000000000E-008
   290.00000000000000        310.00000000000000        3.1167009000000000E-006   5.0597247999999999E-008
   310.00000000000000        330.00000000000000        2.6946767000000000E-006   5.1790510000000000E-008
   330.00000000000000        350.00000000000000        2.1822851000000000E-006   5.7167094999999999E-008
   350.00000000000000        370.00000000000000        1.7791869999999999E-006   3.6590626000000000E-008
   370.00000000000000        390.00000000000000        1.5280227999999999E-006   3.2288311000000001E-008
   390.00000000000000        410.00000000000000        1.2884996000000001E-006   3.0357798999999998E-008
   410.00000000000000        430.00000000000000        1.0436205000000001E-006   2.7315119000000002E-008
   430.00000000000000        450.00000000000000        9.3003761999999998E-007   2.5796671000000000E-008
   450.00000000000000        470.00000000000000        7.6792572000000001E-007   2.3091578000000000E-008
   470.00000000000000        490.00000000000000        6.9916999000000000E-007   2.2378873000000001E-008
   490.00000000000000        510.00000000000000        5.6344999000000005E-007   2.1165701000000000E-008
   510.00000000000000        530.00000000000000        5.0085171000000000E-007   3.5777791999999998E-008
   530.00000000000000        550.00000000000000        4.0320327000000001E-007   1.6380188999999999E-008
   550.00000000000000        570.00000000000000        3.5850250999999999E-007   1.5905512000000000E-008
   570.00000000000000        590.00000000000000        2.8355703999999999E-007   1.3463530000000000E-008
   590.00000000000000        610.00000000000000        2.5686148999999999E-007   1.3067224999999999E-008
   610.00000000000000        630.00000000000000        2.3508588000000001E-007   1.2588359000000000E-008
   630.00000000000000        650.00000000000000        2.0418847000000001E-007   1.2142699000000000E-008
   650.00000000000000        670.00000000000000        1.5017797999999999E-007   1.0138149999999999E-008
   670.00000000000000        690.00000000000000        1.5754020000000000E-007   1.0073541999999999E-008
   690.00000000000000        710.00000000000000        1.3105182999999999E-007   9.1590527999999998E-009
   710.00000000000000        730.00000000000000        9.7829787999999995E-008   7.9610246000000005E-009
   730.00000000000000        750.00000000000000        1.0526423000000000E-007   1.7335340999999999E-008
   750.00000000000000        770.00000000000000        6.6587201000000000E-008   6.5749835999999999E-009
   770.00000000000000        790.00000000000000        6.4879900999999994E-008   6.5674664000000000E-009
   790.00000000000000        810.00000000000000        6.3100986000000006E-008   6.4181039000000000E-009
   810.00000000000000        830.00000000000000        5.2710511999999998E-008   5.8712784000000003E-009
   830.00000000000000        850.00000000000000        4.5259199999999999E-008   5.2901997999999997E-009
   850.00000000000000        870.00000000000000        4.0299288000000002E-008   4.9920669000000000E-009
   870.00000000000000        890.00000000000000        3.0379463000000002E-008   4.3342733000000004E-009
   890.00000000000000        910.00000000000000        3.0999451999999997E-008   4.5498495000000002E-009
   910.00000000000000        930.00000000000000        2.0722778999999999E-008   3.8609269999999997E-009
   930.00000000000000        950.00000000000000        1.5499725999999999E-008   3.2172293999999999E-009
   950.00000000000000        970.00000000000000        1.9219660000000000E-008   3.4473565000000001E-009
   970.00000000000000        990.00000000000000        1.9888811000000000E-008   4.4949747000000001E-009
   990.00000000000000        1010.0000000000000        1.6739704000000001E-008   3.2172293999999999E-009
   1010.0000000000000        1030.0000000000000        1.2399781000000000E-008   2.9043691000000001E-009
   1030.0000000000000        1050.0000000000000        1.3639758999999999E-008   2.9043691000000001E-009
   1050.0000000000000        1070.0000000000000        1.3070343000000001E-008   2.8490417000000000E-009
   1070.0000000000000        1090.0000000000000        1.0539814000000001E-008   2.6990893999999998E-009
   1090.0000000000000        1110.0000000000000        5.5799014000000002E-009   1.8576407000000000E-009
   1110.0000000000000        1130.0000000000000        5.5799014000000002E-009   1.8576407000000000E-009
   1130.0000000000000        1150.0000000000000        1.0539814000000001E-008   2.5530830000000002E-009
   1150.0000000000000        1170.0000000000000        4.9599123000000004E-009   1.9581252999999999E-009
   1170.0000000000000        1190.0000000000000        3.7199343000000001E-009   1.5167573000000000E-009
   1190.0000000000000        1210.0000000000000        1.0539814000000001E-008   2.5530830000000002E-009
   1210.0000000000000        1230.0000000000000        4.3562441000000003E-009   1.6445153000000000E-009
   1230.0000000000000        1250.0000000000000        1.8599671000000000E-009   1.3846036000000001E-009
   1250.0000000000000        1270.0000000000000        3.0999452000000000E-009   1.3846036000000001E-009
   1270.0000000000000        1290.0000000000000        2.4799561999999998E-009   1.2384270999999999E-009
   1290.0000000000000        1310.0000000000000        2.4799561999999998E-009   1.2384270999999999E-009
   1310.0000000000000        1330.0000000000000        1.2399780999999999E-009   8.7570022999999998E-010
   1330.0000000000000        1350.0000000000000        3.0999452000000000E-009   1.3846036000000001E-009
   1350.0000000000000        1370.0000000000000        1.2399780999999999E-009   8.7570022999999998E-010
   1370.0000000000000        1390.0000000000000        1.8599671000000000E-009   1.0725094000000001E-009
   1390.0000000000000        1410.0000000000000        6.1998904000000001E-010   6.1921356999999995E-010
   1410.0000000000000        1430.0000000000000        1.8599671000000000E-009   1.0725094000000001E-009
   1430.0000000000000        1450.0000000000000        1.2399780999999999E-009   8.7570022999999998E-010
   1450.0000000000000        1470.0000000000000        0.0000000000000000        0.0000000000000000     
   1470.0000000000000        1490.0000000000000        1.8599671000000000E-009   1.0725094000000001E-009
   1490.0000000000000        1510.0000000000000        0.0000000000000000        0.0000000000000000     
   1510.0000000000000        1530.0000000000000        6.1998904000000001E-010   6.1921356999999995E-010
   1530.0000000000000        1550.0000000000000        0.0000000000000000        0.0000000000000000     
   1550.0000000000000        1570.0000000000000        6.1998904000000001E-010   6.1921356999999995E-010
   1570.0000000000000        1590.0000000000000        6.1998904000000001E-010   6.1921356999999995E-010
   1590.0000000000000        1610.0000000000000        1.2399780999999999E-009   8.7570022999999998E-010
   1610.0000000000000        1630.0000000000000        0.0000000000000000        0.0000000000000000     
   1630.0000000000000        1650.0000000000000        0.0000000000000000        0.0000000000000000     
   1650.0000000000000        1670.0000000000000        0.0000000000000000        0.0000000000000000     
   1670.0000000000000        1690.0000000000000        0.0000000000000000        0.0000000000000000     
   1690.0000000000000        1710.0000000000000        0.0000000000000000        0.0000000000000000     
   1710.0000000000000        1730.0000000000000        6.1998904000000001E-010   6.1921356999999995E-010
   1730.0000000000000        1750.0000000000000        0.0000000000000000        0.0000000000000000     
   1750.0000000000000        1770.0000000000000        0.0000000000000000        0.0000000000000000     
   1770.0000000000000        1790.0000000000000        6.1998904000000001E-010   6.1921356999999995E-010
   1790.0000000000000        1810.0000000000000        0.0000000000000000        0.0000000000000000     
   1810.0000000000000        1830.0000000000000        0.0000000000000000        0.0000000000000000     
   1830.0000000000000        1850.0000000000000        0.0000000000000000        0.0000000000000000     
   1850.0000000000000        1870.0000000000000        6.1998904000000001E-010   6.1921356999999995E-010
   1870.0000000000000        1890.0000000000000        0.0000000000000000        0.0000000000000000     
   1890.0000000000000        1910.0000000000000        0.0000000000000000        0.0000000000000000     
   1910.0000000000000        1930.0000000000000        0.0000000000000000        0.0000000000000000     
   1930.0000000000000        1950.0000000000000        0.0000000000000000        0.0000000000000000     
   1950.0000000000000        1970.0000000000000        0.0000000000000000        0.0000000000000000     
   1970.0000000000000        1990.0000000000000        0.0000000000000000        0.0000000000000000     
   1990.0000000000000        2010.0000000000000        0.0000000000000000        0.0000000000000000     
   2010.0000000000000        2030.0000000000000        0.0000000000000000        0.0000000000000000     
   2030.0000000000000        2050.0000000000000        0.0000000000000000        0.0000000000000000     
   2050.0000000000000        2070.0000000000000        0.0000000000000000        0.0000000000000000     
   2070.0000000000000        2090.0000000000000        0.0000000000000000        0.0000000000000000     
   2090.0000000000000        2110.0000000000000        0.0000000000000000        0.0000000000000000     
   2110.0000000000000        2130.0000000000000        0.0000000000000000        0.0000000000000000     
   2130.0000000000000        2150.0000000000000        0.0000000000000000        0.0000000000000000     
   2150.0000000000000        2170.0000000000000        0.0000000000000000        0.0000000000000000     
   2170.0000000000000        2190.0000000000000        0.0000000000000000        0.0000000000000000     
   2190.0000000000000        2210.0000000000000        0.0000000000000000        0.0000000000000000     
   2210.0000000000000        2230.0000000000000        0.0000000000000000        0.0000000000000000     
   2230.0000000000000        2250.0000000000000        0.0000000000000000        0.0000000000000000     
   2250.0000000000000        2270.0000000000000        0.0000000000000000        0.0000000000000000     
   2270.0000000000000        2290.0000000000000        0.0000000000000000        0.0000000000000000     
   2290.0000000000000        2310.0000000000000        0.0000000000000000        0.0000000000000000     
   2310.0000000000000        2330.0000000000000        0.0000000000000000        0.0000000000000000     
   2330.0000000000000        2350.0000000000000        0.0000000000000000        0.0000000000000000     
   2350.0000000000000        2370.0000000000000        0.0000000000000000        0.0000000000000000     
   2370.0000000000000        2390.0000000000000        0.0000000000000000        0.0000000000000000     
   2390.0000000000000        2410.0000000000000        0.0000000000000000        0.0000000000000000     
   2410.0000000000000        2430.0000000000000        0.0000000000000000        0.0000000000000000     
   2430.0000000000000        2450.0000000000000        0.0000000000000000        0.0000000000000000     
   2450.0000000000000        2470.0000000000000        0.0000000000000000        0.0000000000000000     
   2470.0000000000000        2490.0000000000000        0.0000000000000000        0.0000000000000000     
   2490.0000000000000        2510.0000000000000        0.0000000000000000        0.0000000000000000     
   2510.0000000000000        2530.0000000000000        0.0000000000000000        0.0000000000000000     
   2530.0000000000000        2550.0000000000000        0.0000000000000000        0.0000000000000000     
   2550.0000000000000        2570.0000000000000        0.0000000000000000        0.0000000000000000     
   2570.0000000000000        2590.0000000000000        0.0000000000000000        0.0000000000000000     
   2590.0000000000000        2610.0000000000000        0.0000000000000000        0.0000000000000000     
   2610.0000000000000        2630.0000000000000        0.0000000000000000        0.0000000000000000     
   2630.0000000000000        2650.0000000000000        0.0000000000000000        0.0000000000000000     
   2650.0000000000000        2670.0000000000000        0.0000000000000000        0.0000000000000000     
   2670.0000000000000        2690.0000000000000        0.0000000000000000        0.0000000000000000     
   2690.0000000000000        2710.0000000000000        0.0000000000000000        0.0000000000000000     
   2710.0000000000000        2730.0000000000000        0.0000000000000000        0.0000000000000000     
   2730.0000000000000        2750.0000000000000        0.0000000000000000        0.0000000000000000     
   2750.0000000000000        2770.0000000000000        0.0000000000000000        0.0000000000000000     
   2770.0000000000000        2790.0000000000000        0.0000000000000000        0.0000000000000000     
   2790.0000000000000        2810.0000000000000        0.0000000000000000        0.0000000000000000     
   2810.0000000000000        2830.0000000000000        0.0000000000000000        0.0000000000000000     
   2830.0000000000000        2850.0000000000000        0.0000000000000000        0.0000000000000000     
   2850.0000000000000        2870.0000000000000        0.0000000000000000        0.0000000000000000     
   2870.0000000000000        2890.0000000000000        0.0000000000000000        0.0000000000000000     
   2890.0000000000000        2910.0000000000000        0.0000000000000000        0.0000000000000000     
   2910.0000000000000        2930.0000000000000        0.0000000000000000        0.0000000000000000     
   2930.0000000000000        2950.0000000000000        0.0000000000000000        0.0000000000000000     
   2950.0000000000000        2970.0000000000000        0.0000000000000000        0.0000000000000000     
   2970.0000000000000        2990.0000000000000        0.0000000000000000        0.0000000000000000     
   2990.0000000000000        3010.0000000000000        0.0000000000000000        0.0000000000000000     
   3010.0000000000000        3030.0000000000000        0.0000000000000000        0.0000000000000000     
   3030.0000000000000        3050.0000000000000        0.0000000000000000        0.0000000000000000     
   3050.0000000000000        3070.0000000000000        0.0000000000000000        0.0000000000000000     
   3070.0000000000000        3090.0000000000000        0.0000000000000000        0.0000000000000000     
   3090.0000000000000        3110.0000000000000        0.0000000000000000        0.0000000000000000     
   3110.0000000000000        3130.0000000000000        0.0000000000000000        0.0000000000000000     
   3130.0000000000000        3150.0000000000000        0.0000000000000000        0.0000000000000000     
   3150.0000000000000        3170.0000000000000        0.0000000000000000        0.0000000000000000     
   3170.0000000000000        3190.0000000000000        0.0000000000000000        0.0000000000000000     
   3190.0000000000000        3210.0000000000000        0.0000000000000000        0.0000000000000000     
   3210.0000000000000        3230.0000000000000        0.0000000000000000        0.0000000000000000     
   3230.0000000000000        3250.0000000000000        0.0000000000000000        0.0000000000000000     
   3250.0000000000000        3270.0000000000000        0.0000000000000000        0.0000000000000000     
   3270.0000000000000        3290.0000000000000        0.0000000000000000        0.0000000000000000     
   3290.0000000000000        3310.0000000000000        0.0000000000000000        0.0000000000000000     
   3310.0000000000000        3330.0000000000000        0.0000000000000000        0.0000000000000000     
   3330.0000000000000        3350.0000000000000        0.0000000000000000        0.0000000000000000     
   3350.0000000000000        3370.0000000000000        0.0000000000000000        0.0000000000000000     
   3370.0000000000000        3390.0000000000000        0.0000000000000000        0.0000000000000000     
   3390.0000000000000        3410.0000000000000        0.0000000000000000        0.0000000000000000     
   3410.0000000000000        3430.0000000000000        0.0000000000000000        0.0000000000000000     
   3430.0000000000000        3450.0000000000000        0.0000000000000000        0.0000000000000000     
   3450.0000000000000        3470.0000000000000        0.0000000000000000        0.0000000000000000     
   3470.0000000000000        3490.0000000000000        0.0000000000000000        0.0000000000000000     
   3490.0000000000000        3510.0000000000000        0.0000000000000000        0.0000000000000000     
   3510.0000000000000        3530.0000000000000        0.0000000000000000        0.0000000000000000     
   3530.0000000000000        3550.0000000000000        0.0000000000000000        0.0000000000000000     
   3550.0000000000000        3570.0000000000000        0.0000000000000000        0.0000000000000000     
   3570.0000000000000        3590.0000000000000        0.0000000000000000        0.0000000000000000     
   3590.0000000000000        3610.0000000000000        0.0000000000000000        0.0000000000000000     
   3610.0000000000000        3630.0000000000000        0.0000000000000000        0.0000000000000000     
   3630.0000000000000        3650.0000000000000        0.0000000000000000        0.0000000000000000     
   3650.0000000000000        3670.0000000000000        0.0000000000000000        0.0000000000000000     
   3670.0000000000000        3690.0000000000000        0.0000000000000000        0.0000000000000000     
   3690.0000000000000        3710.0000000000000        0.0000000000000000        0.0000000000000000     
   3710.0000000000000        3730.0000000000000        0.0000000000000000        0.0000000000000000     
   3730.0000000000000        3750.0000000000000        0.0000000000000000        0.0000000000000000     
   3750.0000000000000        3770.0000000000000        0.0000000000000000        0.0000000000000000     
   3770.0000000000000        3790.0000000000000        0.0000000000000000        0.0000000000000000     
   3790.0000000000000        3810.0000000000000        0.0000000000000000        0.0000000000000000     
   3810.0000000000000        3830.0000000000000        0.0000000000000000        0.0000000000000000     
   3830.0000000000000        3850.0000000000000        0.0000000000000000        0.0000000000000000     
   3850.0000000000000        3870.0000000000000        0.0000000000000000        0.0000000000000000     
   3870.0000000000000        3890.0000000000000        0.0000000000000000        0.0000000000000000     
   3890.0000000000000        3910.0000000000000        0.0000000000000000        0.0000000000000000     
   3910.0000000000000        3930.0000000000000        0.0000000000000000        0.0000000000000000     
   3930.0000000000000        3950.0000000000000        0.0000000000000000        0.0000000000000000     
   3950.0000000000000        3970.0000000000000        0.0000000000000000        0.0000000000000000     
   3970.0000000000000        3990.0000000000000        0.0000000000000000        0.0000000000000000     
   3990.0000000000000        4010.0000000000000        0.0000000000000000        0.0000000000000000     
   4010.0000000000000        4030.0000000000000        0.0000000000000000        0.0000000000000000     
   4030.0000000000000        4050.0000000000000        0.0000000000000000        0.0000000000000000     
   4050.0000000000000        4070.0000000000000        0.0000000000000000        0.0000000000000000     
   4070.0000000000000        4090.0000000000000        0.0000000000000000        0.0000000000000000     
   4090.0000000000000        4110.0000000000000        0.0000000000000000        0.0000000000000000     
   4110.0000000000000        4130.0000000000000        0.0000000000000000        0.0000000000000000     
   4130.0000000000000        4150.0000000000000        0.0000000000000000        0.0000000000000000     
   4150.0000000000000        4170.0000000000000        0.0000000000000000        0.0000000000000000     
   4170.0000000000000        4190.0000000000000        0.0000000000000000        0.0000000000000000     
   4190.0000000000000        4210.0000000000000        0.0000000000000000        0.0000000000000000     
   4210.0000000000000        4230.0000000000000        0.0000000000000000        0.0000000000000000     
   4230.0000000000000        4250.0000000000000        0.0000000000000000        0.0000000000000000     
   4250.0000000000000        4270.0000000000000        0.0000000000000000        0.0000000000000000     
   4270.0000000000000        4290.0000000000000        0.0000000000000000        0.0000000000000000     
   4290.0000000000000        4310.0000000000000        0.0000000000000000        0.0000000000000000     
   4310.0000000000000        4330.0000000000000        0.0000000000000000        0.0000000000000000     
   4330.0000000000000        4350.0000000000000        0.0000000000000000        0.0000000000000000     
   4350.0000000000000        4370.0000000000000        0.0000000000000000        0.0000000000000000     
   4370.0000000000000        4390.0000000000000        0.0000000000000000        0.0000000000000000     
   4390.0000000000000        4410.0000000000000        0.0000000000000000        0.0000000000000000     
   4410.0000000000000        4430.0000000000000        0.0000000000000000        0.0000000000000000     
   4430.0000000000000        4450.0000000000000        0.0000000000000000        0.0000000000000000     
   4450.0000000000000        4470.0000000000000        0.0000000000000000        0.0000000000000000     
   4470.0000000000000        4490.0000000000000        0.0000000000000000        0.0000000000000000     
   4490.0000000000000        4510.0000000000000        0.0000000000000000        0.0000000000000000     
   4510.0000000000000        4530.0000000000000        0.0000000000000000        0.0000000000000000     
   4530.0000000000000        4550.0000000000000        0.0000000000000000        0.0000000000000000     
   4550.0000000000000        4570.0000000000000        0.0000000000000000        0.0000000000000000     
   4570.0000000000000        4590.0000000000000        0.0000000000000000        0.0000000000000000     
   4590.0000000000000        4610.0000000000000        0.0000000000000000        0.0000000000000000     
   4610.0000000000000        4630.0000000000000        0.0000000000000000        0.0000000000000000     
   4630.0000000000000        4650.0000000000000        0.0000000000000000        0.0000000000000000     
   4650.0000000000000        4670.0000000000000        0.0000000000000000        0.0000000000000000     
   4670.0000000000000        4690.0000000000000        0.0000000000000000        0.0000000000000000     
   4690.0000000000000        4710.0000000000000        0.0000000000000000        0.0000000000000000     
   4710.0000000000000        4730.0000000000000        0.0000000000000000        0.0000000000000000     
   4730.0000000000000        4750.0000000000000        0.0000000000000000        0.0000000000000000     
   4750.0000000000000        4770.0000000000000        0.0000000000000000        0.0000000000000000     
   4770.0000000000000        4790.0000000000000        0.0000000000000000        0.0000000000000000     
   4790.0000000000000        4810.0000000000000        0.0000000000000000        0.0000000000000000     
   4810.0000000000000        4830.0000000000000        0.0000000000000000        0.0000000000000000     
   4830.0000000000000        4850.0000000000000        0.0000000000000000        0.0000000000000000     
   4850.0000000000000        4870.0000000000000        0.0000000000000000        0.0000000000000000     
   4870.0000000000000        4890.0000000000000        0.0000000000000000        0.0000000000000000     
   4890.0000000000000        4910.0000000000000        0.0000000000000000        0.0000000000000000     
   4910.0000000000000        4930.0000000000000        0.0000000000000000        0.0000000000000000     
   4930.0000000000000        4950.0000000000000        0.0000000000000000        0.0000000000000000     
   4950.0000000000000        4970.0000000000000        0.0000000000000000        0.0000000000000000     
   4970.0000000000000        4990.0000000000000        0.0000000000000000        0.0000000000000000     
   4990.0000000000000        5010.0000000000000        0.0000000000000000        0.0000000000000000     
   5010.0000000000000        5030.0000000000000        0.0000000000000000        0.0000000000000000     
   5030.0000000000000        5050.0000000000000        0.0000000000000000        0.0000000000000000     
   5050.0000000000000        5070.0000000000000        0.0000000000000000        0.0000000000000000     
   5070.0000000000000        5090.0000000000000        0.0000000000000000        0.0000000000000000     
   5090.0000000000000        5110.0000000000000        0.0000000000000000        0.0000000000000000     
   5110.0000000000000        5130.0000000000000        0.0000000000000000        0.0000000000000000     
   5130.0000000000000        5150.0000000000000        0.0000000000000000        0.0000000000000000     
   5150.0000000000000        5170.0000000000000        0.0000000000000000        0.0000000000000000     
   5170.0000000000000        5190.0000000000000        0.0000000000000000        0.0000000000000000     
   5190.0000000000000        5210.0000000000000        0.0000000000000000        0.0000000000000000     
   5210.0000000000000        5230.0000000000000        0.0000000000000000        0.0000000000000000     
   5230.0000000000000        5250.0000000000000        0.0000000000000000        0.0000000000000000     
   5250.0000000000000        5270.0000000000000        0.0000000000000000        0.0000000000000000     
   5270.0000000000000        5290.0000000000000        0.0000000000000000        0.0000000000000000     
   5290.0000000000000        5310.0000000000000        0.0000000000000000        0.0000000000000000     
   5310.0000000000000        5330.0000000000000        0.0000000000000000        0.0000000000000000     
   5330.0000000000000        5350.0000000000000        0.0000000000000000        0.0000000000000000     
   5350.0000000000000        5370.0000000000000        0.0000000000000000        0.0000000000000000     
   5370.0000000000000        5390.0000000000000        0.0000000000000000        0.0000000000000000     
   5390.0000000000000        5410.0000000000000        0.0000000000000000        0.0000000000000000     
   5410.0000000000000        5430.0000000000000        0.0000000000000000        0.0000000000000000     
   5430.0000000000000        5450.0000000000000        0.0000000000000000        0.0000000000000000     
   5450.0000000000000        5470.0000000000000        0.0000000000000000        0.0000000000000000     
   5470.0000000000000        5490.0000000000000        0.0000000000000000        0.0000000000000000     
   5490.0000000000000        5510.0000000000000        0.0000000000000000        0.0000000000000000     
   5510.0000000000000        5530.0000000000000        0.0000000000000000        0.0000000000000000     
   5530.0000000000000        5550.0000000000000        0.0000000000000000        0.0000000000000000     
   5550.0000000000000        5570.0000000000000        0.0000000000000000        0.0000000000000000     
   5570.0000000000000        5590.0000000000000        0.0000000000000000        0.0000000000000000     
   5590.0000000000000        5610.0000000000000        0.0000000000000000        0.0000000000000000     
   5610.0000000000000        5630.0000000000000        0.0000000000000000        0.0000000000000000     
   5630.0000000000000        5650.0000000000000        0.0000000000000000        0.0000000000000000     
   5650.0000000000000        5670.0000000000000        0.0000000000000000        0.0000000000000000     
   5670.0000000000000        5690.0000000000000        0.0000000000000000        0.0000000000000000     
   5690.0000000000000        5710.0000000000000        0.0000000000000000        0.0000000000000000     
   5710.0000000000000        5730.0000000000000        0.0000000000000000        0.0000000000000000     
   5730.0000000000000        5750.0000000000000        0.0000000000000000        0.0000000000000000     
   5750.0000000000000        5770.0000000000000        0.0000000000000000        0.0000000000000000     
   5770.0000000000000        5790.0000000000000        0.0000000000000000        0.0000000000000000     
   5790.0000000000000        5810.0000000000000        0.0000000000000000        0.0000000000000000     
   5810.0000000000000        5830.0000000000000        0.0000000000000000        0.0000000000000000     
   5830.0000000000000        5850.0000000000000        0.0000000000000000        0.0000000000000000     
   5850.0000000000000        5870.0000000000000        0.0000000000000000        0.0000000000000000     
   5870.0000000000000        5890.0000000000000        0.0000000000000000        0.0000000000000000     
   5890.0000000000000        5910.0000000000000        0.0000000000000000        0.0000000000000000     
   5910.0000000000000        5930.0000000000000        0.0000000000000000        0.0000000000000000     
   5930.0000000000000        5950.0000000000000        0.0000000000000000        0.0000000000000000     
   5950.0000000000000        5970.0000000000000        0.0000000000000000        0.0000000000000000     
   5970.0000000000000        5990.0000000000000        0.0000000000000000        0.0000000000000000     
   5990.0000000000000        6010.0000000000000        0.0000000000000000        0.0000000000000000     
