  -9.0000000000000000       -8.7500000000000000        0.0000000000000000        0.0000000000000000     
  -8.7500000000000000       -8.5000000000000000        6.9975724999999999E-008   6.9888199999999994E-008
  -8.5000000000000000       -8.2500000000000000        1.6829400000000001E-006   1.6808350000000000E-006
  -8.2500000000000000       -8.0000000000000000        6.5753988999999996E-006   5.2664743999999998E-006
  -8.0000000000000000       -7.7500000000000000        3.9179524999999997E-006   1.9572592000000001E-006
  -7.7500000000000000       -7.5000000000000000        2.5397892000000001E-005   6.6457373999999999E-006
  -7.5000000000000000       -7.2500000000000000        2.0364474000000000E-005   3.5175381999999999E-006
  -7.2500000000000000       -7.0000000000000000        3.9190846999999999E-005   4.5084508000000004E-006
  -7.0000000000000000       -6.7500000000000000        4.9982684000000001E-005   4.0754654000000000E-006
  -6.7500000000000000       -6.5000000000000000        7.2813087000000000E-005   5.0613932000000003E-006
  -6.5000000000000000       -6.2500000000000000        9.0747417000000004E-005   4.0641416999999998E-006
  -6.2500000000000000       -6.0000000000000000        1.2339733999999999E-004   4.1238276000000004E-006
  -6.0000000000000000       -5.7500000000000000        1.5059361000000000E-004   4.1809222000000001E-006
  -5.7500000000000000       -5.5000000000000000        1.7436040999999999E-004   3.9366686000000004E-006
  -5.5000000000000000       -5.2500000000000000        2.0388080000000001E-004   4.0655465000000000E-006
  -5.2500000000000000       -5.0000000000000000        2.2357888999999999E-004   3.8005277000000000E-006
  -5.0000000000000000       -4.7500000000000000        2.6195909000000000E-004   4.1564762999999999E-006
  -4.7500000000000000       -4.5000000000000000        2.7723743000000002E-004   4.0054051000000001E-006
  -4.5000000000000000       -4.2500000000000000        2.8811438000000001E-004   3.9322074999999999E-006
  -4.2500000000000000       -4.0000000000000000        2.9197228000000001E-004   3.9238561000000002E-006
  -4.0000000000000000       -3.7500000000000000        2.8352397000000002E-004   3.8653970000000004E-006
  -3.7500000000000000       -3.5000000000000000        2.6814674000000000E-004   3.7037305999999998E-006
  -3.5000000000000000       -3.2500000000000000        2.4404761999999999E-004   3.5102014999999998E-006
  -3.2500000000000000       -3.0000000000000000        2.1689277000000001E-004   3.3436102000000002E-006
  -3.0000000000000000       -2.7500000000000000        1.8948614999999999E-004   3.0977088000000002E-006
  -2.7500000000000000       -2.5000000000000000        1.4696503999999999E-004   2.7066424000000001E-006
  -2.5000000000000000       -2.2500000000000000        0.0000000000000000        0.0000000000000000     
  -2.2500000000000000       -2.0000000000000000        0.0000000000000000        0.0000000000000000     
  -2.0000000000000000       -1.7500000000000000        0.0000000000000000        0.0000000000000000     
  -1.7500000000000000       -1.5000000000000000        0.0000000000000000        0.0000000000000000     
  -1.5000000000000000       -1.2500000000000000        0.0000000000000000        0.0000000000000000     
  -1.2500000000000000       -1.0000000000000000        0.0000000000000000        0.0000000000000000     
  -1.0000000000000000      -0.75000000000000000        0.0000000000000000        0.0000000000000000     
 -0.75000000000000000      -0.50000000000000000        0.0000000000000000        0.0000000000000000     
 -0.50000000000000000      -0.25000000000000000        0.0000000000000000        0.0000000000000000     
 -0.25000000000000000        0.0000000000000000        0.0000000000000000        0.0000000000000000     
   0.0000000000000000       0.25000000000000000        0.0000000000000000        0.0000000000000000     
  0.25000000000000000       0.50000000000000000        0.0000000000000000        0.0000000000000000     
  0.50000000000000000       0.75000000000000000        0.0000000000000000        0.0000000000000000     
  0.75000000000000000        1.0000000000000000        0.0000000000000000        0.0000000000000000     
   1.0000000000000000        1.2500000000000000        0.0000000000000000        0.0000000000000000     
   1.2500000000000000        1.5000000000000000        0.0000000000000000        0.0000000000000000     
   1.5000000000000000        1.7500000000000000        0.0000000000000000        0.0000000000000000     
   1.7500000000000000        2.0000000000000000        0.0000000000000000        0.0000000000000000     
   2.0000000000000000        2.2500000000000000        0.0000000000000000        0.0000000000000000     
   2.2500000000000000        2.5000000000000000        0.0000000000000000        0.0000000000000000     
   2.5000000000000000        2.7500000000000000        1.5016193000000000E-004   2.7407804000000001E-006
   2.7500000000000000        3.0000000000000000        1.8852788000000000E-004   3.0819106000000000E-006
   3.0000000000000000        3.2500000000000000        2.1785374000000000E-004   3.3053430000000001E-006
   3.2500000000000000        3.5000000000000000        2.4992116000000002E-004   3.5459141000000001E-006
   3.5000000000000000        3.7500000000000000        2.7424135000000000E-004   3.7534886999999998E-006
   3.7500000000000000        4.0000000000000000        2.8862670999999998E-004   5.0716129999999996E-006
   4.0000000000000000        4.2500000000000000        2.9217829999999997E-004   3.9499903000000003E-006
   4.2500000000000000        4.5000000000000000        2.8739249999999998E-004   3.9752899000000001E-006
   4.5000000000000000        4.7500000000000000        2.6908561000000002E-004   3.8872485999999999E-006
   4.7500000000000000        5.0000000000000000        2.5000009000000003E-004   4.5440873000000003E-006
   5.0000000000000000        5.2500000000000000        2.3464332000000001E-004   4.0024251000000000E-006
   5.2500000000000000        5.5000000000000000        2.0083863000000001E-004   3.9567899000000002E-006
   5.5000000000000000        5.7500000000000000        1.7246298000000000E-004   4.0442247000000004E-006
   5.7500000000000000        6.0000000000000000        1.5038418999999999E-004   4.3477372000000002E-006
   6.0000000000000000        6.2500000000000000        1.1259203000000000E-004   4.2789702000000003E-006
   6.2500000000000000        6.5000000000000000        9.4743708999999997E-005   5.2999666000000000E-006
   6.5000000000000000        6.7500000000000000        6.8518009000000002E-005   4.0780833999999999E-006
   6.7500000000000000        7.0000000000000000        5.2738763999999999E-005   5.9217341000000000E-006
   7.0000000000000000        7.2500000000000000        4.1775759999999998E-005   6.8938658999999997E-006
   7.2500000000000000        7.5000000000000000        2.8412285000000001E-005   4.8184715000000001E-006
   7.5000000000000000        7.7500000000000000        1.3761099000000000E-005   4.0700780000000000E-006
   7.7500000000000000        8.0000000000000000        7.4499108999999998E-006   2.7721599000000001E-006
   8.0000000000000000        8.2500000000000000        3.6646480000000001E-006   1.4595040000000001E-006
   8.2500000000000000        8.5000000000000000        1.0376722999999999E-006   6.1462981000000004E-007
   8.5000000000000000        8.7500000000000000        2.4191368999999999E-006   2.1009041000000001E-006
   8.7500000000000000        9.0000000000000000        0.0000000000000000        0.0000000000000000     
