  -2.5000000000000000       -2.2500000000000000        1.5273106000000000E-004   5.3309641000000001E-006
  -2.2500000000000000       -2.0000000000000000        1.9040372000000001E-004   3.9388501000000004E-006
  -2.0000000000000000       -1.7500000000000000        2.3611085000000001E-004   4.3104126000000002E-006
  -1.7500000000000000       -1.5000000000000000        3.1001331000000000E-004   6.0644682999999999E-006
  -1.5000000000000000       -1.2500000000000000        3.5555964000000002E-004   7.5089984999999997E-006
  -1.2500000000000000       -1.0000000000000000        3.9938141999999998E-004   6.0402143000000000E-006
  -1.0000000000000000      -0.75000000000000000        4.4812109999999998E-004   5.6676396000000002E-006
 -0.75000000000000000      -0.50000000000000000        4.9845271999999997E-004   6.8754794000000003E-006
 -0.50000000000000000      -0.25000000000000000        5.1061620000000005E-004   8.0713289999999994E-006
 -0.25000000000000000        0.0000000000000000        5.2071200999999996E-004   6.6573411000000002E-006
   0.0000000000000000       0.25000000000000000        5.1246725000000004E-004   7.0510032999999996E-006
  0.25000000000000000       0.50000000000000000        5.3745314999999996E-004   8.9609074999999997E-006
  0.50000000000000000       0.75000000000000000        4.8960617000000004E-004   6.4722067999999997E-006
  0.75000000000000000        1.0000000000000000        4.7610734000000002E-004   7.7859634999999998E-006
   1.0000000000000000        1.2500000000000000        4.0558939000000000E-004   5.8030670000000001E-006
   1.2500000000000000        1.5000000000000000        3.7495715999999999E-004   5.7151783000000004E-006
   1.5000000000000000        1.7500000000000000        3.0729869999999998E-004   5.8042030000000001E-006
   1.7500000000000000        2.0000000000000000        2.4297420000000001E-004   4.6336809000000000E-006
   2.0000000000000000        2.2500000000000000        1.9124902000000000E-004   3.9825526999999997E-006
   2.2500000000000000        2.5000000000000000        1.4852619999999999E-004   6.7378490000000000E-006
