  -4.5000000000000000       -4.2500000000000000        9.6293724999999994E-007   9.4824227000000000E-007
  -4.2500000000000000       -4.0000000000000000        1.2793713000000001E-007   6.4189987000000000E-008
  -4.0000000000000000       -3.7500000000000000        5.4122657000000003E-007   3.7419367000000002E-007
  -3.7500000000000000       -3.5000000000000000        5.5031786999999997E-007   1.8395920000000000E-007
  -3.5000000000000000       -3.2500000000000000        4.8040698000000000E-007   1.3244372999999999E-007
  -3.2500000000000000       -3.0000000000000000        1.4459864999999999E-006   3.3138977000000002E-007
  -3.0000000000000000       -2.7500000000000000        1.9584595000000000E-006   8.3260819999999997E-007
  -2.7500000000000000       -2.5000000000000000        1.4995819999999999E-006   3.9165939000000001E-007
  -2.5000000000000000       -2.2500000000000000        1.1832912000000000E-006   2.4550976000000001E-007
  -2.2500000000000000       -2.0000000000000000        1.4045967999999999E-006   3.0106700000000001E-007
  -2.0000000000000000       -1.7500000000000000        7.6282289999999998E-007   1.8299330000000001E-007
  -1.7500000000000000       -1.5000000000000000        7.7829028000000003E-007   2.2039400999999999E-007
  -1.5000000000000000       -1.2500000000000000        6.7094326999999995E-007   1.8244239000000000E-007
  -1.2500000000000000       -1.0000000000000000        6.6443759000000003E-007   3.8938381000000001E-007
  -1.0000000000000000      -0.75000000000000000        4.7921022000000002E-007   1.6329103999999999E-007
 -0.75000000000000000      -0.50000000000000000        1.5379402000000000E-007   6.9724007999999999E-008
 -0.50000000000000000      -0.25000000000000000        4.9056699000000002E-007   3.4809228000000000E-007
 -0.25000000000000000        0.0000000000000000        1.9554342999999999E-007   8.1400278000000004E-008
   0.0000000000000000       0.25000000000000000        1.5565959999999999E-008   1.5546490000000000E-008
  0.25000000000000000       0.50000000000000000        3.6552445999999999E-007   1.5990868000000001E-007
  0.50000000000000000       0.75000000000000000        1.8243090999999999E-007   7.2478469000000003E-008
  0.75000000000000000        1.0000000000000000        6.7155329999999995E-007   1.5489481000000001E-007
   1.0000000000000000        1.2500000000000000        4.4959365999999998E-007   1.1801859000000000E-007
   1.2500000000000000        1.5000000000000000        1.2760974000000000E-006   3.0870025000000001E-007
   1.5000000000000000        1.7500000000000000        1.0049043000000000E-006   3.0792909000000001E-007
   1.7500000000000000        2.0000000000000000        1.4017680000000000E-006   5.1498199000000004E-007
   2.0000000000000000        2.2500000000000000        1.0666291000000000E-006   2.7360214000000000E-007
   2.2500000000000000        2.5000000000000000        1.7273247000000000E-006   5.8320456000000001E-007
   2.5000000000000000        2.7500000000000000        1.2829331000000000E-006   2.3666178000000000E-007
   2.7500000000000000        3.0000000000000000        1.0237830000000000E-006   3.0858875000000000E-007
   3.0000000000000000        3.2500000000000000        9.2067222999999999E-007   2.6956377000000000E-007
   3.2500000000000000        3.5000000000000000        1.2455456000000000E-006   3.6287853999999998E-007
   3.5000000000000000        3.7500000000000000        3.5438792000000001E-007   1.5521179999999999E-007
   3.7500000000000000        4.0000000000000000        1.7859904999999999E-007   7.5076037000000005E-008
   4.0000000000000000        4.2500000000000000        1.8182049000000000E-007   1.0037508000000000E-007
   4.2500000000000000        4.5000000000000000        1.1235547000000000E-007   7.2591248000000004E-008
