  -4.5000000000000000       -4.2500000000000000        1.6378930000000001E-008   1.6358442999999999E-008
  -4.2500000000000000       -4.0000000000000000        1.6577013000000001E-008   1.6556278999999999E-008
  -4.0000000000000000       -3.7500000000000000        2.5190074999999999E-007   2.0290128000000001E-007
  -3.7500000000000000       -3.5000000000000000        3.3244720000000000E-007   1.6749068000000000E-007
  -3.5000000000000000       -3.2500000000000000        3.2534334000000002E-007   1.7994882000000000E-007
  -3.2500000000000000       -3.0000000000000000        2.9280815999999998E-007   1.7835585000000000E-007
  -3.0000000000000000       -2.7500000000000000        1.3023314000000000E-006   5.4622048999999995E-007
  -2.7500000000000000       -2.5000000000000000        9.5191855000000000E-007   2.6338674999999999E-007
  -2.5000000000000000       -2.2500000000000000        1.9921310000000002E-006   6.4520310000000000E-007
  -2.2500000000000000       -2.0000000000000000        1.5067162000000000E-006   2.2825789000000000E-007
  -2.0000000000000000       -1.7500000000000000        1.5438325000000001E-006   3.9936351000000002E-007
  -1.7500000000000000       -1.5000000000000000        1.0076394000000001E-006   2.0181710999999999E-007
  -1.5000000000000000       -1.2500000000000000        9.3906401999999996E-007   1.7182369999999999E-007
  -1.2500000000000000       -1.0000000000000000        9.7000929000000006E-007   2.2312751999999999E-007
  -1.0000000000000000      -0.75000000000000000        5.3743537000000001E-007   1.4186414000000001E-007
 -0.75000000000000000      -0.50000000000000000        4.1911043000000002E-007   1.1516928000000000E-007
 -0.50000000000000000      -0.25000000000000000        4.8708747000000004E-007   1.4503041000000000E-007
 -0.25000000000000000        0.0000000000000000        3.9342806000000000E-007   1.3848836000000000E-007
   0.0000000000000000       0.25000000000000000        7.4370731000000002E-007   3.8873140000000001E-007
  0.25000000000000000       0.50000000000000000        5.5357675999999996E-007   2.1250345000000000E-007
  0.50000000000000000       0.75000000000000000        6.5245082000000001E-007   1.4611981000000001E-007
  0.75000000000000000        1.0000000000000000        1.0593786000000001E-006   2.7439544000000000E-007
   1.0000000000000000        1.2500000000000000        1.9023463999999999E-006   6.4078076999999999E-007
   1.2500000000000000        1.5000000000000000        8.7089630999999995E-007   1.6827099000000000E-007
   1.5000000000000000        1.7500000000000000        1.3158538000000001E-006   2.5847195999999997E-007
   1.7500000000000000        2.0000000000000000        1.7777355999999999E-006   6.5977785999999996E-007
   2.0000000000000000        2.2500000000000000        1.1285157000000001E-006   2.7982939000000000E-007
   2.2500000000000000        2.5000000000000000        1.7333226000000000E-006   9.7668261999999996E-007
   2.5000000000000000        2.7500000000000000        1.1561653000000000E-006   4.2168470000000000E-007
   2.7500000000000000        3.0000000000000000        4.4740826000000000E-007   2.1985360000000001E-007
   3.0000000000000000        3.2500000000000000        7.5455488999999999E-007   3.7254109999999999E-007
   3.2500000000000000        3.5000000000000000        1.4000769999999999E-007   6.1144972000000000E-008
   3.5000000000000000        3.7500000000000000        1.0804762000000000E-007   6.4181301000000004E-008
   3.7500000000000000        4.0000000000000000        9.8825133000000006E-008   6.0518541000000003E-008
   4.0000000000000000        4.2500000000000000        1.8241971000000000E-008   1.8219153999999999E-008
   4.2500000000000000        4.5000000000000000        6.4645375999999995E-008   4.5658749000000001E-008
