  -2.5000000000000000       -2.2500000000000000        8.1091646999999996E-007   5.2892650999999995E-007
  -2.2500000000000000       -2.0000000000000000        3.6543639000000000E-007   1.3501047000000000E-007
  -2.0000000000000000       -1.7500000000000000        9.3001930000000001E-007   2.0334771999999999E-007
  -1.7500000000000000       -1.5000000000000000        1.9432624000000001E-006   6.4190606000000001E-007
  -1.5000000000000000       -1.2500000000000000        1.6526611999999999E-006   3.3892493999999999E-007
  -1.2500000000000000       -1.0000000000000000        1.6506727000000000E-006   6.4897212999999996E-007
  -1.0000000000000000      -0.75000000000000000        1.1416441000000001E-006   2.0475407000000000E-007
 -0.75000000000000000      -0.50000000000000000        1.3267505000000000E-006   2.9701866999999999E-007
 -0.50000000000000000      -0.25000000000000000        2.0359388999999999E-006   3.3649468000000000E-007
 -0.25000000000000000        0.0000000000000000        2.0416651999999998E-006   4.9998320999999995E-007
   0.0000000000000000       0.25000000000000000        1.3644955999999999E-006   2.3925751000000001E-007
  0.25000000000000000       0.50000000000000000        2.3674516999999999E-006   6.9301321000000003E-007
  0.50000000000000000       0.75000000000000000        1.7182689000000000E-006   3.9697120000000000E-007
  0.75000000000000000        1.0000000000000000        1.1315782000000000E-006   2.6077068999999999E-007
   1.0000000000000000        1.2500000000000000        2.7042650000000002E-006   1.0297399999999999E-006
   1.2500000000000000        1.5000000000000000        1.3343068000000000E-006   2.5337988999999998E-007
   1.5000000000000000        1.7500000000000000        1.2147376000000000E-006   2.8977720000000000E-007
   1.7500000000000000        2.0000000000000000        1.0571913000000000E-006   3.9942500999999997E-007
   2.0000000000000000        2.2500000000000000        4.9588378999999995E-007   1.3867281000000001E-007
   2.2500000000000000        2.5000000000000000        5.2469305999999995E-007   1.9175713999999999E-007
