   0.0000000000000000        50.000000000000000        0.0000000000000000        0.0000000000000000     
   50.000000000000000        100.00000000000000        0.0000000000000000        0.0000000000000000     
   100.00000000000000        150.00000000000000        0.0000000000000000        0.0000000000000000     
   150.00000000000000        200.00000000000000        0.0000000000000000        0.0000000000000000     
   200.00000000000000        250.00000000000000        0.0000000000000000        0.0000000000000000     
   250.00000000000000        300.00000000000000        0.0000000000000000        0.0000000000000000     
   300.00000000000000        350.00000000000000        0.0000000000000000        0.0000000000000000     
   350.00000000000000        400.00000000000000        0.0000000000000000        0.0000000000000000     
   400.00000000000000        450.00000000000000        0.0000000000000000        0.0000000000000000     
   450.00000000000000        500.00000000000000        0.0000000000000000        0.0000000000000000     
   500.00000000000000        550.00000000000000        3.5099537999999998E-009   9.9077353000000009E-010
   550.00000000000000        600.00000000000000        3.3980824999999999E-009   7.6369403999999998E-010
   600.00000000000000        650.00000000000000        7.4155822000000000E-009   1.7168042000000000E-009
   650.00000000000000        700.00000000000000        5.5063058999999997E-009   1.9556899999999999E-009
   700.00000000000000        750.00000000000000        4.1653430999999998E-009   1.0795210999999999E-009
   750.00000000000000        800.00000000000000        3.9493121999999998E-009   8.5541851000000001E-010
   800.00000000000000        850.00000000000000        5.1119044999999999E-009   1.0652482000000001E-009
   850.00000000000000        900.00000000000000        3.8110559999999998E-009   8.4397947000000003E-010
   900.00000000000000        950.00000000000000        6.1875117999999996E-009   2.8058580999999999E-009
   950.00000000000000        1000.0000000000000        3.4183652000000002E-009   9.0354832000000001E-010
   1000.0000000000000        1050.0000000000000        2.3620150000000001E-009   8.0876801000000002E-010
   1050.0000000000000        1100.0000000000000        4.2243707000000002E-009   9.3073940999999999E-010
   1100.0000000000000        1150.0000000000000        3.0395640999999999E-009   7.5423579000000004E-010
   1150.0000000000000        1200.0000000000000        2.2809814000000002E-009   6.8132818000000002E-010
   1200.0000000000000        1250.0000000000000        4.2247828000000000E-009   9.2998035000000004E-010
   1250.0000000000000        1300.0000000000000        5.0611853000000001E-009   2.0032433000000000E-009
   1300.0000000000000        1350.0000000000000        3.1383572999999999E-009   8.8128786999999999E-010
   1350.0000000000000        1400.0000000000000        3.2585545999999999E-009   1.9398231999999998E-009
   1400.0000000000000        1450.0000000000000        4.6732295000000003E-009   2.6785076000000002E-009
   1450.0000000000000        1500.0000000000000        4.5268632000000000E-009   1.3298610999999999E-009
   1500.0000000000000        1550.0000000000000        3.1773514000000000E-009   1.9279689000000000E-009
   1550.0000000000000        1600.0000000000000        4.1215579000000001E-009   1.5580974000000000E-009
   1600.0000000000000        1650.0000000000000        1.6521479000000001E-009   5.9637702000000002E-010
   1650.0000000000000        1700.0000000000000        6.7954492999999999E-009   3.3353092999999999E-009
   1700.0000000000000        1750.0000000000000        1.9461336000000001E-009   6.3679750000000004E-010
   1750.0000000000000        1800.0000000000000        1.7658173000000000E-009   6.5247232000000002E-010
   1800.0000000000000        1850.0000000000000        1.9805599000000000E-009   6.9064966000000002E-010
   1850.0000000000000        1900.0000000000000        1.7743846000000000E-009   9.1811663999999995E-010
   1900.0000000000000        1950.0000000000000        1.9196787000000001E-009   6.1341897000000000E-010
   1950.0000000000000        2000.0000000000000        1.6021973000000001E-009   6.6474007999999997E-010
   2000.0000000000000        2050.0000000000000        1.7178995999999999E-009   9.3219725000000010E-010
   2050.0000000000000        2100.0000000000000        1.8209938999999999E-009   8.2519126999999999E-010
   2100.0000000000000        2150.0000000000000        4.2989875000000000E-010   2.5710654999999999E-010
   2150.0000000000000        2200.0000000000000        1.8993830999999999E-009   6.7835898999999997E-010
   2200.0000000000000        2250.0000000000000        1.0554278000000001E-009   6.6919209999999999E-010
   2250.0000000000000        2300.0000000000000        6.5921687999999998E-010   2.9391168000000001E-010
   2300.0000000000000        2350.0000000000000        1.1393892000000001E-009   5.1288173000000005E-010
   2350.0000000000000        2400.0000000000000        1.9495576000000000E-010   1.1361562000000000E-010
   2400.0000000000000        2450.0000000000000        5.1929790999999995E-010   3.7600765000000000E-010
   2450.0000000000000        2500.0000000000000        1.3660845000000001E-009   1.1260207000000000E-009
   2500.0000000000000        2550.0000000000000        1.6025243999999999E-009   9.6875383000000009E-010
   2550.0000000000000        2600.0000000000000        6.3115374999999999E-010   3.2111736000000000E-010
   2600.0000000000000        2650.0000000000000        3.5910520999999998E-010   1.8540564000000000E-010
   2650.0000000000000        2700.0000000000000        3.3472572000000000E-010   1.6835829000000001E-010
   2700.0000000000000        2750.0000000000000        1.1427346000000001E-009   6.0458325000000000E-010
   2750.0000000000000        2800.0000000000000        2.3406919999999999E-009   2.3377643000000001E-009
   2800.0000000000000        2850.0000000000000        3.7864269999999998E-010   2.9589488000000002E-010
   2850.0000000000000        2900.0000000000000        2.3602633000000001E-009   1.5131063000000000E-009
   2900.0000000000000        2950.0000000000000        1.2087990999999999E-010   8.5572210000000004E-011
   2950.0000000000000        3000.0000000000000        5.9645543000000004E-010   2.7245152000000002E-010
   3000.0000000000000        3050.0000000000000        1.9288315000000001E-010   1.4228700000000001E-010
   3050.0000000000000        3100.0000000000000        4.4410706000000001E-010   3.1577147000000002E-010
   3100.0000000000000        3150.0000000000000        3.1160516000000002E-010   3.1121541000000001E-010
   3150.0000000000000        3200.0000000000000        2.4799562000000000E-010   2.4768543000000001E-010
   3200.0000000000000        3250.0000000000000        0.0000000000000000        0.0000000000000000     
   3250.0000000000000        3300.0000000000000        2.4799562000000000E-010   2.4768543000000001E-010
   3300.0000000000000        3350.0000000000000        1.1444284000000001E-010   1.1429970000000000E-010
   3350.0000000000000        3400.0000000000000        4.7466616999999999E-009   4.7407247000000000E-009
   3400.0000000000000        3450.0000000000000        1.1893643000000000E-010   1.1878767000000000E-010
   3450.0000000000000        3500.0000000000000        0.0000000000000000        0.0000000000000000     
   3500.0000000000000        3550.0000000000000        7.3674017999999996E-010   4.2486621000000002E-010
   3550.0000000000000        3600.0000000000000        2.0222539000000000E-010   2.0197245000000001E-010
   3600.0000000000000        3650.0000000000000        0.0000000000000000        0.0000000000000000     
   3650.0000000000000        3700.0000000000000        0.0000000000000000        0.0000000000000000     
   3700.0000000000000        3750.0000000000000        9.3430539000000002E-011   9.3313674999999994E-011
   3750.0000000000000        3800.0000000000000        6.0706229000000004E-011   6.0630298000000006E-011
   3800.0000000000000        3850.0000000000000        2.1759487999999999E-010   2.1732271000000001E-010
   3850.0000000000000        3900.0000000000000        0.0000000000000000        0.0000000000000000     
   3900.0000000000000        3950.0000000000000        0.0000000000000000        0.0000000000000000     
   3950.0000000000000        4000.0000000000000        0.0000000000000000        0.0000000000000000     
   4000.0000000000000        4050.0000000000000        0.0000000000000000        0.0000000000000000     
   4050.0000000000000        4100.0000000000000        2.2984744000000001E-010   2.2955994999999999E-010
   4100.0000000000000        4150.0000000000000        0.0000000000000000        0.0000000000000000     
   4150.0000000000000        4200.0000000000000        0.0000000000000000        0.0000000000000000     
   4200.0000000000000        4250.0000000000000        0.0000000000000000        0.0000000000000000     
   4250.0000000000000        4300.0000000000000        1.3776839999999999E-010   1.3759608000000001E-010
   4300.0000000000000        4350.0000000000000        0.0000000000000000        0.0000000000000000     
   4350.0000000000000        4400.0000000000000        1.9058390000000001E-010   1.9034551999999999E-010
   4400.0000000000000        4450.0000000000000        0.0000000000000000        0.0000000000000000     
   4450.0000000000000        4500.0000000000000        0.0000000000000000        0.0000000000000000     
   4500.0000000000000        4550.0000000000000        0.0000000000000000        0.0000000000000000     
   4550.0000000000000        4600.0000000000000        0.0000000000000000        0.0000000000000000     
   4600.0000000000000        4650.0000000000000        0.0000000000000000        0.0000000000000000     
   4650.0000000000000        4700.0000000000000        0.0000000000000000        0.0000000000000000     
   4700.0000000000000        4750.0000000000000        0.0000000000000000        0.0000000000000000     
   4750.0000000000000        4800.0000000000000        0.0000000000000000        0.0000000000000000     
   4800.0000000000000        4850.0000000000000        0.0000000000000000        0.0000000000000000     
   4850.0000000000000        4900.0000000000000        0.0000000000000000        0.0000000000000000     
   4900.0000000000000        4950.0000000000000        0.0000000000000000        0.0000000000000000     
   4950.0000000000000        5000.0000000000000        0.0000000000000000        0.0000000000000000     
   5000.0000000000000        5050.0000000000000        0.0000000000000000        0.0000000000000000     
   5050.0000000000000        5100.0000000000000        0.0000000000000000        0.0000000000000000     
   5100.0000000000000        5150.0000000000000        0.0000000000000000        0.0000000000000000     
   5150.0000000000000        5200.0000000000000        0.0000000000000000        0.0000000000000000     
   5200.0000000000000        5250.0000000000000        0.0000000000000000        0.0000000000000000     
   5250.0000000000000        5300.0000000000000        9.7347640000000000E-011   9.7225879999999996E-011
   5300.0000000000000        5350.0000000000000        0.0000000000000000        0.0000000000000000     
   5350.0000000000000        5400.0000000000000        0.0000000000000000        0.0000000000000000     
   5400.0000000000000        5450.0000000000000        0.0000000000000000        0.0000000000000000     
   5450.0000000000000        5500.0000000000000        0.0000000000000000        0.0000000000000000     
   5500.0000000000000        5550.0000000000000        0.0000000000000000        0.0000000000000000     
   5550.0000000000000        5600.0000000000000        0.0000000000000000        0.0000000000000000     
   5600.0000000000000        5650.0000000000000        0.0000000000000000        0.0000000000000000     
   5650.0000000000000        5700.0000000000000        0.0000000000000000        0.0000000000000000     
   5700.0000000000000        5750.0000000000000        0.0000000000000000        0.0000000000000000     
   5750.0000000000000        5800.0000000000000        0.0000000000000000        0.0000000000000000     
   5800.0000000000000        5850.0000000000000        0.0000000000000000        0.0000000000000000     
   5850.0000000000000        5900.0000000000000        0.0000000000000000        0.0000000000000000     
   5900.0000000000000        5950.0000000000000        0.0000000000000000        0.0000000000000000     
   5950.0000000000000        6000.0000000000000        0.0000000000000000        0.0000000000000000     
   6000.0000000000000        6050.0000000000000        0.0000000000000000        0.0000000000000000     
   6050.0000000000000        6100.0000000000000        0.0000000000000000        0.0000000000000000     
   6100.0000000000000        6150.0000000000000        0.0000000000000000        0.0000000000000000     
   6150.0000000000000        6200.0000000000000        0.0000000000000000        0.0000000000000000     
   6200.0000000000000        6250.0000000000000        0.0000000000000000        0.0000000000000000     
   6250.0000000000000        6300.0000000000000        0.0000000000000000        0.0000000000000000     
   6300.0000000000000        6350.0000000000000        0.0000000000000000        0.0000000000000000     
   6350.0000000000000        6400.0000000000000        0.0000000000000000        0.0000000000000000     
   6400.0000000000000        6450.0000000000000        0.0000000000000000        0.0000000000000000     
   6450.0000000000000        6500.0000000000000        0.0000000000000000        0.0000000000000000     
   6500.0000000000000        6550.0000000000000        0.0000000000000000        0.0000000000000000     
   6550.0000000000000        6600.0000000000000        0.0000000000000000        0.0000000000000000     
   6600.0000000000000        6650.0000000000000        0.0000000000000000        0.0000000000000000     
   6650.0000000000000        6700.0000000000000        0.0000000000000000        0.0000000000000000     
   6700.0000000000000        6750.0000000000000        0.0000000000000000        0.0000000000000000     
   6750.0000000000000        6800.0000000000000        0.0000000000000000        0.0000000000000000     
   6800.0000000000000        6850.0000000000000        0.0000000000000000        0.0000000000000000     
   6850.0000000000000        6900.0000000000000        0.0000000000000000        0.0000000000000000     
   6900.0000000000000        6950.0000000000000        0.0000000000000000        0.0000000000000000     
   6950.0000000000000        7000.0000000000000        0.0000000000000000        0.0000000000000000     
   7000.0000000000000        7050.0000000000000        0.0000000000000000        0.0000000000000000     
   7050.0000000000000        7100.0000000000000        0.0000000000000000        0.0000000000000000     
   7100.0000000000000        7150.0000000000000        0.0000000000000000        0.0000000000000000     
   7150.0000000000000        7200.0000000000000        0.0000000000000000        0.0000000000000000     
   7200.0000000000000        7250.0000000000000        0.0000000000000000        0.0000000000000000     
   7250.0000000000000        7300.0000000000000        0.0000000000000000        0.0000000000000000     
   7300.0000000000000        7350.0000000000000        0.0000000000000000        0.0000000000000000     
   7350.0000000000000        7400.0000000000000        0.0000000000000000        0.0000000000000000     
   7400.0000000000000        7450.0000000000000        0.0000000000000000        0.0000000000000000     
   7450.0000000000000        7500.0000000000000        0.0000000000000000        0.0000000000000000     
   7500.0000000000000        7550.0000000000000        0.0000000000000000        0.0000000000000000     
   7550.0000000000000        7600.0000000000000        0.0000000000000000        0.0000000000000000     
   7600.0000000000000        7650.0000000000000        0.0000000000000000        0.0000000000000000     
   7650.0000000000000        7700.0000000000000        0.0000000000000000        0.0000000000000000     
   7700.0000000000000        7750.0000000000000        0.0000000000000000        0.0000000000000000     
   7750.0000000000000        7800.0000000000000        0.0000000000000000        0.0000000000000000     
   7800.0000000000000        7850.0000000000000        0.0000000000000000        0.0000000000000000     
   7850.0000000000000        7900.0000000000000        0.0000000000000000        0.0000000000000000     
   7900.0000000000000        7950.0000000000000        0.0000000000000000        0.0000000000000000     
   7950.0000000000000        8000.0000000000000        0.0000000000000000        0.0000000000000000     
   8000.0000000000000        8050.0000000000000        0.0000000000000000        0.0000000000000000     
   8050.0000000000000        8100.0000000000000        0.0000000000000000        0.0000000000000000     
   8100.0000000000000        8150.0000000000000        0.0000000000000000        0.0000000000000000     
   8150.0000000000000        8200.0000000000000        0.0000000000000000        0.0000000000000000     
   8200.0000000000000        8250.0000000000000        0.0000000000000000        0.0000000000000000     
   8250.0000000000000        8300.0000000000000        0.0000000000000000        0.0000000000000000     
   8300.0000000000000        8350.0000000000000        0.0000000000000000        0.0000000000000000     
   8350.0000000000000        8400.0000000000000        0.0000000000000000        0.0000000000000000     
   8400.0000000000000        8450.0000000000000        0.0000000000000000        0.0000000000000000     
   8450.0000000000000        8500.0000000000000        0.0000000000000000        0.0000000000000000     
   8500.0000000000000        8550.0000000000000        0.0000000000000000        0.0000000000000000     
   8550.0000000000000        8600.0000000000000        0.0000000000000000        0.0000000000000000     
   8600.0000000000000        8650.0000000000000        0.0000000000000000        0.0000000000000000     
   8650.0000000000000        8700.0000000000000        0.0000000000000000        0.0000000000000000     
   8700.0000000000000        8750.0000000000000        0.0000000000000000        0.0000000000000000     
   8750.0000000000000        8800.0000000000000        0.0000000000000000        0.0000000000000000     
   8800.0000000000000        8850.0000000000000        0.0000000000000000        0.0000000000000000     
   8850.0000000000000        8900.0000000000000        0.0000000000000000        0.0000000000000000     
   8900.0000000000000        8950.0000000000000        0.0000000000000000        0.0000000000000000     
   8950.0000000000000        9000.0000000000000        0.0000000000000000        0.0000000000000000     
   9000.0000000000000        9050.0000000000000        0.0000000000000000        0.0000000000000000     
   9050.0000000000000        9100.0000000000000        0.0000000000000000        0.0000000000000000     
   9100.0000000000000        9150.0000000000000        0.0000000000000000        0.0000000000000000     
   9150.0000000000000        9200.0000000000000        0.0000000000000000        0.0000000000000000     
   9200.0000000000000        9250.0000000000000        0.0000000000000000        0.0000000000000000     
   9250.0000000000000        9300.0000000000000        0.0000000000000000        0.0000000000000000     
   9300.0000000000000        9350.0000000000000        0.0000000000000000        0.0000000000000000     
   9350.0000000000000        9400.0000000000000        0.0000000000000000        0.0000000000000000     
   9400.0000000000000        9450.0000000000000        0.0000000000000000        0.0000000000000000     
   9450.0000000000000        9500.0000000000000        0.0000000000000000        0.0000000000000000     
   9500.0000000000000        9550.0000000000000        0.0000000000000000        0.0000000000000000     
   9550.0000000000000        9600.0000000000000        0.0000000000000000        0.0000000000000000     
   9600.0000000000000        9650.0000000000000        0.0000000000000000        0.0000000000000000     
   9650.0000000000000        9700.0000000000000        0.0000000000000000        0.0000000000000000     
   9700.0000000000000        9750.0000000000000        0.0000000000000000        0.0000000000000000     
   9750.0000000000000        9800.0000000000000        0.0000000000000000        0.0000000000000000     
   9800.0000000000000        9850.0000000000000        0.0000000000000000        0.0000000000000000     
   9850.0000000000000        9900.0000000000000        0.0000000000000000        0.0000000000000000     
   9900.0000000000000        9950.0000000000000        0.0000000000000000        0.0000000000000000     
   9950.0000000000000        10000.000000000000        0.0000000000000000        0.0000000000000000     
   10000.000000000000        10050.000000000000        0.0000000000000000        0.0000000000000000     
   10050.000000000000        10100.000000000000        0.0000000000000000        0.0000000000000000     
   10100.000000000000        10150.000000000000        0.0000000000000000        0.0000000000000000     
   10150.000000000000        10200.000000000000        0.0000000000000000        0.0000000000000000     
   10200.000000000000        10250.000000000000        0.0000000000000000        0.0000000000000000     
   10250.000000000000        10300.000000000000        0.0000000000000000        0.0000000000000000     
   10300.000000000000        10350.000000000000        0.0000000000000000        0.0000000000000000     
   10350.000000000000        10400.000000000000        0.0000000000000000        0.0000000000000000     
   10400.000000000000        10450.000000000000        0.0000000000000000        0.0000000000000000     
   10450.000000000000        10500.000000000000        0.0000000000000000        0.0000000000000000     
   10500.000000000000        10550.000000000000        0.0000000000000000        0.0000000000000000     
   10550.000000000000        10600.000000000000        0.0000000000000000        0.0000000000000000     
   10600.000000000000        10650.000000000000        0.0000000000000000        0.0000000000000000     
   10650.000000000000        10700.000000000000        0.0000000000000000        0.0000000000000000     
   10700.000000000000        10750.000000000000        0.0000000000000000        0.0000000000000000     
   10750.000000000000        10800.000000000000        0.0000000000000000        0.0000000000000000     
   10800.000000000000        10850.000000000000        0.0000000000000000        0.0000000000000000     
   10850.000000000000        10900.000000000000        0.0000000000000000        0.0000000000000000     
   10900.000000000000        10950.000000000000        0.0000000000000000        0.0000000000000000     
   10950.000000000000        11000.000000000000        0.0000000000000000        0.0000000000000000     
   11000.000000000000        11050.000000000000        0.0000000000000000        0.0000000000000000     
   11050.000000000000        11100.000000000000        0.0000000000000000        0.0000000000000000     
   11100.000000000000        11150.000000000000        0.0000000000000000        0.0000000000000000     
   11150.000000000000        11200.000000000000        0.0000000000000000        0.0000000000000000     
   11200.000000000000        11250.000000000000        0.0000000000000000        0.0000000000000000     
   11250.000000000000        11300.000000000000        0.0000000000000000        0.0000000000000000     
   11300.000000000000        11350.000000000000        0.0000000000000000        0.0000000000000000     
   11350.000000000000        11400.000000000000        0.0000000000000000        0.0000000000000000     
   11400.000000000000        11450.000000000000        0.0000000000000000        0.0000000000000000     
   11450.000000000000        11500.000000000000        0.0000000000000000        0.0000000000000000     
   11500.000000000000        11550.000000000000        0.0000000000000000        0.0000000000000000     
   11550.000000000000        11600.000000000000        0.0000000000000000        0.0000000000000000     
   11600.000000000000        11650.000000000000        0.0000000000000000        0.0000000000000000     
   11650.000000000000        11700.000000000000        0.0000000000000000        0.0000000000000000     
   11700.000000000000        11750.000000000000        0.0000000000000000        0.0000000000000000     
   11750.000000000000        11800.000000000000        0.0000000000000000        0.0000000000000000     
   11800.000000000000        11850.000000000000        0.0000000000000000        0.0000000000000000     
   11850.000000000000        11900.000000000000        0.0000000000000000        0.0000000000000000     
   11900.000000000000        11950.000000000000        0.0000000000000000        0.0000000000000000     
   11950.000000000000        12000.000000000000        0.0000000000000000        0.0000000000000000     
   12000.000000000000        12050.000000000000        0.0000000000000000        0.0000000000000000     
   12050.000000000000        12100.000000000000        0.0000000000000000        0.0000000000000000     
   12100.000000000000        12150.000000000000        0.0000000000000000        0.0000000000000000     
   12150.000000000000        12200.000000000000        0.0000000000000000        0.0000000000000000     
   12200.000000000000        12250.000000000000        0.0000000000000000        0.0000000000000000     
   12250.000000000000        12300.000000000000        0.0000000000000000        0.0000000000000000     
   12300.000000000000        12350.000000000000        0.0000000000000000        0.0000000000000000     
   12350.000000000000        12400.000000000000        0.0000000000000000        0.0000000000000000     
   12400.000000000000        12450.000000000000        0.0000000000000000        0.0000000000000000     
   12450.000000000000        12500.000000000000        0.0000000000000000        0.0000000000000000     
   12500.000000000000        12550.000000000000        0.0000000000000000        0.0000000000000000     
   12550.000000000000        12600.000000000000        0.0000000000000000        0.0000000000000000     
   12600.000000000000        12650.000000000000        0.0000000000000000        0.0000000000000000     
   12650.000000000000        12700.000000000000        0.0000000000000000        0.0000000000000000     
   12700.000000000000        12750.000000000000        0.0000000000000000        0.0000000000000000     
   12750.000000000000        12800.000000000000        0.0000000000000000        0.0000000000000000     
   12800.000000000000        12850.000000000000        0.0000000000000000        0.0000000000000000     
   12850.000000000000        12900.000000000000        0.0000000000000000        0.0000000000000000     
   12900.000000000000        12950.000000000000        0.0000000000000000        0.0000000000000000     
   12950.000000000000        13000.000000000000        0.0000000000000000        0.0000000000000000     
