  -9.0000000000000000       -8.7500000000000000        0.0000000000000000        0.0000000000000000     
  -8.7500000000000000       -8.5000000000000000        0.0000000000000000        0.0000000000000000     
  -8.5000000000000000       -8.2500000000000000        0.0000000000000000        0.0000000000000000     
  -8.2500000000000000       -8.0000000000000000        0.0000000000000000        0.0000000000000000     
  -8.0000000000000000       -7.7500000000000000        2.6700259000000001E-008   2.6666861999999999E-008
  -7.7500000000000000       -7.5000000000000000        0.0000000000000000        0.0000000000000000     
  -7.5000000000000000       -7.2500000000000000        0.0000000000000000        0.0000000000000000     
  -7.2500000000000000       -7.0000000000000000        0.0000000000000000        0.0000000000000000     
  -7.0000000000000000       -6.7500000000000000        1.9503406999999999E-007   1.9479013000000001E-007
  -6.7500000000000000       -6.5000000000000000        0.0000000000000000        0.0000000000000000     
  -6.5000000000000000       -6.2500000000000000        1.9989954999999999E-007   1.6712527999999999E-007
  -6.2500000000000000       -6.0000000000000000        3.4771437000000000E-007   1.9865460999999999E-007
  -6.0000000000000000       -5.7500000000000000        3.3004741000000000E-007   2.2042128000000000E-007
  -5.7500000000000000       -5.5000000000000000        1.9936192000000001E-007   7.8620641999999998E-008
  -5.5000000000000000       -5.2500000000000000        5.7361603000000002E-007   1.8458435999999999E-007
  -5.2500000000000000       -5.0000000000000000        9.7764911000000002E-007   3.0092436999999999E-007
  -5.0000000000000000       -4.7500000000000000        1.2598850999999999E-006   5.4874478999999999E-007
  -4.7500000000000000       -4.5000000000000000        1.3081781000000000E-006   5.7187202999999995E-007
  -4.5000000000000000       -4.2500000000000000        8.0993397999999999E-007   2.0485693000000000E-007
  -4.2500000000000000       -4.0000000000000000        8.5655107000000005E-007   1.8517407999999999E-007
  -4.0000000000000000       -3.7500000000000000        1.3545283000000001E-006   3.3032271999999998E-007
  -3.7500000000000000       -3.5000000000000000        1.2511807000000001E-006   1.9884899000000000E-007
  -3.5000000000000000       -3.2500000000000000        8.8813607000000000E-007   2.0406315000000001E-007
  -3.2500000000000000       -3.0000000000000000        1.0213531000000000E-006   2.5931862999999998E-007
  -3.0000000000000000       -2.7500000000000000        1.1614405000000000E-006   2.3976658000000002E-007
  -2.7500000000000000       -2.5000000000000000        7.2082160999999998E-007   1.8849892000000000E-007
  -2.5000000000000000       -2.2500000000000000        0.0000000000000000        0.0000000000000000     
  -2.2500000000000000       -2.0000000000000000        0.0000000000000000        0.0000000000000000     
  -2.0000000000000000       -1.7500000000000000        0.0000000000000000        0.0000000000000000     
  -1.7500000000000000       -1.5000000000000000        0.0000000000000000        0.0000000000000000     
  -1.5000000000000000       -1.2500000000000000        0.0000000000000000        0.0000000000000000     
  -1.2500000000000000       -1.0000000000000000        0.0000000000000000        0.0000000000000000     
  -1.0000000000000000      -0.75000000000000000        0.0000000000000000        0.0000000000000000     
 -0.75000000000000000      -0.50000000000000000        0.0000000000000000        0.0000000000000000     
 -0.50000000000000000      -0.25000000000000000        0.0000000000000000        0.0000000000000000     
 -0.25000000000000000        0.0000000000000000        0.0000000000000000        0.0000000000000000     
   0.0000000000000000       0.25000000000000000        0.0000000000000000        0.0000000000000000     
  0.25000000000000000       0.50000000000000000        0.0000000000000000        0.0000000000000000     
  0.50000000000000000       0.75000000000000000        0.0000000000000000        0.0000000000000000     
  0.75000000000000000        1.0000000000000000        0.0000000000000000        0.0000000000000000     
   1.0000000000000000        1.2500000000000000        0.0000000000000000        0.0000000000000000     
   1.2500000000000000        1.5000000000000000        0.0000000000000000        0.0000000000000000     
   1.5000000000000000        1.7500000000000000        0.0000000000000000        0.0000000000000000     
   1.7500000000000000        2.0000000000000000        0.0000000000000000        0.0000000000000000     
   2.0000000000000000        2.2500000000000000        0.0000000000000000        0.0000000000000000     
   2.2500000000000000        2.5000000000000000        0.0000000000000000        0.0000000000000000     
   2.5000000000000000        2.7500000000000000        5.8934607999999999E-007   1.6810092999999999E-007
   2.7500000000000000        3.0000000000000000        8.8285399000000002E-007   2.0179026000000000E-007
   3.0000000000000000        3.2500000000000000        1.0416217000000001E-006   2.0826117000000000E-007
   3.2500000000000000        3.5000000000000000        8.3046765000000000E-007   1.8356466000000000E-007
   3.5000000000000000        3.7500000000000000        1.3636798999999999E-006   4.1695303000000002E-007
   3.7500000000000000        4.0000000000000000        2.3814378000000001E-006   8.2245903000000000E-007
   4.0000000000000000        4.2500000000000000        1.3327911000000001E-006   2.9005047999999997E-007
   4.2500000000000000        4.5000000000000000        1.1703468000000000E-006   2.5851779999999998E-007
   4.5000000000000000        4.7500000000000000        8.9670301000000004E-007   2.3012276000000000E-007
   4.7500000000000000        5.0000000000000000        1.3624246000000000E-006   6.6612517000000000E-007
   5.0000000000000000        5.2500000000000000        5.1836230000000002E-007   1.4575960000000001E-007
   5.2500000000000000        5.5000000000000000        5.3765190999999999E-007   2.2272317000000001E-007
   5.5000000000000000        5.7500000000000000        5.9680578999999998E-008   3.7856752000000000E-008
   5.7500000000000000        6.0000000000000000        1.5185796000000000E-007   7.0136555000000002E-008
   6.0000000000000000        6.2500000000000000        7.6597864000000005E-008   3.8887689000000001E-008
   6.2500000000000000        6.5000000000000000        3.8439813000000002E-008   3.8391733999999999E-008
   6.5000000000000000        6.7500000000000000        1.1435562000000001E-007   6.0841871999999995E-008
   6.7500000000000000        7.0000000000000000        9.4933236999999996E-007   9.4814491000000004E-007
   7.0000000000000000        7.2500000000000000        3.1856944999999998E-008   3.1817099000000001E-008
   7.2500000000000000        7.5000000000000000        0.0000000000000000        0.0000000000000000     
   7.5000000000000000        7.7500000000000000        0.0000000000000000        0.0000000000000000     
   7.7500000000000000        8.0000000000000000        0.0000000000000000        0.0000000000000000     
   8.0000000000000000        8.2500000000000000        0.0000000000000000        0.0000000000000000     
   8.2500000000000000        8.5000000000000000        0.0000000000000000        0.0000000000000000     
   8.5000000000000000        8.7500000000000000        0.0000000000000000        0.0000000000000000     
   8.7500000000000000        9.0000000000000000        0.0000000000000000        0.0000000000000000     
