  -2.5000000000000000       -2.2500000000000000        1.0527578000000000E-004   2.4899866000000000E-006
  -2.2500000000000000       -2.0000000000000000        1.3634660000000001E-004   2.4866332000000002E-006
  -2.0000000000000000       -1.7500000000000000        1.6969973000000000E-004   2.4011183000000001E-006
  -1.7500000000000000       -1.5000000000000000        2.2091168999999999E-004   3.4067571000000000E-006
  -1.5000000000000000       -1.2500000000000000        2.5210219999999999E-004   3.6036282999999999E-006
  -1.2500000000000000       -1.0000000000000000        2.8625622999999998E-004   3.1262809000000002E-006
  -1.0000000000000000      -0.75000000000000000        3.2187161000000000E-004   3.2505505999999998E-006
 -0.75000000000000000      -0.50000000000000000        3.5366599999999998E-004   3.7403134999999998E-006
 -0.50000000000000000      -0.25000000000000000        3.6970257999999998E-004   4.7313873000000002E-006
 -0.25000000000000000        0.0000000000000000        3.6956419000000001E-004   3.7094114999999998E-006
   0.0000000000000000       0.25000000000000000        3.6469064000000002E-004   3.7478348999999999E-006
  0.25000000000000000       0.50000000000000000        3.7760209000000001E-004   4.6955835000000003E-006
  0.50000000000000000       0.75000000000000000        3.4723942000000000E-004   3.4837484000000000E-006
  0.75000000000000000        1.0000000000000000        3.3004227999999997E-004   4.0096058000000004E-006
   1.0000000000000000        1.2500000000000000        2.8949280999999999E-004   3.2168088999999999E-006
   1.2500000000000000        1.5000000000000000        2.6372759999999999E-004   4.3928305999999997E-006
   1.5000000000000000        1.7500000000000000        2.1657250999999999E-004   3.1405685000000001E-006
   1.7500000000000000        2.0000000000000000        1.7758946999999999E-004   3.1426733000000001E-006
   2.0000000000000000        2.2500000000000000        1.3501949000000000E-004   2.2727542999999999E-006
   2.2500000000000000        2.5000000000000000        1.0369636000000000E-004   3.1121395000000000E-006
