  -9.0000000000000000       -8.7500000000000000        0.0000000000000000        0.0000000000000000     
  -8.7500000000000000       -8.5000000000000000        5.9038065999999997E-008   4.1694228000000003E-008
  -8.5000000000000000       -8.2500000000000000        8.1267631000000000E-007   7.4328579999999999E-007
  -8.2500000000000000       -8.0000000000000000        3.2486503000000000E-006   2.2815008000000000E-006
  -8.0000000000000000       -7.7500000000000000        4.4941900000000002E-006   1.6798220000000000E-006
  -7.7500000000000000       -7.5000000000000000        1.3640386000000001E-005   2.9072546000000002E-006
  -7.5000000000000000       -7.2500000000000000        1.4166829000000001E-005   2.0395250000000002E-006
  -7.2500000000000000       -7.0000000000000000        2.8881948000000000E-005   3.2627902999999999E-006
  -7.0000000000000000       -6.7500000000000000        3.7162812000000002E-005   2.2935163999999999E-006
  -6.7500000000000000       -6.5000000000000000        5.1681316000000000E-005   2.8292801000000000E-006
  -6.5000000000000000       -6.2500000000000000        6.5053078000000002E-005   2.2956573000000000E-006
  -6.2500000000000000       -6.0000000000000000        8.5743436000000002E-005   2.2291920000000000E-006
  -6.0000000000000000       -5.7500000000000000        1.0974605999999999E-004   2.3771268999999998E-006
  -5.7500000000000000       -5.5000000000000000        1.2623701000000001E-004   2.2923943999999999E-006
  -5.5000000000000000       -5.2500000000000000        1.4734391000000000E-004   2.2683513000000001E-006
  -5.2500000000000000       -5.0000000000000000        1.6247496999999999E-004   2.1195552000000001E-006
  -5.0000000000000000       -4.7500000000000000        1.8548219000000000E-004   2.2381040999999998E-006
  -4.7500000000000000       -4.5000000000000000        1.9884891999999999E-004   2.1598279000000000E-006
  -4.5000000000000000       -4.2500000000000000        2.0546793000000000E-004   2.1699098000000002E-006
  -4.2500000000000000       -4.0000000000000000        2.0695161999999999E-004   2.1538346000000002E-006
  -4.0000000000000000       -3.7500000000000000        2.0133698000000000E-004   2.0974712999999999E-006
  -3.7500000000000000       -3.5000000000000000        1.9082444999999999E-004   2.0362114999999999E-006
  -3.5000000000000000       -3.2500000000000000        1.7346496999999999E-004   1.9324760999999998E-006
  -3.2500000000000000       -3.0000000000000000        1.5285173999999999E-004   1.8078935000000000E-006
  -3.0000000000000000       -2.7500000000000000        1.3270381000000001E-004   1.6834702000000000E-006
  -2.7500000000000000       -2.5000000000000000        1.0621898000000001E-004   1.5035680000000001E-006
  -2.5000000000000000       -2.2500000000000000        0.0000000000000000        0.0000000000000000     
  -2.2500000000000000       -2.0000000000000000        0.0000000000000000        0.0000000000000000     
  -2.0000000000000000       -1.7500000000000000        0.0000000000000000        0.0000000000000000     
  -1.7500000000000000       -1.5000000000000000        0.0000000000000000        0.0000000000000000     
  -1.5000000000000000       -1.2500000000000000        0.0000000000000000        0.0000000000000000     
  -1.2500000000000000       -1.0000000000000000        0.0000000000000000        0.0000000000000000     
  -1.0000000000000000      -0.75000000000000000        0.0000000000000000        0.0000000000000000     
 -0.75000000000000000      -0.50000000000000000        0.0000000000000000        0.0000000000000000     
 -0.50000000000000000      -0.25000000000000000        0.0000000000000000        0.0000000000000000     
 -0.25000000000000000        0.0000000000000000        0.0000000000000000        0.0000000000000000     
   0.0000000000000000       0.25000000000000000        0.0000000000000000        0.0000000000000000     
  0.25000000000000000       0.50000000000000000        0.0000000000000000        0.0000000000000000     
  0.50000000000000000       0.75000000000000000        0.0000000000000000        0.0000000000000000     
  0.75000000000000000        1.0000000000000000        0.0000000000000000        0.0000000000000000     
   1.0000000000000000        1.2500000000000000        0.0000000000000000        0.0000000000000000     
   1.2500000000000000        1.5000000000000000        0.0000000000000000        0.0000000000000000     
   1.5000000000000000        1.7500000000000000        0.0000000000000000        0.0000000000000000     
   1.7500000000000000        2.0000000000000000        0.0000000000000000        0.0000000000000000     
   2.0000000000000000        2.2500000000000000        0.0000000000000000        0.0000000000000000     
   2.2500000000000000        2.5000000000000000        0.0000000000000000        0.0000000000000000     
   2.5000000000000000        2.7500000000000000        1.0737376000000000E-004   1.5150256999999999E-006
   2.7500000000000000        3.0000000000000000        1.3048517000000001E-004   1.6693331000000001E-006
   3.0000000000000000        3.2500000000000000        1.5201993000000001E-004   1.8053309000000000E-006
   3.2500000000000000        3.5000000000000000        1.7709200000000000E-004   1.9546750000000001E-006
   3.5000000000000000        3.7500000000000000        1.9162774000000001E-004   2.0382553000000001E-006
   3.7500000000000000        4.0000000000000000        2.0135001000000000E-004   2.0994617999999999E-006
   4.0000000000000000        4.2500000000000000        2.0925313000000001E-004   2.1726129999999999E-006
   4.2500000000000000        4.5000000000000000        2.0314690000000000E-004   2.1919212000000000E-006
   4.5000000000000000        4.7500000000000000        1.9424764000000000E-004   2.1760070999999999E-006
   4.7500000000000000        5.0000000000000000        1.7786833000000001E-004   2.1426739000000000E-006
   5.0000000000000000        5.2500000000000000        1.6680990000000000E-004   2.1925763000000000E-006
   5.2500000000000000        5.5000000000000000        1.4206926999999999E-004   2.3740367000000002E-006
   5.5000000000000000        5.7500000000000000        1.2070813000000001E-004   2.2132944000000001E-006
   5.7500000000000000        6.0000000000000000        1.0493364000000000E-004   2.2920730999999999E-006
   6.0000000000000000        6.2500000000000000        8.2333470000000005E-005   2.3973175999999998E-006
   6.2500000000000000        6.5000000000000000        6.5944920000000001E-005   2.8630151000000001E-006
   6.5000000000000000        6.7500000000000000        5.4287301000000001E-005   3.9983345999999996E-006
   6.7500000000000000        7.0000000000000000        3.8204833999999997E-005   3.0906340000000002E-006
   7.0000000000000000        7.2500000000000000        2.8254520999999999E-005   3.2623612000000002E-006
   7.2500000000000000        7.5000000000000000        1.6566196999999999E-005   2.2879844000000001E-006
   7.5000000000000000        7.7500000000000000        1.2019001000000001E-005   2.8055392000000000E-006
   7.7500000000000000        8.0000000000000000        4.9422551000000003E-006   1.3420675000000001E-006
   8.0000000000000000        8.2500000000000000        2.7999579000000000E-006   9.0735865999999995E-007
   8.2500000000000000        8.5000000000000000        7.7834127000000002E-007   3.4809704000000001E-007
   8.5000000000000000        8.7500000000000000        1.0550105000000000E-006   8.7809397999999998E-007
   8.7500000000000000        9.0000000000000000        0.0000000000000000        0.0000000000000000     
