  -4.5000000000000000       -4.2500000000000000        6.7501885000000004E-006   6.0035471999999997E-007
  -4.2500000000000000       -4.0000000000000000        1.8265516000000000E-005   1.4435188000000000E-006
  -4.0000000000000000       -3.7500000000000000        3.9454172999999999E-005   2.4903943000000000E-006
  -3.7500000000000000       -3.5000000000000000        6.6906430999999998E-005   3.3167472000000001E-006
  -3.5000000000000000       -3.2500000000000000        1.1751966000000000E-004   4.4268898000000002E-006
  -3.2500000000000000       -3.0000000000000000        1.5489926000000000E-004   3.3086989999999999E-006
  -3.0000000000000000       -2.7500000000000000        2.0172769000000000E-004   3.2993602000000002E-006
  -2.7500000000000000       -2.5000000000000000        2.4212448000000001E-004   3.2558837000000002E-006
  -2.5000000000000000       -2.2500000000000000        2.6142080000000000E-004   2.8980036999999999E-006
  -2.2500000000000000       -2.0000000000000000        2.7051259999999998E-004   2.7201035999999999E-006
  -2.0000000000000000       -1.7500000000000000        2.5457474000000000E-004   2.5044112000000001E-006
  -1.7500000000000000       -1.5000000000000000        2.2980538000000000E-004   2.3128736999999998E-006
  -1.5000000000000000       -1.2500000000000000        2.0184941999999999E-004   2.1333200000000001E-006
  -1.2500000000000000       -1.0000000000000000        1.6614143000000001E-004   1.9258660000000000E-006
  -1.0000000000000000      -0.75000000000000000        1.3027053000000001E-004   1.6883675000000001E-006
 -0.75000000000000000      -0.50000000000000000        9.9482791000000004E-005   1.4711742000000000E-006
 -0.50000000000000000      -0.25000000000000000        7.5669914000000004E-005   1.2778103000000000E-006
 -0.25000000000000000        0.0000000000000000        6.4247727000000005E-005   1.1750993999999999E-006
   0.0000000000000000       0.25000000000000000        6.7351298000000001E-005   1.2054996000000000E-006
  0.25000000000000000       0.50000000000000000        7.7768384999999998E-005   1.2931552000000001E-006
  0.50000000000000000       0.75000000000000000        9.9541204999999995E-005   1.4709912000000000E-006
  0.75000000000000000        1.0000000000000000        1.2831615999999999E-004   1.6726319000000000E-006
   1.0000000000000000        1.2500000000000000        1.6546802000000000E-004   1.9216137000000001E-006
   1.2500000000000000        1.5000000000000000        1.9749500999999999E-004   2.1172015000000002E-006
   1.5000000000000000        1.7500000000000000        2.2983747000000001E-004   2.3152763000000001E-006
   1.7500000000000000        2.0000000000000000        2.5494447000000002E-004   2.5018151000000001E-006
   2.0000000000000000        2.2500000000000000        2.6678206000000000E-004   2.6918464000000000E-006
   2.2500000000000000        2.5000000000000000        2.6234141999999998E-004   3.0696518000000001E-006
   2.5000000000000000        2.7500000000000000        2.3513081000000000E-004   3.5136398000000001E-006
   2.7500000000000000        3.0000000000000000        1.9602935000000000E-004   3.1746299000000001E-006
   3.0000000000000000        3.2500000000000000        1.6183831000000001E-004   5.0933185999999997E-006
   3.2500000000000000        3.5000000000000000        1.1174526000000000E-004   3.9410672999999998E-006
   3.5000000000000000        3.7500000000000000        6.8068107000000006E-005   2.6794240999999999E-006
   3.7500000000000000        4.0000000000000000        3.9982111999999997E-005   2.4680704999999999E-006
   4.0000000000000000        4.2500000000000000        1.8224511000000002E-005   2.0934161000000001E-006
   4.2500000000000000        4.5000000000000000        8.5825628000000004E-006   8.8973354000000004E-007
