   0.0000000000000000        50.000000000000000        0.0000000000000000        0.0000000000000000     
   50.000000000000000        100.00000000000000        0.0000000000000000        0.0000000000000000     
   100.00000000000000        150.00000000000000        0.0000000000000000        0.0000000000000000     
   150.00000000000000        200.00000000000000        0.0000000000000000        0.0000000000000000     
   200.00000000000000        250.00000000000000        0.0000000000000000        0.0000000000000000     
   250.00000000000000        300.00000000000000        0.0000000000000000        0.0000000000000000     
   300.00000000000000        350.00000000000000        0.0000000000000000        0.0000000000000000     
   350.00000000000000        400.00000000000000        0.0000000000000000        0.0000000000000000     
   400.00000000000000        450.00000000000000        0.0000000000000000        0.0000000000000000     
   450.00000000000000        500.00000000000000        0.0000000000000000        0.0000000000000000     
   500.00000000000000        550.00000000000000        1.1188268000000000E-006   1.3025656000000000E-008
   550.00000000000000        600.00000000000000        1.2048089000000000E-006   1.3606325000000001E-008
   600.00000000000000        650.00000000000000        1.2238792999999999E-006   1.3998332000000001E-008
   650.00000000000000        700.00000000000000        1.2380782000000000E-006   1.4047038999999999E-008
   700.00000000000000        750.00000000000000        1.2449452999999999E-006   1.3869733000000000E-008
   750.00000000000000        800.00000000000000        1.2583287000000000E-006   1.4225529000000000E-008
   800.00000000000000        850.00000000000000        1.2304588000000000E-006   1.3888803000000000E-008
   850.00000000000000        900.00000000000000        1.2230958000000000E-006   1.4265991000000001E-008
   900.00000000000000        950.00000000000000        1.1801780000000000E-006   1.4172839000000001E-008
   950.00000000000000        1000.0000000000000        1.1522379000000000E-006   1.3543817000000000E-008
   1000.0000000000000        1050.0000000000000        1.1135282000000000E-006   1.3515781000000000E-008
   1050.0000000000000        1100.0000000000000        1.1029796000000000E-006   1.3623929000000001E-008
   1100.0000000000000        1150.0000000000000        1.0352677000000000E-006   1.3196066999999999E-008
   1150.0000000000000        1200.0000000000000        1.0404708999999999E-006   1.3509690000000000E-008
   1200.0000000000000        1250.0000000000000        9.9474469999999992E-007   1.3173962000000001E-008
   1250.0000000000000        1300.0000000000000        9.4465534000000003E-007   1.3221023000000000E-008
   1300.0000000000000        1350.0000000000000        8.9326122000000002E-007   1.2920970000000001E-008
   1350.0000000000000        1400.0000000000000        8.6935136999999998E-007   1.4356339000000000E-008
   1400.0000000000000        1450.0000000000000        8.3015923000000003E-007   1.4847312000000001E-008
   1450.0000000000000        1500.0000000000000        7.8895057999999997E-007   1.2223351999999999E-008
   1500.0000000000000        1550.0000000000000        7.3043941999999998E-007   1.2464853999999999E-008
   1550.0000000000000        1600.0000000000000        7.4142666999999998E-007   1.2512951000000000E-008
   1600.0000000000000        1650.0000000000000        6.8953751000000004E-007   1.1687846000000001E-008
   1650.0000000000000        1700.0000000000000        6.6154433000000002E-007   1.4096657000000000E-008
   1700.0000000000000        1750.0000000000000        6.1373674000000002E-007   1.1708656000000000E-008
   1750.0000000000000        1800.0000000000000        6.0668552999999997E-007   1.1602726000000000E-008
   1800.0000000000000        1850.0000000000000        5.5745624000000004E-007   1.1220580000000000E-008
   1850.0000000000000        1900.0000000000000        5.4947544999999998E-007   1.2084025999999999E-008
   1900.0000000000000        1950.0000000000000        5.0280150000000002E-007   1.0533832000000000E-008
   1950.0000000000000        2000.0000000000000        4.9692054000000003E-007   1.2177893000000001E-008
   2000.0000000000000        2050.0000000000000        4.5740398999999997E-007   1.1583756000000000E-008
   2050.0000000000000        2100.0000000000000        4.4640897999999999E-007   1.1505108000000001E-008
   2100.0000000000000        2150.0000000000000        4.1407867000000001E-007   1.0499071000000000E-008
   2150.0000000000000        2200.0000000000000        4.1889887000000000E-007   1.4197391000000000E-008
   2200.0000000000000        2250.0000000000000        3.9629906999999998E-007   1.2425668000000000E-008
   2250.0000000000000        2300.0000000000000        3.5921359999999998E-007   1.0814941000000001E-008
   2300.0000000000000        2350.0000000000000        3.5790273000000000E-007   1.0724654999999999E-008
   2350.0000000000000        2400.0000000000000        3.2882035000000000E-007   1.0848564000000000E-008
   2400.0000000000000        2450.0000000000000        3.0459758000000002E-007   1.0275155999999999E-008
   2450.0000000000000        2500.0000000000000        2.9394816000000000E-007   1.2524333000000000E-008
   2500.0000000000000        2550.0000000000000        2.7141382000000001E-007   1.0530635000000000E-008
   2550.0000000000000        2600.0000000000000        2.5892536999999999E-007   9.9354285000000002E-009
   2600.0000000000000        2650.0000000000000        2.4918970999999998E-007   9.2265533000000004E-009
   2650.0000000000000        2700.0000000000000        2.4089514999999998E-007   9.9624234999999995E-009
   2700.0000000000000        2750.0000000000000        2.1316305999999999E-007   8.8210115000000004E-009
   2750.0000000000000        2800.0000000000000        2.1516886999999999E-007   9.1853723000000004E-009
   2800.0000000000000        2850.0000000000000        2.0910329000000001E-007   9.8130211000000000E-009
   2850.0000000000000        2900.0000000000000        1.9521661999999999E-007   9.9301658000000002E-009
   2900.0000000000000        2950.0000000000000        1.8688160000000000E-007   1.2641211000000000E-008
   2950.0000000000000        3000.0000000000000        1.6872592000000000E-007   9.2603763000000007E-009
   3000.0000000000000        3050.0000000000000        1.6821414999999999E-007   9.9845129000000000E-009
   3050.0000000000000        3100.0000000000000        1.4026468000000000E-007   7.4019216999999997E-009
   3100.0000000000000        3150.0000000000000        1.4015128999999999E-007   8.4859670000000001E-009
   3150.0000000000000        3200.0000000000000        1.5823121000000000E-007   1.0330810000000001E-008
   3200.0000000000000        3250.0000000000000        1.3408285999999999E-007   1.1349808000000001E-008
   3250.0000000000000        3300.0000000000000        1.1922508999999999E-007   7.3866382999999999E-009
   3300.0000000000000        3350.0000000000000        9.4566464000000004E-008   6.7170681000000001E-009
   3350.0000000000000        3400.0000000000000        1.2668404000000001E-007   1.1296420000000001E-008
   3400.0000000000000        3450.0000000000000        9.3143548000000005E-008   6.3057519999999999E-009
   3450.0000000000000        3500.0000000000000        8.4718095999999996E-008   9.4806182999999998E-009
   3500.0000000000000        3550.0000000000000        9.0169865999999996E-008   9.7758860999999994E-009
   3550.0000000000000        3600.0000000000000        7.9352251000000005E-008   6.6702615000000001E-009
   3600.0000000000000        3650.0000000000000        7.2353125000000003E-008   6.6942788999999998E-009
   3650.0000000000000        3700.0000000000000        6.5329234999999994E-008   7.6743069000000000E-009
   3700.0000000000000        3750.0000000000000        5.2032002000000000E-008   4.7103705000000003E-009
   3750.0000000000000        3800.0000000000000        6.9644469999999996E-008   8.7998785000000004E-009
   3800.0000000000000        3850.0000000000000        7.5584586000000005E-008   1.0080967000000000E-008
   3850.0000000000000        3900.0000000000000        6.5233889999999998E-008   7.5079741000000001E-009
   3900.0000000000000        3950.0000000000000        4.2455574000000003E-008   5.0474542999999997E-009
   3950.0000000000000        4000.0000000000000        4.3453599000000001E-008   5.2576848000000003E-009
   4000.0000000000000        4050.0000000000000        4.8742686000000001E-008   6.5053936999999999E-009
   4050.0000000000000        4100.0000000000000        5.7489511000000000E-008   1.3550291000000001E-008
   4100.0000000000000        4150.0000000000000        3.2644173000000003E-008   4.4149852000000004E-009
   4150.0000000000000        4200.0000000000000        3.0794439999999999E-008   5.0542984000000001E-009
   4200.0000000000000        4250.0000000000000        3.1250665999999999E-008   4.8492628000000003E-009
   4250.0000000000000        4300.0000000000000        3.4312167000000000E-008   6.0966017000000004E-009
   4300.0000000000000        4350.0000000000000        3.8952811000000001E-008   1.0280773000000000E-008
   4350.0000000000000        4400.0000000000000        5.4453619000000000E-008   1.3715470000000000E-008
   4400.0000000000000        4450.0000000000000        4.7370055999999998E-008   1.2613173000000001E-008
   4450.0000000000000        4500.0000000000000        2.9050258999999999E-008   8.6569308000000005E-009
   4500.0000000000000        4550.0000000000000        2.0733925000000001E-008   5.1688456000000002E-009
   4550.0000000000000        4600.0000000000000        5.2318499000000003E-008   2.6277700999999999E-008
   4600.0000000000000        4650.0000000000000        1.3896137000000000E-008   4.9629335999999998E-009
   4650.0000000000000        4700.0000000000000        2.8101640000000000E-008   1.6183670999999999E-008
   4700.0000000000000        4750.0000000000000        2.4113087000000000E-008   1.6033546000000001E-008
   4750.0000000000000        4800.0000000000000        1.9737439000000001E-008   6.6622373999999999E-009
   4800.0000000000000        4850.0000000000000        1.8269234999999998E-008   6.4030833000000004E-009
   4850.0000000000000        4900.0000000000000        2.0210730999999998E-008   5.9101246999999997E-009
   4900.0000000000000        4950.0000000000000        3.7495820000000003E-008   1.5365214000000001E-008
   4950.0000000000000        5000.0000000000000        2.6662705000000001E-008   1.6356488000000001E-008
   5000.0000000000000        5050.0000000000000        1.5683085000000000E-008   8.8725633999999992E-009
   5050.0000000000000        5100.0000000000000        2.6743445000000000E-008   1.3242141999999999E-008
   5100.0000000000000        5150.0000000000000        1.8149069999999998E-008   7.0128492999999996E-009
   5150.0000000000000        5200.0000000000000        2.0441600000000000E-008   8.3004132999999993E-009
   5200.0000000000000        5250.0000000000000        4.1923470000000002E-009   1.0431935999999999E-009
   5250.0000000000000        5300.0000000000000        5.9795671999999998E-009   2.0136571000000002E-009
   5300.0000000000000        5350.0000000000000        6.8204218999999997E-009   2.8248183000000000E-009
   5350.0000000000000        5400.0000000000000        1.0155081000000000E-008   6.9419154999999998E-009
   5400.0000000000000        5450.0000000000000        2.3514333999999999E-009   1.2171954999999999E-009
   5450.0000000000000        5500.0000000000000        3.8531136999999997E-009   1.4945474000000000E-009
   5500.0000000000000        5550.0000000000000        4.6843131999999997E-009   3.3051750000000000E-009
   5550.0000000000000        5600.0000000000000        4.0412121000000002E-009   1.4901170000000001E-009
   5600.0000000000000        5650.0000000000000        2.8287082000000001E-009   9.5033504999999992E-010
   5650.0000000000000        5700.0000000000000        3.4383771999999998E-009   1.9472807000000001E-009
   5700.0000000000000        5750.0000000000000        2.0907800000000001E-009   5.8807321000000005E-010
   5750.0000000000000        5800.0000000000000        2.1111655000000001E-009   8.2732186000000001E-010
   5800.0000000000000        5850.0000000000000        1.2361084999999999E-009   4.3771765999999998E-010
   5850.0000000000000        5900.0000000000000        2.9624978000000002E-009   9.9648842999999997E-010
   5900.0000000000000        5950.0000000000000        1.3365459000000000E-009   6.1159998999999999E-010
   5950.0000000000000        6000.0000000000000        2.0726850999999999E-009   1.1683944999999999E-009
   6000.0000000000000        6050.0000000000000        1.1444859999999999E-008   1.0206919000000001E-008
   6050.0000000000000        6100.0000000000000        2.0048216999999998E-009   9.7436449999999992E-010
   6100.0000000000000        6150.0000000000000        1.7464285999999999E-009   5.7638782000000002E-010
   6150.0000000000000        6200.0000000000000        1.1458509000000000E-009   4.3711961000000001E-010
   6200.0000000000000        6250.0000000000000        2.4264850000000000E-009   1.0440155999999999E-009
   6250.0000000000000        6300.0000000000000        9.3545264999999993E-010   3.8293441999999998E-010
   6300.0000000000000        6350.0000000000000        1.8248492999999999E-009   1.1293344000000000E-009
   6350.0000000000000        6400.0000000000000        1.3188060000000000E-008   1.1629231000000000E-008
   6400.0000000000000        6450.0000000000000        1.4503693000000000E-009   7.7969993000000000E-010
   6450.0000000000000        6500.0000000000000        7.1474707000000002E-010   4.6659262000000003E-010
   6500.0000000000000        6550.0000000000000        4.0634256999999999E-010   2.9705270000000001E-010
   6550.0000000000000        6600.0000000000000        7.4418757999999996E-010   3.3239452999999999E-010
   6600.0000000000000        6650.0000000000000       -3.0628996000000001E-010   4.7824718999999997E-010
   6650.0000000000000        6700.0000000000000        7.3134256999999995E-010   3.8368867000000002E-010
   6700.0000000000000        6750.0000000000000        9.7114529000000001E-010   5.2002980999999999E-010
   6750.0000000000000        6800.0000000000000        1.4883751999999999E-010   1.4865134999999999E-010
   6800.0000000000000        6850.0000000000000        3.0694698999999999E-010   2.1687169000000000E-010
   6850.0000000000000        6900.0000000000000        1.0550879999999999E-009   5.2009388000000003E-010
   6900.0000000000000        6950.0000000000000        2.8124666000000001E-009   2.5204287000000002E-009
   6950.0000000000000        7000.0000000000000        1.4883751999999999E-010   1.4865134999999999E-010
   7000.0000000000000        7050.0000000000000        1.4883751999999999E-010   1.4865134999999999E-010
   7050.0000000000000        7100.0000000000000        1.4883751999999999E-010   1.4865134999999999E-010
   7100.0000000000000        7150.0000000000000        1.4883751999999999E-010   1.4865134999999999E-010
   7150.0000000000000        7200.0000000000000        3.5324494000000000E-009   3.0928126999999998E-009
   7200.0000000000000        7250.0000000000000        1.0116369999999999E-009   8.3035687999999997E-010
   7250.0000000000000        7300.0000000000000        2.9767502999999999E-010   2.1022476000000001E-010
   7300.0000000000000        7350.0000000000000        0.0000000000000000        0.0000000000000000     
   7350.0000000000000        7400.0000000000000        1.4883751999999999E-010   1.4865134999999999E-010
   7400.0000000000000        7450.0000000000000        1.4883751999999999E-010   1.4865134999999999E-010
   7450.0000000000000        7500.0000000000000        0.0000000000000000        0.0000000000000000     
   7500.0000000000000        7550.0000000000000        0.0000000000000000        0.0000000000000000     
   7550.0000000000000        7600.0000000000000        4.4651254999999998E-010   2.5747169000000002E-010
   7600.0000000000000        7650.0000000000000        0.0000000000000000        0.0000000000000000     
   7650.0000000000000        7700.0000000000000        0.0000000000000000        0.0000000000000000     
   7700.0000000000000        7750.0000000000000        0.0000000000000000        0.0000000000000000     
   7750.0000000000000        7800.0000000000000        0.0000000000000000        0.0000000000000000     
   7800.0000000000000        7850.0000000000000        1.4883751999999999E-010   1.4865134999999999E-010
   7850.0000000000000        7900.0000000000000        0.0000000000000000        0.0000000000000000     
   7900.0000000000000        7950.0000000000000        0.0000000000000000        0.0000000000000000     
   7950.0000000000000        8000.0000000000000        0.0000000000000000        0.0000000000000000     
   8000.0000000000000        8050.0000000000000        1.0196803000000000E-009   7.2012098000000001E-010
   8050.0000000000000        8100.0000000000000        1.7679744999999999E-010   1.7657631999999999E-010
   8100.0000000000000        8150.0000000000000        0.0000000000000000        0.0000000000000000     
   8150.0000000000000        8200.0000000000000        0.0000000000000000        0.0000000000000000     
   8200.0000000000000        8250.0000000000000        0.0000000000000000        0.0000000000000000     
   8250.0000000000000        8300.0000000000000        1.4883751999999999E-010   1.4865134999999999E-010
   8300.0000000000000        8350.0000000000000        0.0000000000000000        0.0000000000000000     
   8350.0000000000000        8400.0000000000000        0.0000000000000000        0.0000000000000000     
   8400.0000000000000        8450.0000000000000        0.0000000000000000        0.0000000000000000     
   8450.0000000000000        8500.0000000000000        0.0000000000000000        0.0000000000000000     
   8500.0000000000000        8550.0000000000000        0.0000000000000000        0.0000000000000000     
   8550.0000000000000        8600.0000000000000        0.0000000000000000        0.0000000000000000     
   8600.0000000000000        8650.0000000000000        0.0000000000000000        0.0000000000000000     
   8650.0000000000000        8700.0000000000000        0.0000000000000000        0.0000000000000000     
   8700.0000000000000        8750.0000000000000        0.0000000000000000        0.0000000000000000     
   8750.0000000000000        8800.0000000000000        1.4883751999999999E-010   1.4865134999999999E-010
   8800.0000000000000        8850.0000000000000        0.0000000000000000        0.0000000000000000     
   8850.0000000000000        8900.0000000000000        0.0000000000000000        0.0000000000000000     
   8900.0000000000000        8950.0000000000000        0.0000000000000000        0.0000000000000000     
   8950.0000000000000        9000.0000000000000        1.4883751999999999E-010   1.4865134999999999E-010
   9000.0000000000000        9050.0000000000000        0.0000000000000000        0.0000000000000000     
   9050.0000000000000        9100.0000000000000        0.0000000000000000        0.0000000000000000     
   9100.0000000000000        9150.0000000000000        0.0000000000000000        0.0000000000000000     
   9150.0000000000000        9200.0000000000000        0.0000000000000000        0.0000000000000000     
   9200.0000000000000        9250.0000000000000        0.0000000000000000        0.0000000000000000     
   9250.0000000000000        9300.0000000000000        0.0000000000000000        0.0000000000000000     
   9300.0000000000000        9350.0000000000000        1.4883751999999999E-010   1.4865134999999999E-010
   9350.0000000000000        9400.0000000000000        0.0000000000000000        0.0000000000000000     
   9400.0000000000000        9450.0000000000000        0.0000000000000000        0.0000000000000000     
   9450.0000000000000        9500.0000000000000        0.0000000000000000        0.0000000000000000     
   9500.0000000000000        9550.0000000000000        0.0000000000000000        0.0000000000000000     
   9550.0000000000000        9600.0000000000000        0.0000000000000000        0.0000000000000000     
   9600.0000000000000        9650.0000000000000        0.0000000000000000        0.0000000000000000     
   9650.0000000000000        9700.0000000000000        0.0000000000000000        0.0000000000000000     
   9700.0000000000000        9750.0000000000000        0.0000000000000000        0.0000000000000000     
   9750.0000000000000        9800.0000000000000        0.0000000000000000        0.0000000000000000     
   9800.0000000000000        9850.0000000000000        0.0000000000000000        0.0000000000000000     
   9850.0000000000000        9900.0000000000000        0.0000000000000000        0.0000000000000000     
   9900.0000000000000        9950.0000000000000        0.0000000000000000        0.0000000000000000     
   9950.0000000000000        10000.000000000000        0.0000000000000000        0.0000000000000000     
   10000.000000000000        10050.000000000000        0.0000000000000000        0.0000000000000000     
   10050.000000000000        10100.000000000000        0.0000000000000000        0.0000000000000000     
   10100.000000000000        10150.000000000000        0.0000000000000000        0.0000000000000000     
   10150.000000000000        10200.000000000000        0.0000000000000000        0.0000000000000000     
   10200.000000000000        10250.000000000000        0.0000000000000000        0.0000000000000000     
   10250.000000000000        10300.000000000000        0.0000000000000000        0.0000000000000000     
   10300.000000000000        10350.000000000000        0.0000000000000000        0.0000000000000000     
   10350.000000000000        10400.000000000000        0.0000000000000000        0.0000000000000000     
   10400.000000000000        10450.000000000000        0.0000000000000000        0.0000000000000000     
   10450.000000000000        10500.000000000000        0.0000000000000000        0.0000000000000000     
   10500.000000000000        10550.000000000000        0.0000000000000000        0.0000000000000000     
   10550.000000000000        10600.000000000000        0.0000000000000000        0.0000000000000000     
   10600.000000000000        10650.000000000000        0.0000000000000000        0.0000000000000000     
   10650.000000000000        10700.000000000000        0.0000000000000000        0.0000000000000000     
   10700.000000000000        10750.000000000000        0.0000000000000000        0.0000000000000000     
   10750.000000000000        10800.000000000000        0.0000000000000000        0.0000000000000000     
   10800.000000000000        10850.000000000000        0.0000000000000000        0.0000000000000000     
   10850.000000000000        10900.000000000000        0.0000000000000000        0.0000000000000000     
   10900.000000000000        10950.000000000000        0.0000000000000000        0.0000000000000000     
   10950.000000000000        11000.000000000000        0.0000000000000000        0.0000000000000000     
   11000.000000000000        11050.000000000000        0.0000000000000000        0.0000000000000000     
   11050.000000000000        11100.000000000000        0.0000000000000000        0.0000000000000000     
   11100.000000000000        11150.000000000000        0.0000000000000000        0.0000000000000000     
   11150.000000000000        11200.000000000000        0.0000000000000000        0.0000000000000000     
   11200.000000000000        11250.000000000000        0.0000000000000000        0.0000000000000000     
   11250.000000000000        11300.000000000000        0.0000000000000000        0.0000000000000000     
   11300.000000000000        11350.000000000000        0.0000000000000000        0.0000000000000000     
   11350.000000000000        11400.000000000000        0.0000000000000000        0.0000000000000000     
   11400.000000000000        11450.000000000000        0.0000000000000000        0.0000000000000000     
   11450.000000000000        11500.000000000000        0.0000000000000000        0.0000000000000000     
   11500.000000000000        11550.000000000000        0.0000000000000000        0.0000000000000000     
   11550.000000000000        11600.000000000000        0.0000000000000000        0.0000000000000000     
   11600.000000000000        11650.000000000000        0.0000000000000000        0.0000000000000000     
   11650.000000000000        11700.000000000000        0.0000000000000000        0.0000000000000000     
   11700.000000000000        11750.000000000000        0.0000000000000000        0.0000000000000000     
   11750.000000000000        11800.000000000000        0.0000000000000000        0.0000000000000000     
   11800.000000000000        11850.000000000000        0.0000000000000000        0.0000000000000000     
   11850.000000000000        11900.000000000000        0.0000000000000000        0.0000000000000000     
   11900.000000000000        11950.000000000000        0.0000000000000000        0.0000000000000000     
   11950.000000000000        12000.000000000000        0.0000000000000000        0.0000000000000000     
   12000.000000000000        12050.000000000000        0.0000000000000000        0.0000000000000000     
   12050.000000000000        12100.000000000000        0.0000000000000000        0.0000000000000000     
   12100.000000000000        12150.000000000000        0.0000000000000000        0.0000000000000000     
   12150.000000000000        12200.000000000000        0.0000000000000000        0.0000000000000000     
   12200.000000000000        12250.000000000000        0.0000000000000000        0.0000000000000000     
   12250.000000000000        12300.000000000000        0.0000000000000000        0.0000000000000000     
   12300.000000000000        12350.000000000000        0.0000000000000000        0.0000000000000000     
   12350.000000000000        12400.000000000000        0.0000000000000000        0.0000000000000000     
   12400.000000000000        12450.000000000000        0.0000000000000000        0.0000000000000000     
   12450.000000000000        12500.000000000000        0.0000000000000000        0.0000000000000000     
   12500.000000000000        12550.000000000000        0.0000000000000000        0.0000000000000000     
   12550.000000000000        12600.000000000000        0.0000000000000000        0.0000000000000000     
   12600.000000000000        12650.000000000000        0.0000000000000000        0.0000000000000000     
   12650.000000000000        12700.000000000000        0.0000000000000000        0.0000000000000000     
   12700.000000000000        12750.000000000000        0.0000000000000000        0.0000000000000000     
   12750.000000000000        12800.000000000000        0.0000000000000000        0.0000000000000000     
   12800.000000000000        12850.000000000000        0.0000000000000000        0.0000000000000000     
   12850.000000000000        12900.000000000000        0.0000000000000000        0.0000000000000000     
   12900.000000000000        12950.000000000000        0.0000000000000000        0.0000000000000000     
   12950.000000000000        13000.000000000000        0.0000000000000000        0.0000000000000000     
