   0.0000000000000000        20.000000000000000        0.0000000000000000        0.0000000000000000     
   20.000000000000000        40.000000000000000        0.0000000000000000        0.0000000000000000     
   40.000000000000000        60.000000000000000        1.8712949999999998E-005   1.3572417000000001E-007
   60.000000000000000        80.000000000000000        1.7204673000000001E-005   1.3360702999999999E-007
   80.000000000000000        100.00000000000000        1.3484446999999999E-005   1.0638977000000000E-007
   100.00000000000000        120.00000000000000        9.8751970000000000E-006   8.4413795000000002E-008
   120.00000000000000        140.00000000000000        7.4303689000000003E-006   6.8729467999999997E-008
   140.00000000000000        160.00000000000000        5.4597470999999998E-006   5.6338014999999999E-008
   160.00000000000000        180.00000000000000        4.0519348000000001E-006   4.7650453999999999E-008
   180.00000000000000        200.00000000000000        3.1119053999999999E-006   4.2530554000000002E-008
   200.00000000000000        220.00000000000000        2.4336314999999998E-006   3.6582054999999997E-008
   220.00000000000000        240.00000000000000        1.9272580999999998E-006   4.4885349000000003E-008
   240.00000000000000        260.00000000000000        1.4657499999999999E-006   2.6977922000000000E-008
   260.00000000000000        280.00000000000000        1.2157475999999999E-006   4.5888887999999999E-008
   280.00000000000000        300.00000000000000        9.2392445999999996E-007   1.9736566000000001E-008
   300.00000000000000        320.00000000000000        7.5044161000000001E-007   1.8274465999999998E-008
   320.00000000000000        340.00000000000000        6.1337898000000001E-007   3.5313371999999999E-008
   340.00000000000000        360.00000000000000        4.7266251999999998E-007   1.3669504000000000E-008
   360.00000000000000        380.00000000000000        4.2316021000000001E-007   1.4205974000000000E-008
   380.00000000000000        400.00000000000000        3.2822695000000002E-007   1.1682220000000001E-008
   400.00000000000000        420.00000000000000        2.4568813000000002E-007   9.8480865999999994E-009
   420.00000000000000        440.00000000000000        2.1961115000000001E-007   9.2498133000000002E-009
   440.00000000000000        460.00000000000000        1.7597999000000001E-007   8.6117921999999996E-009
   460.00000000000000        480.00000000000000        1.6535310000000000E-007   2.0061258000000000E-008
   480.00000000000000        500.00000000000000        1.3497536999999999E-007   1.1532167999999999E-008
   500.00000000000000        520.00000000000000        9.9641371999999998E-008   6.4157314999999998E-009
   520.00000000000000        540.00000000000000        9.5721910999999997E-008   6.5509495999999999E-009
   540.00000000000000        560.00000000000000        6.9082689999999998E-008   5.1253381999999998E-009
   560.00000000000000        580.00000000000000        5.8077990000000002E-008   4.7031274000000001E-009
   580.00000000000000        600.00000000000000        5.4156437999999999E-008   5.3003151999999999E-009
   600.00000000000000        620.00000000000000        4.0445297999999998E-008   3.9858793999999997E-009
   620.00000000000000        640.00000000000000        4.0558223000000000E-008   3.9502010000000002E-009
   640.00000000000000        660.00000000000000        2.8168709999999999E-008   3.4472529000000002E-009
   660.00000000000000        680.00000000000000        2.6342627000000000E-008   3.4205140999999999E-009
   680.00000000000000        700.00000000000000        2.2114979000000000E-008   2.9742115999999999E-009
   700.00000000000000        720.00000000000000        1.4511658000000000E-008   2.3795827000000002E-009
   720.00000000000000        740.00000000000000        1.4139564000000000E-008   2.2908711999999999E-009
   740.00000000000000        760.00000000000000        1.4088277000000001E-008   2.4423645000000000E-009
   760.00000000000000        780.00000000000000        1.3767469999999999E-008   2.2605272000000002E-009
   780.00000000000000        800.00000000000000        8.4788674000000001E-009   1.8279072000000001E-009
   800.00000000000000        820.00000000000000        9.6894460999999999E-009   1.8979368000000000E-009
   820.00000000000000        840.00000000000000        8.9302509000000001E-009   1.8205998000000000E-009
   840.00000000000000        860.00000000000000        8.5581571000000001E-009   1.7822671000000000E-009
   860.00000000000000        880.00000000000000        7.5998027000000002E-009   1.8159609000000001E-009
   880.00000000000000        900.00000000000000        4.0930317000000000E-009   1.2325519000000000E-009
   900.00000000000000        920.00000000000000        4.8372192000000001E-009   1.3399252000000001E-009
   920.00000000000000        940.00000000000000        2.9767503000000002E-009   1.0511238000000000E-009
   940.00000000000000        960.00000000000000        1.8604688999999999E-009   8.3098631999999999E-010
   960.00000000000000        980.00000000000000        3.3488440999999998E-009   1.1148851000000000E-009
   980.00000000000000        1000.0000000000000        2.2325627000000000E-009   1.0511238000000000E-009
   1000.0000000000000        1020.0000000000000        2.2325627000000000E-009   9.1029990999999996E-010
   1020.0000000000000        1040.0000000000000        1.1162814000000000E-009   6.4367924000000002E-010
   1040.0000000000000        1060.0000000000000        1.4883751999999999E-009   7.4325676000000002E-010
   1060.0000000000000        1080.0000000000000        1.4883751999999999E-009   7.4325676000000002E-010
   1080.0000000000000        1100.0000000000000        1.4883751999999999E-009   7.4325676000000002E-010
   1100.0000000000000        1120.0000000000000        0.0000000000000000        0.0000000000000000     
   1120.0000000000000        1140.0000000000000        3.7209378999999998E-010   3.7162838000000001E-010
   1140.0000000000000        1160.0000000000000        1.4883751999999999E-009   7.4325676000000002E-010
   1160.0000000000000        1180.0000000000000        1.1162814000000000E-009   6.4367924000000002E-010
   1180.0000000000000        1200.0000000000000        7.4418757999999996E-010   5.2556189999999998E-010
   1200.0000000000000        1220.0000000000000        3.7209378999999998E-010   3.7162838000000001E-010
   1220.0000000000000        1240.0000000000000        7.4418757999999996E-010   5.2556189999999998E-010
   1240.0000000000000        1260.0000000000000        7.4418757999999996E-010   5.2556189999999998E-010
   1260.0000000000000        1280.0000000000000        3.7209378999999998E-010   3.7162838000000001E-010
   1280.0000000000000        1300.0000000000000        7.4418757999999996E-010   5.2556189999999998E-010
   1300.0000000000000        1320.0000000000000        0.0000000000000000        0.0000000000000000     
   1320.0000000000000        1340.0000000000000        0.0000000000000000        0.0000000000000000     
   1340.0000000000000        1360.0000000000000        3.7209378999999998E-010   3.7162838000000001E-010
   1360.0000000000000        1380.0000000000000        0.0000000000000000        0.0000000000000000     
   1380.0000000000000        1400.0000000000000        3.7209378999999998E-010   3.7162838000000001E-010
   1400.0000000000000        1420.0000000000000        0.0000000000000000        0.0000000000000000     
   1420.0000000000000        1440.0000000000000        3.7209378999999998E-010   3.7162838000000001E-010
   1440.0000000000000        1460.0000000000000        0.0000000000000000        0.0000000000000000     
   1460.0000000000000        1480.0000000000000        0.0000000000000000        0.0000000000000000     
   1480.0000000000000        1500.0000000000000        3.7209378999999998E-010   3.7162838000000001E-010
   1500.0000000000000        1520.0000000000000        0.0000000000000000        0.0000000000000000     
   1520.0000000000000        1540.0000000000000        0.0000000000000000        0.0000000000000000     
   1540.0000000000000        1560.0000000000000        0.0000000000000000        0.0000000000000000     
   1560.0000000000000        1580.0000000000000        0.0000000000000000        0.0000000000000000     
   1580.0000000000000        1600.0000000000000        3.7209378999999998E-010   3.7162838000000001E-010
   1600.0000000000000        1620.0000000000000        0.0000000000000000        0.0000000000000000     
   1620.0000000000000        1640.0000000000000        0.0000000000000000        0.0000000000000000     
   1640.0000000000000        1660.0000000000000        0.0000000000000000        0.0000000000000000     
   1660.0000000000000        1680.0000000000000        0.0000000000000000        0.0000000000000000     
   1680.0000000000000        1700.0000000000000        0.0000000000000000        0.0000000000000000     
   1700.0000000000000        1720.0000000000000        0.0000000000000000        0.0000000000000000     
   1720.0000000000000        1740.0000000000000        0.0000000000000000        0.0000000000000000     
   1740.0000000000000        1760.0000000000000        0.0000000000000000        0.0000000000000000     
   1760.0000000000000        1780.0000000000000        0.0000000000000000        0.0000000000000000     
   1780.0000000000000        1800.0000000000000        7.4418757999999996E-010   5.2556189999999998E-010
   1800.0000000000000        1820.0000000000000        0.0000000000000000        0.0000000000000000     
   1820.0000000000000        1840.0000000000000        0.0000000000000000        0.0000000000000000     
   1840.0000000000000        1860.0000000000000        0.0000000000000000        0.0000000000000000     
   1860.0000000000000        1880.0000000000000        0.0000000000000000        0.0000000000000000     
   1880.0000000000000        1900.0000000000000        0.0000000000000000        0.0000000000000000     
   1900.0000000000000        1920.0000000000000        0.0000000000000000        0.0000000000000000     
   1920.0000000000000        1940.0000000000000        0.0000000000000000        0.0000000000000000     
   1940.0000000000000        1960.0000000000000        0.0000000000000000        0.0000000000000000     
   1960.0000000000000        1980.0000000000000        0.0000000000000000        0.0000000000000000     
   1980.0000000000000        2000.0000000000000        0.0000000000000000        0.0000000000000000     
   2000.0000000000000        2020.0000000000000        0.0000000000000000        0.0000000000000000     
   2020.0000000000000        2040.0000000000000        0.0000000000000000        0.0000000000000000     
   2040.0000000000000        2060.0000000000000        0.0000000000000000        0.0000000000000000     
   2060.0000000000000        2080.0000000000000        0.0000000000000000        0.0000000000000000     
   2080.0000000000000        2100.0000000000000        0.0000000000000000        0.0000000000000000     
   2100.0000000000000        2120.0000000000000        0.0000000000000000        0.0000000000000000     
   2120.0000000000000        2140.0000000000000        0.0000000000000000        0.0000000000000000     
   2140.0000000000000        2160.0000000000000        0.0000000000000000        0.0000000000000000     
   2160.0000000000000        2180.0000000000000        0.0000000000000000        0.0000000000000000     
   2180.0000000000000        2200.0000000000000        0.0000000000000000        0.0000000000000000     
   2200.0000000000000        2220.0000000000000        0.0000000000000000        0.0000000000000000     
   2220.0000000000000        2240.0000000000000        0.0000000000000000        0.0000000000000000     
   2240.0000000000000        2260.0000000000000        0.0000000000000000        0.0000000000000000     
   2260.0000000000000        2280.0000000000000        0.0000000000000000        0.0000000000000000     
   2280.0000000000000        2300.0000000000000        0.0000000000000000        0.0000000000000000     
   2300.0000000000000        2320.0000000000000        0.0000000000000000        0.0000000000000000     
   2320.0000000000000        2340.0000000000000        0.0000000000000000        0.0000000000000000     
   2340.0000000000000        2360.0000000000000        0.0000000000000000        0.0000000000000000     
   2360.0000000000000        2380.0000000000000        0.0000000000000000        0.0000000000000000     
   2380.0000000000000        2400.0000000000000        0.0000000000000000        0.0000000000000000     
   2400.0000000000000        2420.0000000000000        0.0000000000000000        0.0000000000000000     
   2420.0000000000000        2440.0000000000000        0.0000000000000000        0.0000000000000000     
   2440.0000000000000        2460.0000000000000        0.0000000000000000        0.0000000000000000     
   2460.0000000000000        2480.0000000000000        0.0000000000000000        0.0000000000000000     
   2480.0000000000000        2500.0000000000000        0.0000000000000000        0.0000000000000000     
   2500.0000000000000        2520.0000000000000        0.0000000000000000        0.0000000000000000     
   2520.0000000000000        2540.0000000000000        0.0000000000000000        0.0000000000000000     
   2540.0000000000000        2560.0000000000000        0.0000000000000000        0.0000000000000000     
   2560.0000000000000        2580.0000000000000        0.0000000000000000        0.0000000000000000     
   2580.0000000000000        2600.0000000000000        0.0000000000000000        0.0000000000000000     
   2600.0000000000000        2620.0000000000000        0.0000000000000000        0.0000000000000000     
   2620.0000000000000        2640.0000000000000        0.0000000000000000        0.0000000000000000     
   2640.0000000000000        2660.0000000000000        0.0000000000000000        0.0000000000000000     
   2660.0000000000000        2680.0000000000000        0.0000000000000000        0.0000000000000000     
   2680.0000000000000        2700.0000000000000        0.0000000000000000        0.0000000000000000     
   2700.0000000000000        2720.0000000000000        0.0000000000000000        0.0000000000000000     
   2720.0000000000000        2740.0000000000000        0.0000000000000000        0.0000000000000000     
   2740.0000000000000        2760.0000000000000        0.0000000000000000        0.0000000000000000     
   2760.0000000000000        2780.0000000000000        0.0000000000000000        0.0000000000000000     
   2780.0000000000000        2800.0000000000000        0.0000000000000000        0.0000000000000000     
   2800.0000000000000        2820.0000000000000        0.0000000000000000        0.0000000000000000     
   2820.0000000000000        2840.0000000000000        0.0000000000000000        0.0000000000000000     
   2840.0000000000000        2860.0000000000000        0.0000000000000000        0.0000000000000000     
   2860.0000000000000        2880.0000000000000        0.0000000000000000        0.0000000000000000     
   2880.0000000000000        2900.0000000000000        0.0000000000000000        0.0000000000000000     
   2900.0000000000000        2920.0000000000000        0.0000000000000000        0.0000000000000000     
   2920.0000000000000        2940.0000000000000        0.0000000000000000        0.0000000000000000     
   2940.0000000000000        2960.0000000000000        0.0000000000000000        0.0000000000000000     
   2960.0000000000000        2980.0000000000000        0.0000000000000000        0.0000000000000000     
   2980.0000000000000        3000.0000000000000        0.0000000000000000        0.0000000000000000     
   3000.0000000000000        3020.0000000000000        0.0000000000000000        0.0000000000000000     
   3020.0000000000000        3040.0000000000000        0.0000000000000000        0.0000000000000000     
   3040.0000000000000        3060.0000000000000        0.0000000000000000        0.0000000000000000     
   3060.0000000000000        3080.0000000000000        0.0000000000000000        0.0000000000000000     
   3080.0000000000000        3100.0000000000000        0.0000000000000000        0.0000000000000000     
   3100.0000000000000        3120.0000000000000        0.0000000000000000        0.0000000000000000     
   3120.0000000000000        3140.0000000000000        0.0000000000000000        0.0000000000000000     
   3140.0000000000000        3160.0000000000000        0.0000000000000000        0.0000000000000000     
   3160.0000000000000        3180.0000000000000        0.0000000000000000        0.0000000000000000     
   3180.0000000000000        3200.0000000000000        0.0000000000000000        0.0000000000000000     
   3200.0000000000000        3220.0000000000000        0.0000000000000000        0.0000000000000000     
   3220.0000000000000        3240.0000000000000        0.0000000000000000        0.0000000000000000     
   3240.0000000000000        3260.0000000000000        0.0000000000000000        0.0000000000000000     
   3260.0000000000000        3280.0000000000000        0.0000000000000000        0.0000000000000000     
   3280.0000000000000        3300.0000000000000        0.0000000000000000        0.0000000000000000     
   3300.0000000000000        3320.0000000000000        0.0000000000000000        0.0000000000000000     
   3320.0000000000000        3340.0000000000000        0.0000000000000000        0.0000000000000000     
   3340.0000000000000        3360.0000000000000        0.0000000000000000        0.0000000000000000     
   3360.0000000000000        3380.0000000000000        0.0000000000000000        0.0000000000000000     
   3380.0000000000000        3400.0000000000000        0.0000000000000000        0.0000000000000000     
   3400.0000000000000        3420.0000000000000        0.0000000000000000        0.0000000000000000     
   3420.0000000000000        3440.0000000000000        0.0000000000000000        0.0000000000000000     
   3440.0000000000000        3460.0000000000000        0.0000000000000000        0.0000000000000000     
   3460.0000000000000        3480.0000000000000        0.0000000000000000        0.0000000000000000     
   3480.0000000000000        3500.0000000000000        0.0000000000000000        0.0000000000000000     
   3500.0000000000000        3520.0000000000000        0.0000000000000000        0.0000000000000000     
   3520.0000000000000        3540.0000000000000        0.0000000000000000        0.0000000000000000     
   3540.0000000000000        3560.0000000000000        0.0000000000000000        0.0000000000000000     
   3560.0000000000000        3580.0000000000000        0.0000000000000000        0.0000000000000000     
   3580.0000000000000        3600.0000000000000        0.0000000000000000        0.0000000000000000     
   3600.0000000000000        3620.0000000000000        0.0000000000000000        0.0000000000000000     
   3620.0000000000000        3640.0000000000000        0.0000000000000000        0.0000000000000000     
   3640.0000000000000        3660.0000000000000        0.0000000000000000        0.0000000000000000     
   3660.0000000000000        3680.0000000000000        0.0000000000000000        0.0000000000000000     
   3680.0000000000000        3700.0000000000000        0.0000000000000000        0.0000000000000000     
   3700.0000000000000        3720.0000000000000        0.0000000000000000        0.0000000000000000     
   3720.0000000000000        3740.0000000000000        0.0000000000000000        0.0000000000000000     
   3740.0000000000000        3760.0000000000000        0.0000000000000000        0.0000000000000000     
   3760.0000000000000        3780.0000000000000        0.0000000000000000        0.0000000000000000     
   3780.0000000000000        3800.0000000000000        0.0000000000000000        0.0000000000000000     
   3800.0000000000000        3820.0000000000000        0.0000000000000000        0.0000000000000000     
   3820.0000000000000        3840.0000000000000        0.0000000000000000        0.0000000000000000     
   3840.0000000000000        3860.0000000000000        0.0000000000000000        0.0000000000000000     
   3860.0000000000000        3880.0000000000000        0.0000000000000000        0.0000000000000000     
   3880.0000000000000        3900.0000000000000        0.0000000000000000        0.0000000000000000     
   3900.0000000000000        3920.0000000000000        0.0000000000000000        0.0000000000000000     
   3920.0000000000000        3940.0000000000000        0.0000000000000000        0.0000000000000000     
   3940.0000000000000        3960.0000000000000        0.0000000000000000        0.0000000000000000     
   3960.0000000000000        3980.0000000000000        0.0000000000000000        0.0000000000000000     
   3980.0000000000000        4000.0000000000000        0.0000000000000000        0.0000000000000000     
   4000.0000000000000        4020.0000000000000        0.0000000000000000        0.0000000000000000     
   4020.0000000000000        4040.0000000000000        0.0000000000000000        0.0000000000000000     
   4040.0000000000000        4060.0000000000000        0.0000000000000000        0.0000000000000000     
   4060.0000000000000        4080.0000000000000        0.0000000000000000        0.0000000000000000     
   4080.0000000000000        4100.0000000000000        0.0000000000000000        0.0000000000000000     
   4100.0000000000000        4120.0000000000000        0.0000000000000000        0.0000000000000000     
   4120.0000000000000        4140.0000000000000        0.0000000000000000        0.0000000000000000     
   4140.0000000000000        4160.0000000000000        0.0000000000000000        0.0000000000000000     
   4160.0000000000000        4180.0000000000000        0.0000000000000000        0.0000000000000000     
   4180.0000000000000        4200.0000000000000        0.0000000000000000        0.0000000000000000     
   4200.0000000000000        4220.0000000000000        0.0000000000000000        0.0000000000000000     
   4220.0000000000000        4240.0000000000000        0.0000000000000000        0.0000000000000000     
   4240.0000000000000        4260.0000000000000        0.0000000000000000        0.0000000000000000     
   4260.0000000000000        4280.0000000000000        0.0000000000000000        0.0000000000000000     
   4280.0000000000000        4300.0000000000000        0.0000000000000000        0.0000000000000000     
   4300.0000000000000        4320.0000000000000        0.0000000000000000        0.0000000000000000     
   4320.0000000000000        4340.0000000000000        0.0000000000000000        0.0000000000000000     
   4340.0000000000000        4360.0000000000000        0.0000000000000000        0.0000000000000000     
   4360.0000000000000        4380.0000000000000        0.0000000000000000        0.0000000000000000     
   4380.0000000000000        4400.0000000000000        0.0000000000000000        0.0000000000000000     
   4400.0000000000000        4420.0000000000000        0.0000000000000000        0.0000000000000000     
   4420.0000000000000        4440.0000000000000        0.0000000000000000        0.0000000000000000     
   4440.0000000000000        4460.0000000000000        0.0000000000000000        0.0000000000000000     
   4460.0000000000000        4480.0000000000000        0.0000000000000000        0.0000000000000000     
   4480.0000000000000        4500.0000000000000        0.0000000000000000        0.0000000000000000     
   4500.0000000000000        4520.0000000000000        0.0000000000000000        0.0000000000000000     
   4520.0000000000000        4540.0000000000000        0.0000000000000000        0.0000000000000000     
   4540.0000000000000        4560.0000000000000        0.0000000000000000        0.0000000000000000     
   4560.0000000000000        4580.0000000000000        0.0000000000000000        0.0000000000000000     
   4580.0000000000000        4600.0000000000000        0.0000000000000000        0.0000000000000000     
   4600.0000000000000        4620.0000000000000        0.0000000000000000        0.0000000000000000     
   4620.0000000000000        4640.0000000000000        0.0000000000000000        0.0000000000000000     
   4640.0000000000000        4660.0000000000000        0.0000000000000000        0.0000000000000000     
   4660.0000000000000        4680.0000000000000        0.0000000000000000        0.0000000000000000     
   4680.0000000000000        4700.0000000000000        0.0000000000000000        0.0000000000000000     
   4700.0000000000000        4720.0000000000000        0.0000000000000000        0.0000000000000000     
   4720.0000000000000        4740.0000000000000        0.0000000000000000        0.0000000000000000     
   4740.0000000000000        4760.0000000000000        0.0000000000000000        0.0000000000000000     
   4760.0000000000000        4780.0000000000000        0.0000000000000000        0.0000000000000000     
   4780.0000000000000        4800.0000000000000        0.0000000000000000        0.0000000000000000     
   4800.0000000000000        4820.0000000000000        0.0000000000000000        0.0000000000000000     
   4820.0000000000000        4840.0000000000000        0.0000000000000000        0.0000000000000000     
   4840.0000000000000        4860.0000000000000        0.0000000000000000        0.0000000000000000     
   4860.0000000000000        4880.0000000000000        0.0000000000000000        0.0000000000000000     
   4880.0000000000000        4900.0000000000000        0.0000000000000000        0.0000000000000000     
   4900.0000000000000        4920.0000000000000        0.0000000000000000        0.0000000000000000     
   4920.0000000000000        4940.0000000000000        0.0000000000000000        0.0000000000000000     
   4940.0000000000000        4960.0000000000000        0.0000000000000000        0.0000000000000000     
   4960.0000000000000        4980.0000000000000        0.0000000000000000        0.0000000000000000     
   4980.0000000000000        5000.0000000000000        0.0000000000000000        0.0000000000000000     
   5000.0000000000000        5020.0000000000000        0.0000000000000000        0.0000000000000000     
   5020.0000000000000        5040.0000000000000        0.0000000000000000        0.0000000000000000     
   5040.0000000000000        5060.0000000000000        0.0000000000000000        0.0000000000000000     
   5060.0000000000000        5080.0000000000000        0.0000000000000000        0.0000000000000000     
   5080.0000000000000        5100.0000000000000        0.0000000000000000        0.0000000000000000     
   5100.0000000000000        5120.0000000000000        0.0000000000000000        0.0000000000000000     
   5120.0000000000000        5140.0000000000000        0.0000000000000000        0.0000000000000000     
   5140.0000000000000        5160.0000000000000        0.0000000000000000        0.0000000000000000     
   5160.0000000000000        5180.0000000000000        0.0000000000000000        0.0000000000000000     
   5180.0000000000000        5200.0000000000000        0.0000000000000000        0.0000000000000000     
   5200.0000000000000        5220.0000000000000        0.0000000000000000        0.0000000000000000     
   5220.0000000000000        5240.0000000000000        0.0000000000000000        0.0000000000000000     
   5240.0000000000000        5260.0000000000000        0.0000000000000000        0.0000000000000000     
   5260.0000000000000        5280.0000000000000        0.0000000000000000        0.0000000000000000     
   5280.0000000000000        5300.0000000000000        0.0000000000000000        0.0000000000000000     
   5300.0000000000000        5320.0000000000000        0.0000000000000000        0.0000000000000000     
   5320.0000000000000        5340.0000000000000        0.0000000000000000        0.0000000000000000     
   5340.0000000000000        5360.0000000000000        0.0000000000000000        0.0000000000000000     
   5360.0000000000000        5380.0000000000000        0.0000000000000000        0.0000000000000000     
   5380.0000000000000        5400.0000000000000        0.0000000000000000        0.0000000000000000     
   5400.0000000000000        5420.0000000000000        0.0000000000000000        0.0000000000000000     
   5420.0000000000000        5440.0000000000000        0.0000000000000000        0.0000000000000000     
   5440.0000000000000        5460.0000000000000        0.0000000000000000        0.0000000000000000     
   5460.0000000000000        5480.0000000000000        0.0000000000000000        0.0000000000000000     
   5480.0000000000000        5500.0000000000000        0.0000000000000000        0.0000000000000000     
   5500.0000000000000        5520.0000000000000        0.0000000000000000        0.0000000000000000     
   5520.0000000000000        5540.0000000000000        0.0000000000000000        0.0000000000000000     
   5540.0000000000000        5560.0000000000000        0.0000000000000000        0.0000000000000000     
   5560.0000000000000        5580.0000000000000        0.0000000000000000        0.0000000000000000     
   5580.0000000000000        5600.0000000000000        0.0000000000000000        0.0000000000000000     
   5600.0000000000000        5620.0000000000000        0.0000000000000000        0.0000000000000000     
   5620.0000000000000        5640.0000000000000        0.0000000000000000        0.0000000000000000     
   5640.0000000000000        5660.0000000000000        0.0000000000000000        0.0000000000000000     
   5660.0000000000000        5680.0000000000000        0.0000000000000000        0.0000000000000000     
   5680.0000000000000        5700.0000000000000        0.0000000000000000        0.0000000000000000     
   5700.0000000000000        5720.0000000000000        0.0000000000000000        0.0000000000000000     
   5720.0000000000000        5740.0000000000000        0.0000000000000000        0.0000000000000000     
   5740.0000000000000        5760.0000000000000        0.0000000000000000        0.0000000000000000     
   5760.0000000000000        5780.0000000000000        0.0000000000000000        0.0000000000000000     
   5780.0000000000000        5800.0000000000000        0.0000000000000000        0.0000000000000000     
   5800.0000000000000        5820.0000000000000        0.0000000000000000        0.0000000000000000     
   5820.0000000000000        5840.0000000000000        0.0000000000000000        0.0000000000000000     
   5840.0000000000000        5860.0000000000000        0.0000000000000000        0.0000000000000000     
   5860.0000000000000        5880.0000000000000        0.0000000000000000        0.0000000000000000     
   5880.0000000000000        5900.0000000000000        0.0000000000000000        0.0000000000000000     
   5900.0000000000000        5920.0000000000000        0.0000000000000000        0.0000000000000000     
   5920.0000000000000        5940.0000000000000        0.0000000000000000        0.0000000000000000     
   5940.0000000000000        5960.0000000000000        0.0000000000000000        0.0000000000000000     
   5960.0000000000000        5980.0000000000000        0.0000000000000000        0.0000000000000000     
   5980.0000000000000        6000.0000000000000        0.0000000000000000        0.0000000000000000     
