  -4.5000000000000000       -4.2500000000000000        9.8300093000000007E-009   9.8177139000000004E-009
  -4.2500000000000000       -4.0000000000000000        9.9488915000000004E-009   9.9364475999999992E-009
  -4.0000000000000000       -3.7500000000000000        1.9985607000000000E-007   1.2792084000000000E-007
  -3.7500000000000000       -3.5000000000000000        2.6432538000000001E-007   1.0678875999999999E-007
  -3.5000000000000000       -3.2500000000000000        5.1442268000000000E-007   1.9360785999999999E-007
  -3.2500000000000000       -3.0000000000000000        3.0578802000000000E-007   1.1963174999999999E-007
  -3.0000000000000000       -2.7500000000000000        1.1345196000000001E-006   3.7257520000000002E-007
  -2.7500000000000000       -2.5000000000000000        9.6726354999999995E-007   1.9684971000000000E-007
  -2.5000000000000000       -2.2500000000000000        3.0092680000000001E-006   1.2569382000000001E-006
  -2.2500000000000000       -2.0000000000000000        2.1424098000000000E-006   4.7158955999999999E-007
  -2.0000000000000000       -1.7500000000000000        1.2812614000000001E-006   2.5401831999999999E-007
  -1.7500000000000000       -1.5000000000000000        1.2486859000000001E-006   1.7017903000000001E-007
  -1.5000000000000000       -1.2500000000000000        9.4048990999999996E-007   1.5663493000000001E-007
  -1.2500000000000000       -1.0000000000000000        9.8338666999999990E-007   1.7932832000000000E-007
  -1.0000000000000000      -0.75000000000000000        7.3652433000000002E-007   1.2551635000000000E-007
 -0.75000000000000000      -0.50000000000000000        3.6210138000000002E-007   8.4157094000000001E-008
 -0.50000000000000000      -0.25000000000000000        5.1851800999999999E-007   1.1414779000000000E-007
 -0.25000000000000000        0.0000000000000000        4.9406666999999997E-007   1.1963247999999999E-007
   0.0000000000000000       0.25000000000000000        5.8623401000000002E-007   2.3921640999999999E-007
  0.25000000000000000       0.50000000000000000        5.0363643000000005E-007   1.4096814000000000E-007
  0.50000000000000000       0.75000000000000000        1.0111298000000000E-006   2.5541387999999997E-007
  0.75000000000000000        1.0000000000000000        7.1415728000000002E-007   1.6718315000000001E-007
   1.0000000000000000        1.2500000000000000        1.3968391000000001E-006   3.9303217000000000E-007
   1.2500000000000000        1.5000000000000000        1.0266938000000000E-006   1.7682166000000000E-007
   1.5000000000000000        1.7500000000000000        1.8439900000000000E-006   4.4263076999999997E-007
   1.7500000000000000        2.0000000000000000        1.3967058999999999E-006   4.0555729000000000E-007
   2.0000000000000000        2.2500000000000000        1.0741181000000000E-006   2.1349218999999999E-007
   2.2500000000000000        2.5000000000000000        1.3862745999999999E-006   5.9443781999999995E-007
   2.5000000000000000        2.7500000000000000        1.0243535999999999E-006   2.6738453000000002E-007
   2.7500000000000000        3.0000000000000000        6.1124885000000003E-007   1.7542461000000001E-007
   3.0000000000000000        3.2500000000000000        5.8777566999999995E-007   2.3017092999999999E-007
   3.2500000000000000        3.5000000000000000        1.1830292000000000E-007   4.1682363999999999E-008
   3.5000000000000000        3.7500000000000000        9.4613565000000000E-008   4.8658149000000003E-008
   3.7500000000000000        4.0000000000000000        9.6471559999999997E-008   4.4994311999999999E-008
   4.0000000000000000        4.2500000000000000        1.0948136000000000E-008   1.0934442000000001E-008
   4.2500000000000000        4.5000000000000000        3.8797690000000002E-008   2.7402640000000002E-008
