   0.0000000000000000        20.000000000000000        0.0000000000000000        0.0000000000000000     
   20.000000000000000        40.000000000000000        0.0000000000000000        0.0000000000000000     
   40.000000000000000        60.000000000000000        3.8209549000000001E-008   4.7107199000000000E-009
   60.000000000000000        80.000000000000000        4.8892484000000001E-008   7.6518373000000007E-009
   80.000000000000000        100.00000000000000        4.1414698000000000E-008   6.1771232000000001E-009
   100.00000000000000        120.00000000000000        3.0508017999999997E-008   7.9583951999999994E-009
   120.00000000000000        140.00000000000000        2.1708596000000000E-008   2.9103055999999999E-009
   140.00000000000000        160.00000000000000        2.2423204000000001E-008   2.9678701000000000E-009
   160.00000000000000        180.00000000000000        2.0710475000000001E-008   4.2368952999999999E-009
   180.00000000000000        200.00000000000000        2.0718975000000000E-008   5.0777656999999998E-009
   200.00000000000000        220.00000000000000        1.1372733000000000E-008   2.3058400000000000E-009
   220.00000000000000        240.00000000000000        1.2992292000000000E-008   4.0375606000000001E-009
   240.00000000000000        260.00000000000000        1.3273402000000000E-008   4.9801902000000000E-009
   260.00000000000000        280.00000000000000        8.7673251999999995E-009   2.2686489000000001E-009
   280.00000000000000        300.00000000000000        6.3457003999999998E-009   1.4042183000000000E-009
   300.00000000000000        320.00000000000000        7.7620594999999994E-009   1.8433432000000000E-009
   320.00000000000000        340.00000000000000        1.8690134000000000E-008   1.4862160000000001E-008
   340.00000000000000        360.00000000000000        3.0689200999999998E-009   8.8291172999999996E-010
   360.00000000000000        380.00000000000000        2.9197655000000000E-009   8.5380386999999996E-010
   380.00000000000000        400.00000000000000        2.3093681000000001E-009   8.1847208000000003E-010
   400.00000000000000        420.00000000000000        2.8291221000000001E-009   8.6432242000000000E-010
   420.00000000000000        440.00000000000000        9.2819834000000001E-010   5.4188630000000004E-010
   440.00000000000000        460.00000000000000        3.5602891000000000E-009   1.2531913999999999E-009
   460.00000000000000        480.00000000000000        5.4911810000000000E-009   3.9656198000000001E-009
   480.00000000000000        500.00000000000000        3.7463312999999998E-009   2.8203488000000001E-009
   500.00000000000000        520.00000000000000        1.9931987000000001E-010   1.9907057000000000E-010
   520.00000000000000        540.00000000000000        1.7048251999999999E-009   7.9979235999999995E-010
   540.00000000000000        560.00000000000000        7.7042133000000004E-010   4.3878151000000001E-010
   560.00000000000000        580.00000000000000        6.9876440000000003E-010   4.3744941999999997E-010
   580.00000000000000        600.00000000000000        1.0949507000000000E-009   7.3074708000000000E-010
   600.00000000000000        620.00000000000000        5.7340144999999995E-010   4.2252942999999998E-010
   620.00000000000000        640.00000000000000        1.1844222999999999E-010   1.1829409000000001E-010
   640.00000000000000        660.00000000000000        8.5251312000000003E-010   4.9640535999999995E-010
   660.00000000000000        680.00000000000000        1.1134993999999999E-009   7.2123084000000002E-010
   680.00000000000000        700.00000000000000        7.4418757999999996E-010   5.2556189999999998E-010
   700.00000000000000        720.00000000000000        0.0000000000000000        0.0000000000000000     
   720.00000000000000        740.00000000000000        0.0000000000000000        0.0000000000000000     
   740.00000000000000        760.00000000000000        2.2135862000000000E-010   2.2108174000000000E-010
   760.00000000000000        780.00000000000000        3.7209378999999998E-010   3.7162838000000001E-010
   780.00000000000000        800.00000000000000        2.8556310000000000E-010   2.8520592000000001E-010
   800.00000000000000        820.00000000000000        0.0000000000000000        0.0000000000000000     
   820.00000000000000        840.00000000000000        0.0000000000000000        0.0000000000000000     
   840.00000000000000        860.00000000000000        0.0000000000000000        0.0000000000000000     
   860.00000000000000        880.00000000000000        2.2217234000000000E-010   2.2189446000000001E-010
   880.00000000000000        900.00000000000000        0.0000000000000000        0.0000000000000000     
   900.00000000000000        920.00000000000000        2.8206637999999999E-010   2.0628264000000001E-010
   920.00000000000000        940.00000000000000        0.0000000000000000        0.0000000000000000     
   940.00000000000000        960.00000000000000        0.0000000000000000        0.0000000000000000     
   960.00000000000000        980.00000000000000        8.8466548000000003E-011   8.8355896000000002E-011
   980.00000000000000        1000.0000000000000        0.0000000000000000        0.0000000000000000     
   1000.0000000000000        1020.0000000000000        0.0000000000000000        0.0000000000000000     
   1020.0000000000000        1040.0000000000000        0.0000000000000000        0.0000000000000000     
   1040.0000000000000        1060.0000000000000        7.7099628000000002E-011   7.7003192999999994E-011
   1060.0000000000000        1080.0000000000000        0.0000000000000000        0.0000000000000000     
   1080.0000000000000        1100.0000000000000        0.0000000000000000        0.0000000000000000     
   1100.0000000000000        1120.0000000000000        0.0000000000000000        0.0000000000000000     
   1120.0000000000000        1140.0000000000000        0.0000000000000000        0.0000000000000000     
   1140.0000000000000        1160.0000000000000        0.0000000000000000        0.0000000000000000     
   1160.0000000000000        1180.0000000000000        0.0000000000000000        0.0000000000000000     
   1180.0000000000000        1200.0000000000000        0.0000000000000000        0.0000000000000000     
   1200.0000000000000        1220.0000000000000        0.0000000000000000        0.0000000000000000     
   1220.0000000000000        1240.0000000000000        0.0000000000000000        0.0000000000000000     
   1240.0000000000000        1260.0000000000000        0.0000000000000000        0.0000000000000000     
   1260.0000000000000        1280.0000000000000        0.0000000000000000        0.0000000000000000     
   1280.0000000000000        1300.0000000000000        0.0000000000000000        0.0000000000000000     
   1300.0000000000000        1320.0000000000000        0.0000000000000000        0.0000000000000000     
   1320.0000000000000        1340.0000000000000        0.0000000000000000        0.0000000000000000     
   1340.0000000000000        1360.0000000000000        0.0000000000000000        0.0000000000000000     
   1360.0000000000000        1380.0000000000000        0.0000000000000000        0.0000000000000000     
   1380.0000000000000        1400.0000000000000        0.0000000000000000        0.0000000000000000     
   1400.0000000000000        1420.0000000000000        0.0000000000000000        0.0000000000000000     
   1420.0000000000000        1440.0000000000000        0.0000000000000000        0.0000000000000000     
   1440.0000000000000        1460.0000000000000        0.0000000000000000        0.0000000000000000     
   1460.0000000000000        1480.0000000000000        0.0000000000000000        0.0000000000000000     
   1480.0000000000000        1500.0000000000000        0.0000000000000000        0.0000000000000000     
   1500.0000000000000        1520.0000000000000        0.0000000000000000        0.0000000000000000     
   1520.0000000000000        1540.0000000000000        0.0000000000000000        0.0000000000000000     
   1540.0000000000000        1560.0000000000000        0.0000000000000000        0.0000000000000000     
   1560.0000000000000        1580.0000000000000        0.0000000000000000        0.0000000000000000     
   1580.0000000000000        1600.0000000000000        0.0000000000000000        0.0000000000000000     
   1600.0000000000000        1620.0000000000000        0.0000000000000000        0.0000000000000000     
   1620.0000000000000        1640.0000000000000        0.0000000000000000        0.0000000000000000     
   1640.0000000000000        1660.0000000000000        0.0000000000000000        0.0000000000000000     
   1660.0000000000000        1680.0000000000000        0.0000000000000000        0.0000000000000000     
   1680.0000000000000        1700.0000000000000        0.0000000000000000        0.0000000000000000     
   1700.0000000000000        1720.0000000000000        0.0000000000000000        0.0000000000000000     
   1720.0000000000000        1740.0000000000000        0.0000000000000000        0.0000000000000000     
   1740.0000000000000        1760.0000000000000        0.0000000000000000        0.0000000000000000     
   1760.0000000000000        1780.0000000000000        0.0000000000000000        0.0000000000000000     
   1780.0000000000000        1800.0000000000000        0.0000000000000000        0.0000000000000000     
   1800.0000000000000        1820.0000000000000        0.0000000000000000        0.0000000000000000     
   1820.0000000000000        1840.0000000000000        0.0000000000000000        0.0000000000000000     
   1840.0000000000000        1860.0000000000000        0.0000000000000000        0.0000000000000000     
   1860.0000000000000        1880.0000000000000        0.0000000000000000        0.0000000000000000     
   1880.0000000000000        1900.0000000000000        0.0000000000000000        0.0000000000000000     
   1900.0000000000000        1920.0000000000000        0.0000000000000000        0.0000000000000000     
   1920.0000000000000        1940.0000000000000        0.0000000000000000        0.0000000000000000     
   1940.0000000000000        1960.0000000000000        0.0000000000000000        0.0000000000000000     
   1960.0000000000000        1980.0000000000000        0.0000000000000000        0.0000000000000000     
   1980.0000000000000        2000.0000000000000        0.0000000000000000        0.0000000000000000     
   2000.0000000000000        2020.0000000000000        0.0000000000000000        0.0000000000000000     
   2020.0000000000000        2040.0000000000000        0.0000000000000000        0.0000000000000000     
   2040.0000000000000        2060.0000000000000        0.0000000000000000        0.0000000000000000     
   2060.0000000000000        2080.0000000000000        0.0000000000000000        0.0000000000000000     
   2080.0000000000000        2100.0000000000000        0.0000000000000000        0.0000000000000000     
   2100.0000000000000        2120.0000000000000        0.0000000000000000        0.0000000000000000     
   2120.0000000000000        2140.0000000000000        0.0000000000000000        0.0000000000000000     
   2140.0000000000000        2160.0000000000000        0.0000000000000000        0.0000000000000000     
   2160.0000000000000        2180.0000000000000        0.0000000000000000        0.0000000000000000     
   2180.0000000000000        2200.0000000000000        0.0000000000000000        0.0000000000000000     
   2200.0000000000000        2220.0000000000000        0.0000000000000000        0.0000000000000000     
   2220.0000000000000        2240.0000000000000        0.0000000000000000        0.0000000000000000     
   2240.0000000000000        2260.0000000000000        0.0000000000000000        0.0000000000000000     
   2260.0000000000000        2280.0000000000000        0.0000000000000000        0.0000000000000000     
   2280.0000000000000        2300.0000000000000        0.0000000000000000        0.0000000000000000     
   2300.0000000000000        2320.0000000000000        0.0000000000000000        0.0000000000000000     
   2320.0000000000000        2340.0000000000000        0.0000000000000000        0.0000000000000000     
   2340.0000000000000        2360.0000000000000        0.0000000000000000        0.0000000000000000     
   2360.0000000000000        2380.0000000000000        0.0000000000000000        0.0000000000000000     
   2380.0000000000000        2400.0000000000000        0.0000000000000000        0.0000000000000000     
   2400.0000000000000        2420.0000000000000        0.0000000000000000        0.0000000000000000     
   2420.0000000000000        2440.0000000000000        0.0000000000000000        0.0000000000000000     
   2440.0000000000000        2460.0000000000000        0.0000000000000000        0.0000000000000000     
   2460.0000000000000        2480.0000000000000        0.0000000000000000        0.0000000000000000     
   2480.0000000000000        2500.0000000000000        0.0000000000000000        0.0000000000000000     
   2500.0000000000000        2520.0000000000000        0.0000000000000000        0.0000000000000000     
   2520.0000000000000        2540.0000000000000        0.0000000000000000        0.0000000000000000     
   2540.0000000000000        2560.0000000000000        0.0000000000000000        0.0000000000000000     
   2560.0000000000000        2580.0000000000000        0.0000000000000000        0.0000000000000000     
   2580.0000000000000        2600.0000000000000        0.0000000000000000        0.0000000000000000     
   2600.0000000000000        2620.0000000000000        0.0000000000000000        0.0000000000000000     
   2620.0000000000000        2640.0000000000000        0.0000000000000000        0.0000000000000000     
   2640.0000000000000        2660.0000000000000        0.0000000000000000        0.0000000000000000     
   2660.0000000000000        2680.0000000000000        0.0000000000000000        0.0000000000000000     
   2680.0000000000000        2700.0000000000000        0.0000000000000000        0.0000000000000000     
   2700.0000000000000        2720.0000000000000        0.0000000000000000        0.0000000000000000     
   2720.0000000000000        2740.0000000000000        0.0000000000000000        0.0000000000000000     
   2740.0000000000000        2760.0000000000000        0.0000000000000000        0.0000000000000000     
   2760.0000000000000        2780.0000000000000        0.0000000000000000        0.0000000000000000     
   2780.0000000000000        2800.0000000000000        0.0000000000000000        0.0000000000000000     
   2800.0000000000000        2820.0000000000000        0.0000000000000000        0.0000000000000000     
   2820.0000000000000        2840.0000000000000        0.0000000000000000        0.0000000000000000     
   2840.0000000000000        2860.0000000000000        0.0000000000000000        0.0000000000000000     
   2860.0000000000000        2880.0000000000000        0.0000000000000000        0.0000000000000000     
   2880.0000000000000        2900.0000000000000        0.0000000000000000        0.0000000000000000     
   2900.0000000000000        2920.0000000000000        0.0000000000000000        0.0000000000000000     
   2920.0000000000000        2940.0000000000000        0.0000000000000000        0.0000000000000000     
   2940.0000000000000        2960.0000000000000        0.0000000000000000        0.0000000000000000     
   2960.0000000000000        2980.0000000000000        0.0000000000000000        0.0000000000000000     
   2980.0000000000000        3000.0000000000000        0.0000000000000000        0.0000000000000000     
   3000.0000000000000        3020.0000000000000        0.0000000000000000        0.0000000000000000     
   3020.0000000000000        3040.0000000000000        0.0000000000000000        0.0000000000000000     
   3040.0000000000000        3060.0000000000000        0.0000000000000000        0.0000000000000000     
   3060.0000000000000        3080.0000000000000        0.0000000000000000        0.0000000000000000     
   3080.0000000000000        3100.0000000000000        0.0000000000000000        0.0000000000000000     
   3100.0000000000000        3120.0000000000000        0.0000000000000000        0.0000000000000000     
   3120.0000000000000        3140.0000000000000        0.0000000000000000        0.0000000000000000     
   3140.0000000000000        3160.0000000000000        0.0000000000000000        0.0000000000000000     
   3160.0000000000000        3180.0000000000000        0.0000000000000000        0.0000000000000000     
   3180.0000000000000        3200.0000000000000        0.0000000000000000        0.0000000000000000     
   3200.0000000000000        3220.0000000000000        0.0000000000000000        0.0000000000000000     
   3220.0000000000000        3240.0000000000000        0.0000000000000000        0.0000000000000000     
   3240.0000000000000        3260.0000000000000        0.0000000000000000        0.0000000000000000     
   3260.0000000000000        3280.0000000000000        0.0000000000000000        0.0000000000000000     
   3280.0000000000000        3300.0000000000000        0.0000000000000000        0.0000000000000000     
   3300.0000000000000        3320.0000000000000        0.0000000000000000        0.0000000000000000     
   3320.0000000000000        3340.0000000000000        0.0000000000000000        0.0000000000000000     
   3340.0000000000000        3360.0000000000000        0.0000000000000000        0.0000000000000000     
   3360.0000000000000        3380.0000000000000        0.0000000000000000        0.0000000000000000     
   3380.0000000000000        3400.0000000000000        0.0000000000000000        0.0000000000000000     
   3400.0000000000000        3420.0000000000000        0.0000000000000000        0.0000000000000000     
   3420.0000000000000        3440.0000000000000        0.0000000000000000        0.0000000000000000     
   3440.0000000000000        3460.0000000000000        0.0000000000000000        0.0000000000000000     
   3460.0000000000000        3480.0000000000000        0.0000000000000000        0.0000000000000000     
   3480.0000000000000        3500.0000000000000        0.0000000000000000        0.0000000000000000     
   3500.0000000000000        3520.0000000000000        0.0000000000000000        0.0000000000000000     
   3520.0000000000000        3540.0000000000000        0.0000000000000000        0.0000000000000000     
   3540.0000000000000        3560.0000000000000        0.0000000000000000        0.0000000000000000     
   3560.0000000000000        3580.0000000000000        0.0000000000000000        0.0000000000000000     
   3580.0000000000000        3600.0000000000000        0.0000000000000000        0.0000000000000000     
   3600.0000000000000        3620.0000000000000        0.0000000000000000        0.0000000000000000     
   3620.0000000000000        3640.0000000000000        0.0000000000000000        0.0000000000000000     
   3640.0000000000000        3660.0000000000000        0.0000000000000000        0.0000000000000000     
   3660.0000000000000        3680.0000000000000        0.0000000000000000        0.0000000000000000     
   3680.0000000000000        3700.0000000000000        0.0000000000000000        0.0000000000000000     
   3700.0000000000000        3720.0000000000000        0.0000000000000000        0.0000000000000000     
   3720.0000000000000        3740.0000000000000        0.0000000000000000        0.0000000000000000     
   3740.0000000000000        3760.0000000000000        0.0000000000000000        0.0000000000000000     
   3760.0000000000000        3780.0000000000000        0.0000000000000000        0.0000000000000000     
   3780.0000000000000        3800.0000000000000        0.0000000000000000        0.0000000000000000     
   3800.0000000000000        3820.0000000000000        0.0000000000000000        0.0000000000000000     
   3820.0000000000000        3840.0000000000000        0.0000000000000000        0.0000000000000000     
   3840.0000000000000        3860.0000000000000        0.0000000000000000        0.0000000000000000     
   3860.0000000000000        3880.0000000000000        0.0000000000000000        0.0000000000000000     
   3880.0000000000000        3900.0000000000000        0.0000000000000000        0.0000000000000000     
   3900.0000000000000        3920.0000000000000        0.0000000000000000        0.0000000000000000     
   3920.0000000000000        3940.0000000000000        0.0000000000000000        0.0000000000000000     
   3940.0000000000000        3960.0000000000000        0.0000000000000000        0.0000000000000000     
   3960.0000000000000        3980.0000000000000        0.0000000000000000        0.0000000000000000     
   3980.0000000000000        4000.0000000000000        0.0000000000000000        0.0000000000000000     
   4000.0000000000000        4020.0000000000000        0.0000000000000000        0.0000000000000000     
   4020.0000000000000        4040.0000000000000        0.0000000000000000        0.0000000000000000     
   4040.0000000000000        4060.0000000000000        0.0000000000000000        0.0000000000000000     
   4060.0000000000000        4080.0000000000000        0.0000000000000000        0.0000000000000000     
   4080.0000000000000        4100.0000000000000        0.0000000000000000        0.0000000000000000     
   4100.0000000000000        4120.0000000000000        0.0000000000000000        0.0000000000000000     
   4120.0000000000000        4140.0000000000000        0.0000000000000000        0.0000000000000000     
   4140.0000000000000        4160.0000000000000        0.0000000000000000        0.0000000000000000     
   4160.0000000000000        4180.0000000000000        0.0000000000000000        0.0000000000000000     
   4180.0000000000000        4200.0000000000000        0.0000000000000000        0.0000000000000000     
   4200.0000000000000        4220.0000000000000        0.0000000000000000        0.0000000000000000     
   4220.0000000000000        4240.0000000000000        0.0000000000000000        0.0000000000000000     
   4240.0000000000000        4260.0000000000000        0.0000000000000000        0.0000000000000000     
   4260.0000000000000        4280.0000000000000        0.0000000000000000        0.0000000000000000     
   4280.0000000000000        4300.0000000000000        0.0000000000000000        0.0000000000000000     
   4300.0000000000000        4320.0000000000000        0.0000000000000000        0.0000000000000000     
   4320.0000000000000        4340.0000000000000        0.0000000000000000        0.0000000000000000     
   4340.0000000000000        4360.0000000000000        0.0000000000000000        0.0000000000000000     
   4360.0000000000000        4380.0000000000000        0.0000000000000000        0.0000000000000000     
   4380.0000000000000        4400.0000000000000        0.0000000000000000        0.0000000000000000     
   4400.0000000000000        4420.0000000000000        0.0000000000000000        0.0000000000000000     
   4420.0000000000000        4440.0000000000000        0.0000000000000000        0.0000000000000000     
   4440.0000000000000        4460.0000000000000        0.0000000000000000        0.0000000000000000     
   4460.0000000000000        4480.0000000000000        0.0000000000000000        0.0000000000000000     
   4480.0000000000000        4500.0000000000000        0.0000000000000000        0.0000000000000000     
   4500.0000000000000        4520.0000000000000        0.0000000000000000        0.0000000000000000     
   4520.0000000000000        4540.0000000000000        0.0000000000000000        0.0000000000000000     
   4540.0000000000000        4560.0000000000000        0.0000000000000000        0.0000000000000000     
   4560.0000000000000        4580.0000000000000        0.0000000000000000        0.0000000000000000     
   4580.0000000000000        4600.0000000000000        0.0000000000000000        0.0000000000000000     
   4600.0000000000000        4620.0000000000000        0.0000000000000000        0.0000000000000000     
   4620.0000000000000        4640.0000000000000        0.0000000000000000        0.0000000000000000     
   4640.0000000000000        4660.0000000000000        0.0000000000000000        0.0000000000000000     
   4660.0000000000000        4680.0000000000000        0.0000000000000000        0.0000000000000000     
   4680.0000000000000        4700.0000000000000        0.0000000000000000        0.0000000000000000     
   4700.0000000000000        4720.0000000000000        0.0000000000000000        0.0000000000000000     
   4720.0000000000000        4740.0000000000000        0.0000000000000000        0.0000000000000000     
   4740.0000000000000        4760.0000000000000        0.0000000000000000        0.0000000000000000     
   4760.0000000000000        4780.0000000000000        0.0000000000000000        0.0000000000000000     
   4780.0000000000000        4800.0000000000000        0.0000000000000000        0.0000000000000000     
   4800.0000000000000        4820.0000000000000        0.0000000000000000        0.0000000000000000     
   4820.0000000000000        4840.0000000000000        0.0000000000000000        0.0000000000000000     
   4840.0000000000000        4860.0000000000000        0.0000000000000000        0.0000000000000000     
   4860.0000000000000        4880.0000000000000        0.0000000000000000        0.0000000000000000     
   4880.0000000000000        4900.0000000000000        0.0000000000000000        0.0000000000000000     
   4900.0000000000000        4920.0000000000000        0.0000000000000000        0.0000000000000000     
   4920.0000000000000        4940.0000000000000        0.0000000000000000        0.0000000000000000     
   4940.0000000000000        4960.0000000000000        0.0000000000000000        0.0000000000000000     
   4960.0000000000000        4980.0000000000000        0.0000000000000000        0.0000000000000000     
   4980.0000000000000        5000.0000000000000        0.0000000000000000        0.0000000000000000     
   5000.0000000000000        5020.0000000000000        0.0000000000000000        0.0000000000000000     
   5020.0000000000000        5040.0000000000000        0.0000000000000000        0.0000000000000000     
   5040.0000000000000        5060.0000000000000        0.0000000000000000        0.0000000000000000     
   5060.0000000000000        5080.0000000000000        0.0000000000000000        0.0000000000000000     
   5080.0000000000000        5100.0000000000000        0.0000000000000000        0.0000000000000000     
   5100.0000000000000        5120.0000000000000        0.0000000000000000        0.0000000000000000     
   5120.0000000000000        5140.0000000000000        0.0000000000000000        0.0000000000000000     
   5140.0000000000000        5160.0000000000000        0.0000000000000000        0.0000000000000000     
   5160.0000000000000        5180.0000000000000        0.0000000000000000        0.0000000000000000     
   5180.0000000000000        5200.0000000000000        0.0000000000000000        0.0000000000000000     
   5200.0000000000000        5220.0000000000000        0.0000000000000000        0.0000000000000000     
   5220.0000000000000        5240.0000000000000        0.0000000000000000        0.0000000000000000     
   5240.0000000000000        5260.0000000000000        0.0000000000000000        0.0000000000000000     
   5260.0000000000000        5280.0000000000000        0.0000000000000000        0.0000000000000000     
   5280.0000000000000        5300.0000000000000        0.0000000000000000        0.0000000000000000     
   5300.0000000000000        5320.0000000000000        0.0000000000000000        0.0000000000000000     
   5320.0000000000000        5340.0000000000000        0.0000000000000000        0.0000000000000000     
   5340.0000000000000        5360.0000000000000        0.0000000000000000        0.0000000000000000     
   5360.0000000000000        5380.0000000000000        0.0000000000000000        0.0000000000000000     
   5380.0000000000000        5400.0000000000000        0.0000000000000000        0.0000000000000000     
   5400.0000000000000        5420.0000000000000        0.0000000000000000        0.0000000000000000     
   5420.0000000000000        5440.0000000000000        0.0000000000000000        0.0000000000000000     
   5440.0000000000000        5460.0000000000000        0.0000000000000000        0.0000000000000000     
   5460.0000000000000        5480.0000000000000        0.0000000000000000        0.0000000000000000     
   5480.0000000000000        5500.0000000000000        0.0000000000000000        0.0000000000000000     
   5500.0000000000000        5520.0000000000000        0.0000000000000000        0.0000000000000000     
   5520.0000000000000        5540.0000000000000        0.0000000000000000        0.0000000000000000     
   5540.0000000000000        5560.0000000000000        0.0000000000000000        0.0000000000000000     
   5560.0000000000000        5580.0000000000000        0.0000000000000000        0.0000000000000000     
   5580.0000000000000        5600.0000000000000        0.0000000000000000        0.0000000000000000     
   5600.0000000000000        5620.0000000000000        0.0000000000000000        0.0000000000000000     
   5620.0000000000000        5640.0000000000000        0.0000000000000000        0.0000000000000000     
   5640.0000000000000        5660.0000000000000        0.0000000000000000        0.0000000000000000     
   5660.0000000000000        5680.0000000000000        0.0000000000000000        0.0000000000000000     
   5680.0000000000000        5700.0000000000000        0.0000000000000000        0.0000000000000000     
   5700.0000000000000        5720.0000000000000        0.0000000000000000        0.0000000000000000     
   5720.0000000000000        5740.0000000000000        0.0000000000000000        0.0000000000000000     
   5740.0000000000000        5760.0000000000000        0.0000000000000000        0.0000000000000000     
   5760.0000000000000        5780.0000000000000        0.0000000000000000        0.0000000000000000     
   5780.0000000000000        5800.0000000000000        0.0000000000000000        0.0000000000000000     
   5800.0000000000000        5820.0000000000000        0.0000000000000000        0.0000000000000000     
   5820.0000000000000        5840.0000000000000        0.0000000000000000        0.0000000000000000     
   5840.0000000000000        5860.0000000000000        0.0000000000000000        0.0000000000000000     
   5860.0000000000000        5880.0000000000000        0.0000000000000000        0.0000000000000000     
   5880.0000000000000        5900.0000000000000        0.0000000000000000        0.0000000000000000     
   5900.0000000000000        5920.0000000000000        0.0000000000000000        0.0000000000000000     
   5920.0000000000000        5940.0000000000000        0.0000000000000000        0.0000000000000000     
   5940.0000000000000        5960.0000000000000        0.0000000000000000        0.0000000000000000     
   5960.0000000000000        5980.0000000000000        0.0000000000000000        0.0000000000000000     
   5980.0000000000000        6000.0000000000000        0.0000000000000000        0.0000000000000000     
