10.000000000000000 30.000000000000000 0.0000000000000000 0.0000000000000000  30.000000000000000 0.0000000000000000 0.0000000000000000 
30.000000000000000 50.000000000000000 3.1807596999999999E-007 1.2718971000000000E-008 50.000000000000000 1.7647525999999999E-009 1.0484304000000000E-009
50.000000000000000 70.000000000000000 1.5897558000000000E-006 3.6754203999999998E-008 70.000000000000000 5.6743213999999999E-009 1.9143787000000002E-009
70.000000000000000 90.000000000000000 3.2665482999999999E-006 4.7985025000000001E-008 90.000000000000000 9.8947846999999995E-009 2.4816758000000000E-009
90.000000000000000 110.00000000000000 4.8037398999999997E-006 6.0037158000000001E-008 110.00000000000000 1.7025003000000000E-008 5.0574869999999999E-009
110.00000000000000 130.00000000000000 5.5459034000000002E-006 5.7546242999999999E-008 130.00000000000000 2.1082254000000001E-008 3.5802730999999998E-009
130.00000000000000 150.00000000000000 5.8724220000000001E-006 6.2766440000000002E-008 150.00000000000000 1.9558692000000001E-008 5.0451823000000001E-009
150.00000000000000 170.00000000000000 5.8277052000000004E-006 6.5455268999999996E-008 170.00000000000000 2.3325384999999999E-008 3.7594507999999997E-009
170.00000000000000 190.00000000000000 5.3980373000000000E-006 7.0591283999999998E-008 190.00000000000000 1.6872861000000000E-008 2.3298591000000002E-009
190.00000000000000 210.00000000000000 4.7690867000000002E-006 5.3741528999999998E-008 210.00000000000000 2.4927461000000000E-008 7.8766600000000008E-009
210.00000000000000 230.00000000000000 4.2200266000000002E-006 4.9196902999999999E-008 230.00000000000000 2.3201185000000000E-008 4.1296798000000001E-009
230.00000000000000 250.00000000000000 3.5551179000000002E-006 3.8604391999999999E-008 250.00000000000000 2.4259427000000000E-008 5.4720703000000002E-009
250.00000000000000 270.00000000000000 2.9789134999999998E-006 3.3269357000000003E-008 270.00000000000000 1.4043585000000000E-008 3.7206969000000000E-009
270.00000000000000 290.00000000000000 2.5673979000000002E-006 3.1728340000000000E-008 290.00000000000000 1.3505373999999999E-008 3.8767174999999999E-009
290.00000000000000 310.00000000000000 2.2008711000000002E-006 2.8436223999999999E-008 310.00000000000000 1.3749221000000001E-008 2.6580466000000001E-009
310.00000000000000 330.00000000000000 1.8940723000000001E-006 2.8018924000000000E-008 330.00000000000000 1.0357576000000000E-008 1.8124838999999999E-009
330.00000000000000 350.00000000000000 1.5599950000000000E-006 2.7585671000000001E-008 350.00000000000000 1.3271629999999999E-008 4.8769578000000002E-009
350.00000000000000 370.00000000000000 1.2709803000000001E-006 2.0640838000000001E-008 370.00000000000000 6.0558245000000001E-009 1.6232190000000000E-009
370.00000000000000 390.00000000000000 1.0850735000000000E-006 1.7859951000000000E-008 390.00000000000000 6.7336996000000003E-009 1.3958011000000000E-009
390.00000000000000 410.00000000000000 9.0599181000000003E-007 1.6749897999999998E-008 410.00000000000000 6.3415006000000003E-009 1.6861564000000000E-009
410.00000000000000 430.00000000000000 7.5867060000000001E-007 1.4854767000000000E-008 430.00000000000000 2.0047073000000001E-008 1.4937723999999999E-008
430.00000000000000 450.00000000000000 6.6494391000000002E-007 1.4140483000000000E-008 450.00000000000000 1.1597626000000001E-008 3.9661467000000002E-009
450.00000000000000 470.00000000000000 5.5513025000000003E-007 1.2821417000000000E-008 470.00000000000000 6.2046578000000001E-009 1.5473014000000001E-009
470.00000000000000 490.00000000000000 4.9681129999999996E-007 1.2612479000000000E-008 490.00000000000000 4.6997822000000000E-009 1.1699160000000000E-009
490.00000000000000 510.00000000000000 3.9355859000000001E-007 1.0704907000000001E-008 510.00000000000000 3.6282005000000001E-009 1.2426667000000000E-009
510.00000000000000 530.00000000000000 3.2833564999999998E-007 9.6721078000000001E-009 530.00000000000000 7.6248325000000000E-009 4.1272602999999998E-009
530.00000000000000 550.00000000000000 2.8958180999999998E-007 9.1181589000000003E-009 550.00000000000000 2.7141350000000000E-009 7.7866481000000000E-010
550.00000000000000 570.00000000000000 2.4559728000000001E-007 8.5479804000000002E-009 570.00000000000000 1.9996740000000000E-009 9.7599869000000010E-010
570.00000000000000 590.00000000000000 2.0185058999999999E-007 7.4797620000000000E-009 590.00000000000000 2.4856014999999998E-009 9.1291811999999999E-010
590.00000000000000 610.00000000000000 1.7842456000000000E-007 7.0191993999999997E-009 610.00000000000000 2.9154027000000001E-009 8.2845220000000005E-010
610.00000000000000 630.00000000000000 1.6508280000000001E-007 6.7659719000000001E-009 630.00000000000000 1.9941207000000000E-009 8.6214686000000004E-010
630.00000000000000 650.00000000000000 1.3437173000000001E-007 6.0562135000000000E-009 650.00000000000000 2.7367311999999999E-009 9.8737395000000009E-010
650.00000000000000 670.00000000000000 1.1088294000000000E-007 5.5204500000000003E-009 670.00000000000000 1.9161876999999999E-009 7.8758229000000005E-010
670.00000000000000 690.00000000000000 1.0703140000000000E-007 5.4099417999999998E-009 690.00000000000000 3.6122086000000003E-010 3.6076904000000000E-010
690.00000000000000 710.00000000000000 8.8541761000000006E-008 5.0034927000000001E-009 710.00000000000000 7.9677989000000004E-010 4.5216567000000000E-010
710.00000000000000 730.00000000000000 7.0210277000000004E-008 4.3861228999999998E-009 730.00000000000000 5.3776163999999998E-010 3.6207413000000002E-010
730.00000000000000 750.00000000000000 6.1140351999999997E-008 4.0890972999999998E-009 750.00000000000000 3.3538169000000002E-009 2.8065705999999999E-009
750.00000000000000 770.00000000000000 4.5151174999999998E-008 3.5960326000000000E-009 770.00000000000000 8.2003195000000001E-010 5.6919667999999995E-010
770.00000000000000 790.00000000000000 4.6670248000000000E-008 3.8067261000000001E-009 790.00000000000000 1.4687785999999999E-009 6.5853453999999996E-010
790.00000000000000 810.00000000000000 4.3229768000000003E-008 3.4345539999999999E-009 810.00000000000000 4.4416481000000002E-010 3.2982399999999999E-010
810.00000000000000 830.00000000000000 3.5975844000000001E-008 3.1495356000000001E-009 830.00000000000000 1.0263984000000000E-009 5.5406896000000005E-010
830.00000000000000 850.00000000000000 2.7548604000000000E-008 2.7512413000000001E-009 850.00000000000000 1.9725430000000000E-009 1.0169471000000000E-009
850.00000000000000 870.00000000000000 2.5805855000000000E-008 2.6970357999999999E-009 870.00000000000000 1.2351101999999999E-010 1.2335653999999999E-010
870.00000000000000 890.00000000000000 2.2535706000000000E-008 2.4434772999999999E-009 890.00000000000000 2.4859263000000000E-010 1.7875362000000000E-010
890.00000000000000 910.00000000000000 1.9862447000000000E-008 2.3588916000000000E-009 910.00000000000000 1.1317193999999999E-009 5.1209148999999995E-010
910.00000000000000 930.00000000000000 1.4401777999999999E-008 1.9941043000000001E-009 930.00000000000000 1.1739383000000001E-009 7.2285863000000002E-010
930.00000000000000 950.00000000000000 1.1667796000000000E-008 1.8327422999999999E-009 950.00000000000000 0.0000000000000000 0.0000000000000000 
950.00000000000000 970.00000000000000 1.3869256000000001E-008 1.9217468000000001E-009 970.00000000000000 0.0000000000000000 0.0000000000000000 
970.00000000000000 990.00000000000000 1.0458277000000001E-008 1.7142368000000001E-009 990.00000000000000 1.3051717000000001E-009 8.1820613000000004E-010
990.00000000000000 1010.0000000000000 1.0313341000000001E-008 1.6956437000000001E-009 1010.0000000000000 0.0000000000000000 0.0000000000000000 
1010.0000000000000 1030.0000000000000 9.0610455000000005E-009 1.5991022000000001E-009 1030.0000000000000 0.0000000000000000 0.0000000000000000 
1030.0000000000000 1050.0000000000000 9.3491453999999999E-009 1.5789723000000001E-009 1050.0000000000000 0.0000000000000000 0.0000000000000000 
1050.0000000000000 1070.0000000000000 7.1565304000000000E-009 1.3767898999999999E-009 1070.0000000000000 4.9099591999999998E-010 3.9014103000000000E-010
1070.0000000000000 1090.0000000000000 8.7798216999999993E-009 1.5739291999999999E-009 1090.0000000000000 0.0000000000000000 0.0000000000000000 
1090.0000000000000 1110.0000000000000 3.4792739000000001E-009 9.6423295000000000E-010 1110.0000000000000 0.0000000000000000 0.0000000000000000 
1110.0000000000000 1130.0000000000000 4.5190404000000003E-009 1.0954521000000000E-009 1130.0000000000000 0.0000000000000000 0.0000000000000000 
1130.0000000000000 1150.0000000000000 6.1058866999999997E-009 1.2724399000000000E-009 1150.0000000000000 2.8174812999999998E-010 2.1103910000000000E-010
1150.0000000000000 1170.0000000000000 3.9902003999999999E-009 1.0936655000000000E-009 1170.0000000000000 0.0000000000000000 0.0000000000000000 
1170.0000000000000 1190.0000000000000 2.9598037000000000E-009 8.9164218999999997E-010 1190.0000000000000 0.0000000000000000 0.0000000000000000 
1190.0000000000000 1210.0000000000000 5.5497237999999997E-009 1.2103824000000001E-009 1210.0000000000000 0.0000000000000000 0.0000000000000000 
1210.0000000000000 1230.0000000000000 2.1471325999999998E-009 7.5914091999999999E-010 1230.0000000000000 0.0000000000000000 0.0000000000000000 
1230.0000000000000 1250.0000000000000 1.0935122000000000E-009 6.6284401000000004E-010 1250.0000000000000 0.0000000000000000 0.0000000000000000 
1250.0000000000000 1270.0000000000000 2.1170408999999998E-009 7.4810773999999998E-010 1270.0000000000000 2.0616417000000001E-010 2.0590630999999999E-010
1270.0000000000000 1290.0000000000000 1.5940795000000000E-009 6.5010631999999999E-010 1290.0000000000000 0.0000000000000000 0.0000000000000000 
1290.0000000000000 1310.0000000000000 1.3735102000000000E-009 6.1385880000000002E-010 1310.0000000000000 0.0000000000000000 0.0000000000000000 
1310.0000000000000 1330.0000000000000 5.3740504000000004E-010 3.7952787000000000E-010 1330.0000000000000 0.0000000000000000 0.0000000000000000 
1330.0000000000000 1350.0000000000000 1.8348183000000000E-009 6.9278851000000002E-010 1350.0000000000000 0.0000000000000000 0.0000000000000000 
1350.0000000000000 1370.0000000000000 7.9940786000000001E-010 4.6129521000000001E-010 1370.0000000000000 0.0000000000000000 0.0000000000000000 
1370.0000000000000 1390.0000000000000 1.9237730000000000E-009 7.2637795000000000E-010 1390.0000000000000 0.0000000000000000 0.0000000000000000 
1390.0000000000000 1410.0000000000000 5.4273835000000002E-010 3.8329394999999999E-010 1410.0000000000000 0.0000000000000000 0.0000000000000000 
1410.0000000000000 1430.0000000000000 1.3033297000000000E-009 5.8230538999999997E-010 1430.0000000000000 0.0000000000000000 0.0000000000000000 
1430.0000000000000 1450.0000000000000 7.9693043000000001E-010 4.5953917000000002E-010 1450.0000000000000 0.0000000000000000 0.0000000000000000 
1450.0000000000000 1470.0000000000000 0.0000000000000000 0.0000000000000000  1470.0000000000000 0.0000000000000000 0.0000000000000000 
1470.0000000000000 1490.0000000000000 1.8593142000000000E-009 7.0245196000000003E-010 1490.0000000000000 0.0000000000000000 0.0000000000000000 
1490.0000000000000 1510.0000000000000 0.0000000000000000 0.0000000000000000  1510.0000000000000 0.0000000000000000 0.0000000000000000 
1510.0000000000000 1530.0000000000000 2.7176499999999999E-010 2.7142508000000002E-010 1530.0000000000000 0.0000000000000000 0.0000000000000000 
1530.0000000000000 1550.0000000000000 0.0000000000000000 0.0000000000000000  1550.0000000000000 0.0000000000000000 0.0000000000000000 
1550.0000000000000 1570.0000000000000 2.6403226000000000E-010 2.6370201999999998E-010 1570.0000000000000 0.0000000000000000 0.0000000000000000 
1570.0000000000000 1590.0000000000000 2.7202092000000002E-010 2.7168068000000002E-010 1590.0000000000000 0.0000000000000000 0.0000000000000000 
1590.0000000000000 1610.0000000000000 5.3498838999999999E-010 3.7782076000000002E-010 1610.0000000000000 0.0000000000000000 0.0000000000000000 
1610.0000000000000 1630.0000000000000 2.5303002999999998E-010 2.5271354999999999E-010 1630.0000000000000 0.0000000000000000 0.0000000000000000 
1630.0000000000000 1650.0000000000000 0.0000000000000000 0.0000000000000000  1650.0000000000000 0.0000000000000000 0.0000000000000000 
1650.0000000000000 1670.0000000000000 0.0000000000000000 0.0000000000000000  1670.0000000000000 0.0000000000000000 0.0000000000000000 
1670.0000000000000 1690.0000000000000 0.0000000000000000 0.0000000000000000  1690.0000000000000 0.0000000000000000 0.0000000000000000 
1690.0000000000000 1710.0000000000000 0.0000000000000000 0.0000000000000000  1710.0000000000000 0.0000000000000000 0.0000000000000000 
1710.0000000000000 1730.0000000000000 2.5515626000000001E-010 2.5483712000000001E-010 1730.0000000000000 0.0000000000000000 0.0000000000000000 
1730.0000000000000 1750.0000000000000 0.0000000000000000 0.0000000000000000  1750.0000000000000 0.0000000000000000 0.0000000000000000 
1750.0000000000000 1770.0000000000000 0.0000000000000000 0.0000000000000000  1770.0000000000000 0.0000000000000000 0.0000000000000000 
1770.0000000000000 1790.0000000000000 0.0000000000000000 0.0000000000000000  1790.0000000000000 1.1006586000000000E-010 1.0992819000000000E-010
1790.0000000000000 1810.0000000000000 0.0000000000000000 0.0000000000000000  1810.0000000000000 0.0000000000000000 0.0000000000000000 
1810.0000000000000 1830.0000000000000 0.0000000000000000 0.0000000000000000  1830.0000000000000 0.0000000000000000 0.0000000000000000 
1830.0000000000000 1850.0000000000000 0.0000000000000000 0.0000000000000000  1850.0000000000000 0.0000000000000000 0.0000000000000000 
1850.0000000000000 1870.0000000000000 2.7068371000000002E-010 2.7034514000000001E-010 1870.0000000000000 0.0000000000000000 0.0000000000000000 
1870.0000000000000 1890.0000000000000 0.0000000000000000 0.0000000000000000  1890.0000000000000 0.0000000000000000 0.0000000000000000 
1890.0000000000000 1910.0000000000000 0.0000000000000000 0.0000000000000000  1910.0000000000000 0.0000000000000000 0.0000000000000000 
1910.0000000000000 1930.0000000000000 0.0000000000000000 0.0000000000000000  1930.0000000000000 0.0000000000000000 0.0000000000000000 
1930.0000000000000 1950.0000000000000 0.0000000000000000 0.0000000000000000  1950.0000000000000 0.0000000000000000 0.0000000000000000 
1950.0000000000000 1970.0000000000000 0.0000000000000000 0.0000000000000000  1970.0000000000000 0.0000000000000000 0.0000000000000000 
1970.0000000000000 1990.0000000000000 0.0000000000000000 0.0000000000000000  1990.0000000000000 0.0000000000000000 0.0000000000000000 
1990.0000000000000 2010.0000000000000 0.0000000000000000 0.0000000000000000  2010.0000000000000 0.0000000000000000 0.0000000000000000 
2010.0000000000000 2030.0000000000000 0.0000000000000000 0.0000000000000000  2030.0000000000000 0.0000000000000000 0.0000000000000000 
2030.0000000000000 2050.0000000000000 0.0000000000000000 0.0000000000000000  2050.0000000000000 0.0000000000000000 0.0000000000000000 
2050.0000000000000 2070.0000000000000 0.0000000000000000 0.0000000000000000  2070.0000000000000 0.0000000000000000 0.0000000000000000 
2070.0000000000000 2090.0000000000000 0.0000000000000000 0.0000000000000000  2090.0000000000000 0.0000000000000000 0.0000000000000000 
2090.0000000000000 2110.0000000000000 0.0000000000000000 0.0000000000000000  2110.0000000000000 0.0000000000000000 0.0000000000000000 
2110.0000000000000 2130.0000000000000 0.0000000000000000 0.0000000000000000  2130.0000000000000 0.0000000000000000 0.0000000000000000 
2130.0000000000000 2150.0000000000000 0.0000000000000000 0.0000000000000000  2150.0000000000000 0.0000000000000000 0.0000000000000000 
2150.0000000000000 2170.0000000000000 0.0000000000000000 0.0000000000000000  2170.0000000000000 0.0000000000000000 0.0000000000000000 
2170.0000000000000 2190.0000000000000 0.0000000000000000 0.0000000000000000  2190.0000000000000 0.0000000000000000 0.0000000000000000 
2190.0000000000000 2210.0000000000000 0.0000000000000000 0.0000000000000000  2210.0000000000000 0.0000000000000000 0.0000000000000000 
2210.0000000000000 2230.0000000000000 0.0000000000000000 0.0000000000000000  2230.0000000000000 0.0000000000000000 0.0000000000000000 
2230.0000000000000 2250.0000000000000 0.0000000000000000 0.0000000000000000  2250.0000000000000 0.0000000000000000 0.0000000000000000 
2250.0000000000000 2270.0000000000000 0.0000000000000000 0.0000000000000000  2270.0000000000000 0.0000000000000000 0.0000000000000000 
2270.0000000000000 2290.0000000000000 0.0000000000000000 0.0000000000000000  2290.0000000000000 0.0000000000000000 0.0000000000000000 
2290.0000000000000 2310.0000000000000 0.0000000000000000 0.0000000000000000  2310.0000000000000 0.0000000000000000 0.0000000000000000 
2310.0000000000000 2330.0000000000000 0.0000000000000000 0.0000000000000000  2330.0000000000000 0.0000000000000000 0.0000000000000000 
2330.0000000000000 2350.0000000000000 0.0000000000000000 0.0000000000000000  2350.0000000000000 0.0000000000000000 0.0000000000000000 
2350.0000000000000 2370.0000000000000 0.0000000000000000 0.0000000000000000  2370.0000000000000 0.0000000000000000 0.0000000000000000 
2370.0000000000000 2390.0000000000000 0.0000000000000000 0.0000000000000000  2390.0000000000000 0.0000000000000000 0.0000000000000000 
2390.0000000000000 2410.0000000000000 0.0000000000000000 0.0000000000000000  2410.0000000000000 0.0000000000000000 0.0000000000000000 
2410.0000000000000 2430.0000000000000 0.0000000000000000 0.0000000000000000  2430.0000000000000 0.0000000000000000 0.0000000000000000 
2430.0000000000000 2450.0000000000000 0.0000000000000000 0.0000000000000000  2450.0000000000000 0.0000000000000000 0.0000000000000000 
2450.0000000000000 2470.0000000000000 0.0000000000000000 0.0000000000000000  2470.0000000000000 0.0000000000000000 0.0000000000000000 
2470.0000000000000 2490.0000000000000 0.0000000000000000 0.0000000000000000  2490.0000000000000 0.0000000000000000 0.0000000000000000 
2490.0000000000000 2510.0000000000000 0.0000000000000000 0.0000000000000000  2510.0000000000000 0.0000000000000000 0.0000000000000000 
2510.0000000000000 2530.0000000000000 0.0000000000000000 0.0000000000000000  2530.0000000000000 0.0000000000000000 0.0000000000000000 
2530.0000000000000 2550.0000000000000 0.0000000000000000 0.0000000000000000  2550.0000000000000 0.0000000000000000 0.0000000000000000 
2550.0000000000000 2570.0000000000000 0.0000000000000000 0.0000000000000000  2570.0000000000000 0.0000000000000000 0.0000000000000000 
2570.0000000000000 2590.0000000000000 0.0000000000000000 0.0000000000000000  2590.0000000000000 0.0000000000000000 0.0000000000000000 
2590.0000000000000 2610.0000000000000 0.0000000000000000 0.0000000000000000  2610.0000000000000 0.0000000000000000 0.0000000000000000 
2610.0000000000000 2630.0000000000000 0.0000000000000000 0.0000000000000000  2630.0000000000000 0.0000000000000000 0.0000000000000000 
2630.0000000000000 2650.0000000000000 0.0000000000000000 0.0000000000000000  2650.0000000000000 0.0000000000000000 0.0000000000000000 
2650.0000000000000 2670.0000000000000 0.0000000000000000 0.0000000000000000  2670.0000000000000 0.0000000000000000 0.0000000000000000 
2670.0000000000000 2690.0000000000000 0.0000000000000000 0.0000000000000000  2690.0000000000000 0.0000000000000000 0.0000000000000000 
2690.0000000000000 2710.0000000000000 0.0000000000000000 0.0000000000000000  2710.0000000000000 0.0000000000000000 0.0000000000000000 
2710.0000000000000 2730.0000000000000 0.0000000000000000 0.0000000000000000  2730.0000000000000 0.0000000000000000 0.0000000000000000 
2730.0000000000000 2750.0000000000000 0.0000000000000000 0.0000000000000000  2750.0000000000000 0.0000000000000000 0.0000000000000000 
2750.0000000000000 2770.0000000000000 0.0000000000000000 0.0000000000000000  2770.0000000000000 0.0000000000000000 0.0000000000000000 
2770.0000000000000 2790.0000000000000 0.0000000000000000 0.0000000000000000  2790.0000000000000 0.0000000000000000 0.0000000000000000 
2790.0000000000000 2810.0000000000000 0.0000000000000000 0.0000000000000000  2810.0000000000000 0.0000000000000000 0.0000000000000000 
2810.0000000000000 2830.0000000000000 0.0000000000000000 0.0000000000000000  2830.0000000000000 0.0000000000000000 0.0000000000000000 
2830.0000000000000 2850.0000000000000 0.0000000000000000 0.0000000000000000  2850.0000000000000 0.0000000000000000 0.0000000000000000 
2850.0000000000000 2870.0000000000000 0.0000000000000000 0.0000000000000000  2870.0000000000000 0.0000000000000000 0.0000000000000000 
2870.0000000000000 2890.0000000000000 0.0000000000000000 0.0000000000000000  2890.0000000000000 0.0000000000000000 0.0000000000000000 
2890.0000000000000 2910.0000000000000 0.0000000000000000 0.0000000000000000  2910.0000000000000 0.0000000000000000 0.0000000000000000 
2910.0000000000000 2930.0000000000000 0.0000000000000000 0.0000000000000000  2930.0000000000000 0.0000000000000000 0.0000000000000000 
2930.0000000000000 2950.0000000000000 0.0000000000000000 0.0000000000000000  2950.0000000000000 0.0000000000000000 0.0000000000000000 
2950.0000000000000 2970.0000000000000 0.0000000000000000 0.0000000000000000  2970.0000000000000 0.0000000000000000 0.0000000000000000 
2970.0000000000000 2990.0000000000000 0.0000000000000000 0.0000000000000000  2990.0000000000000 0.0000000000000000 0.0000000000000000 
2990.0000000000000 3010.0000000000000 0.0000000000000000 0.0000000000000000  3010.0000000000000 0.0000000000000000 0.0000000000000000 
3010.0000000000000 3030.0000000000000 0.0000000000000000 0.0000000000000000  3030.0000000000000 0.0000000000000000 0.0000000000000000 
3030.0000000000000 3050.0000000000000 0.0000000000000000 0.0000000000000000  3050.0000000000000 0.0000000000000000 0.0000000000000000 
3050.0000000000000 3070.0000000000000 0.0000000000000000 0.0000000000000000  3070.0000000000000 0.0000000000000000 0.0000000000000000 
3070.0000000000000 3090.0000000000000 0.0000000000000000 0.0000000000000000  3090.0000000000000 0.0000000000000000 0.0000000000000000 
3090.0000000000000 3110.0000000000000 0.0000000000000000 0.0000000000000000  3110.0000000000000 0.0000000000000000 0.0000000000000000 
3110.0000000000000 3130.0000000000000 0.0000000000000000 0.0000000000000000  3130.0000000000000 0.0000000000000000 0.0000000000000000 
3130.0000000000000 3150.0000000000000 0.0000000000000000 0.0000000000000000  3150.0000000000000 0.0000000000000000 0.0000000000000000 
3150.0000000000000 3170.0000000000000 0.0000000000000000 0.0000000000000000  3170.0000000000000 0.0000000000000000 0.0000000000000000 
3170.0000000000000 3190.0000000000000 0.0000000000000000 0.0000000000000000  3190.0000000000000 0.0000000000000000 0.0000000000000000 
3190.0000000000000 3210.0000000000000 0.0000000000000000 0.0000000000000000  3210.0000000000000 0.0000000000000000 0.0000000000000000 
3210.0000000000000 3230.0000000000000 0.0000000000000000 0.0000000000000000  3230.0000000000000 0.0000000000000000 0.0000000000000000 
3230.0000000000000 3250.0000000000000 0.0000000000000000 0.0000000000000000  3250.0000000000000 0.0000000000000000 0.0000000000000000 
3250.0000000000000 3270.0000000000000 0.0000000000000000 0.0000000000000000  3270.0000000000000 0.0000000000000000 0.0000000000000000 
3270.0000000000000 3290.0000000000000 0.0000000000000000 0.0000000000000000  3290.0000000000000 0.0000000000000000 0.0000000000000000 
3290.0000000000000 3310.0000000000000 0.0000000000000000 0.0000000000000000  3310.0000000000000 0.0000000000000000 0.0000000000000000 
3310.0000000000000 3330.0000000000000 0.0000000000000000 0.0000000000000000  3330.0000000000000 0.0000000000000000 0.0000000000000000 
3330.0000000000000 3350.0000000000000 0.0000000000000000 0.0000000000000000  3350.0000000000000 0.0000000000000000 0.0000000000000000 
3350.0000000000000 3370.0000000000000 0.0000000000000000 0.0000000000000000  3370.0000000000000 0.0000000000000000 0.0000000000000000 
3370.0000000000000 3390.0000000000000 0.0000000000000000 0.0000000000000000  3390.0000000000000 0.0000000000000000 0.0000000000000000 
3390.0000000000000 3410.0000000000000 0.0000000000000000 0.0000000000000000  3410.0000000000000 0.0000000000000000 0.0000000000000000 
3410.0000000000000 3430.0000000000000 0.0000000000000000 0.0000000000000000  3430.0000000000000 0.0000000000000000 0.0000000000000000 
3430.0000000000000 3450.0000000000000 0.0000000000000000 0.0000000000000000  3450.0000000000000 0.0000000000000000 0.0000000000000000 
3450.0000000000000 3470.0000000000000 0.0000000000000000 0.0000000000000000  3470.0000000000000 0.0000000000000000 0.0000000000000000 
3470.0000000000000 3490.0000000000000 0.0000000000000000 0.0000000000000000  3490.0000000000000 0.0000000000000000 0.0000000000000000 
3490.0000000000000 3510.0000000000000 0.0000000000000000 0.0000000000000000  3510.0000000000000 0.0000000000000000 0.0000000000000000 
3510.0000000000000 3530.0000000000000 0.0000000000000000 0.0000000000000000  3530.0000000000000 0.0000000000000000 0.0000000000000000 
3530.0000000000000 3550.0000000000000 0.0000000000000000 0.0000000000000000  3550.0000000000000 0.0000000000000000 0.0000000000000000 
3550.0000000000000 3570.0000000000000 0.0000000000000000 0.0000000000000000  3570.0000000000000 0.0000000000000000 0.0000000000000000 
3570.0000000000000 3590.0000000000000 0.0000000000000000 0.0000000000000000  3590.0000000000000 0.0000000000000000 0.0000000000000000 
3590.0000000000000 3610.0000000000000 0.0000000000000000 0.0000000000000000  3610.0000000000000 0.0000000000000000 0.0000000000000000 
3610.0000000000000 3630.0000000000000 0.0000000000000000 0.0000000000000000  3630.0000000000000 0.0000000000000000 0.0000000000000000 
3630.0000000000000 3650.0000000000000 0.0000000000000000 0.0000000000000000  3650.0000000000000 0.0000000000000000 0.0000000000000000 
3650.0000000000000 3670.0000000000000 0.0000000000000000 0.0000000000000000  3670.0000000000000 0.0000000000000000 0.0000000000000000 
3670.0000000000000 3690.0000000000000 0.0000000000000000 0.0000000000000000  3690.0000000000000 0.0000000000000000 0.0000000000000000 
3690.0000000000000 3710.0000000000000 0.0000000000000000 0.0000000000000000  3710.0000000000000 0.0000000000000000 0.0000000000000000 
3710.0000000000000 3730.0000000000000 0.0000000000000000 0.0000000000000000  3730.0000000000000 0.0000000000000000 0.0000000000000000 
3730.0000000000000 3750.0000000000000 0.0000000000000000 0.0000000000000000  3750.0000000000000 0.0000000000000000 0.0000000000000000 
3750.0000000000000 3770.0000000000000 0.0000000000000000 0.0000000000000000  3770.0000000000000 0.0000000000000000 0.0000000000000000 
3770.0000000000000 3790.0000000000000 0.0000000000000000 0.0000000000000000  3790.0000000000000 0.0000000000000000 0.0000000000000000 
3790.0000000000000 3810.0000000000000 0.0000000000000000 0.0000000000000000  3810.0000000000000 0.0000000000000000 0.0000000000000000 
3810.0000000000000 3830.0000000000000 0.0000000000000000 0.0000000000000000  3830.0000000000000 0.0000000000000000 0.0000000000000000 
3830.0000000000000 3850.0000000000000 0.0000000000000000 0.0000000000000000  3850.0000000000000 0.0000000000000000 0.0000000000000000 
3850.0000000000000 3870.0000000000000 0.0000000000000000 0.0000000000000000  3870.0000000000000 0.0000000000000000 0.0000000000000000 
3870.0000000000000 3890.0000000000000 0.0000000000000000 0.0000000000000000  3890.0000000000000 0.0000000000000000 0.0000000000000000 
3890.0000000000000 3910.0000000000000 0.0000000000000000 0.0000000000000000  3910.0000000000000 0.0000000000000000 0.0000000000000000 
3910.0000000000000 3930.0000000000000 0.0000000000000000 0.0000000000000000  3930.0000000000000 0.0000000000000000 0.0000000000000000 
3930.0000000000000 3950.0000000000000 0.0000000000000000 0.0000000000000000  3950.0000000000000 0.0000000000000000 0.0000000000000000 
3950.0000000000000 3970.0000000000000 0.0000000000000000 0.0000000000000000  3970.0000000000000 0.0000000000000000 0.0000000000000000 
3970.0000000000000 3990.0000000000000 0.0000000000000000 0.0000000000000000  3990.0000000000000 0.0000000000000000 0.0000000000000000 
3990.0000000000000 4010.0000000000000 0.0000000000000000 0.0000000000000000  4010.0000000000000 0.0000000000000000 0.0000000000000000 
4010.0000000000000 4030.0000000000000 0.0000000000000000 0.0000000000000000  4030.0000000000000 0.0000000000000000 0.0000000000000000 
4030.0000000000000 4050.0000000000000 0.0000000000000000 0.0000000000000000  4050.0000000000000 0.0000000000000000 0.0000000000000000 
4050.0000000000000 4070.0000000000000 0.0000000000000000 0.0000000000000000  4070.0000000000000 0.0000000000000000 0.0000000000000000 
4070.0000000000000 4090.0000000000000 0.0000000000000000 0.0000000000000000  4090.0000000000000 0.0000000000000000 0.0000000000000000 
4090.0000000000000 4110.0000000000000 0.0000000000000000 0.0000000000000000  4110.0000000000000 0.0000000000000000 0.0000000000000000 
4110.0000000000000 4130.0000000000000 0.0000000000000000 0.0000000000000000  4130.0000000000000 0.0000000000000000 0.0000000000000000 
4130.0000000000000 4150.0000000000000 0.0000000000000000 0.0000000000000000  4150.0000000000000 0.0000000000000000 0.0000000000000000 
4150.0000000000000 4170.0000000000000 0.0000000000000000 0.0000000000000000  4170.0000000000000 0.0000000000000000 0.0000000000000000 
4170.0000000000000 4190.0000000000000 0.0000000000000000 0.0000000000000000  4190.0000000000000 0.0000000000000000 0.0000000000000000 
4190.0000000000000 4210.0000000000000 0.0000000000000000 0.0000000000000000  4210.0000000000000 0.0000000000000000 0.0000000000000000 
4210.0000000000000 4230.0000000000000 0.0000000000000000 0.0000000000000000  4230.0000000000000 0.0000000000000000 0.0000000000000000 
4230.0000000000000 4250.0000000000000 0.0000000000000000 0.0000000000000000  4250.0000000000000 0.0000000000000000 0.0000000000000000 
4250.0000000000000 4270.0000000000000 0.0000000000000000 0.0000000000000000  4270.0000000000000 0.0000000000000000 0.0000000000000000 
4270.0000000000000 4290.0000000000000 0.0000000000000000 0.0000000000000000  4290.0000000000000 0.0000000000000000 0.0000000000000000 
4290.0000000000000 4310.0000000000000 0.0000000000000000 0.0000000000000000  4310.0000000000000 0.0000000000000000 0.0000000000000000 
4310.0000000000000 4330.0000000000000 0.0000000000000000 0.0000000000000000  4330.0000000000000 0.0000000000000000 0.0000000000000000 
4330.0000000000000 4350.0000000000000 0.0000000000000000 0.0000000000000000  4350.0000000000000 0.0000000000000000 0.0000000000000000 
4350.0000000000000 4370.0000000000000 0.0000000000000000 0.0000000000000000  4370.0000000000000 0.0000000000000000 0.0000000000000000 
4370.0000000000000 4390.0000000000000 0.0000000000000000 0.0000000000000000  4390.0000000000000 0.0000000000000000 0.0000000000000000 
4390.0000000000000 4410.0000000000000 0.0000000000000000 0.0000000000000000  4410.0000000000000 0.0000000000000000 0.0000000000000000 
4410.0000000000000 4430.0000000000000 0.0000000000000000 0.0000000000000000  4430.0000000000000 0.0000000000000000 0.0000000000000000 
4430.0000000000000 4450.0000000000000 0.0000000000000000 0.0000000000000000  4450.0000000000000 0.0000000000000000 0.0000000000000000 
4450.0000000000000 4470.0000000000000 0.0000000000000000 0.0000000000000000  4470.0000000000000 0.0000000000000000 0.0000000000000000 
4470.0000000000000 4490.0000000000000 0.0000000000000000 0.0000000000000000  4490.0000000000000 0.0000000000000000 0.0000000000000000 
4490.0000000000000 4510.0000000000000 0.0000000000000000 0.0000000000000000  4510.0000000000000 0.0000000000000000 0.0000000000000000 
4510.0000000000000 4530.0000000000000 0.0000000000000000 0.0000000000000000  4530.0000000000000 0.0000000000000000 0.0000000000000000 
4530.0000000000000 4550.0000000000000 0.0000000000000000 0.0000000000000000  4550.0000000000000 0.0000000000000000 0.0000000000000000 
4550.0000000000000 4570.0000000000000 0.0000000000000000 0.0000000000000000  4570.0000000000000 0.0000000000000000 0.0000000000000000 
4570.0000000000000 4590.0000000000000 0.0000000000000000 0.0000000000000000  4590.0000000000000 0.0000000000000000 0.0000000000000000 
4590.0000000000000 4610.0000000000000 0.0000000000000000 0.0000000000000000  4610.0000000000000 0.0000000000000000 0.0000000000000000 
4610.0000000000000 4630.0000000000000 0.0000000000000000 0.0000000000000000  4630.0000000000000 0.0000000000000000 0.0000000000000000 
4630.0000000000000 4650.0000000000000 0.0000000000000000 0.0000000000000000  4650.0000000000000 0.0000000000000000 0.0000000000000000 
4650.0000000000000 4670.0000000000000 0.0000000000000000 0.0000000000000000  4670.0000000000000 0.0000000000000000 0.0000000000000000 
4670.0000000000000 4690.0000000000000 0.0000000000000000 0.0000000000000000  4690.0000000000000 0.0000000000000000 0.0000000000000000 
4690.0000000000000 4710.0000000000000 0.0000000000000000 0.0000000000000000  4710.0000000000000 0.0000000000000000 0.0000000000000000 
4710.0000000000000 4730.0000000000000 0.0000000000000000 0.0000000000000000  4730.0000000000000 0.0000000000000000 0.0000000000000000 
4730.0000000000000 4750.0000000000000 0.0000000000000000 0.0000000000000000  4750.0000000000000 0.0000000000000000 0.0000000000000000 
4750.0000000000000 4770.0000000000000 0.0000000000000000 0.0000000000000000  4770.0000000000000 0.0000000000000000 0.0000000000000000 
4770.0000000000000 4790.0000000000000 0.0000000000000000 0.0000000000000000  4790.0000000000000 0.0000000000000000 0.0000000000000000 
4790.0000000000000 4810.0000000000000 0.0000000000000000 0.0000000000000000  4810.0000000000000 0.0000000000000000 0.0000000000000000 
4810.0000000000000 4830.0000000000000 0.0000000000000000 0.0000000000000000  4830.0000000000000 0.0000000000000000 0.0000000000000000 
4830.0000000000000 4850.0000000000000 0.0000000000000000 0.0000000000000000  4850.0000000000000 0.0000000000000000 0.0000000000000000 
4850.0000000000000 4870.0000000000000 0.0000000000000000 0.0000000000000000  4870.0000000000000 0.0000000000000000 0.0000000000000000 
4870.0000000000000 4890.0000000000000 0.0000000000000000 0.0000000000000000  4890.0000000000000 0.0000000000000000 0.0000000000000000 
4890.0000000000000 4910.0000000000000 0.0000000000000000 0.0000000000000000  4910.0000000000000 0.0000000000000000 0.0000000000000000 
4910.0000000000000 4930.0000000000000 0.0000000000000000 0.0000000000000000  4930.0000000000000 0.0000000000000000 0.0000000000000000 
4930.0000000000000 4950.0000000000000 0.0000000000000000 0.0000000000000000  4950.0000000000000 0.0000000000000000 0.0000000000000000 
4950.0000000000000 4970.0000000000000 0.0000000000000000 0.0000000000000000  4970.0000000000000 0.0000000000000000 0.0000000000000000 
4970.0000000000000 4990.0000000000000 0.0000000000000000 0.0000000000000000  4990.0000000000000 0.0000000000000000 0.0000000000000000 
4990.0000000000000 5010.0000000000000 0.0000000000000000 0.0000000000000000  5010.0000000000000 0.0000000000000000 0.0000000000000000 
5010.0000000000000 5030.0000000000000 0.0000000000000000 0.0000000000000000  5030.0000000000000 0.0000000000000000 0.0000000000000000 
5030.0000000000000 5050.0000000000000 0.0000000000000000 0.0000000000000000  5050.0000000000000 0.0000000000000000 0.0000000000000000 
5050.0000000000000 5070.0000000000000 0.0000000000000000 0.0000000000000000  5070.0000000000000 0.0000000000000000 0.0000000000000000 
5070.0000000000000 5090.0000000000000 0.0000000000000000 0.0000000000000000  5090.0000000000000 0.0000000000000000 0.0000000000000000 
5090.0000000000000 5110.0000000000000 0.0000000000000000 0.0000000000000000  5110.0000000000000 0.0000000000000000 0.0000000000000000 
5110.0000000000000 5130.0000000000000 0.0000000000000000 0.0000000000000000  5130.0000000000000 0.0000000000000000 0.0000000000000000 
5130.0000000000000 5150.0000000000000 0.0000000000000000 0.0000000000000000  5150.0000000000000 0.0000000000000000 0.0000000000000000 
5150.0000000000000 5170.0000000000000 0.0000000000000000 0.0000000000000000  5170.0000000000000 0.0000000000000000 0.0000000000000000 
5170.0000000000000 5190.0000000000000 0.0000000000000000 0.0000000000000000  5190.0000000000000 0.0000000000000000 0.0000000000000000 
5190.0000000000000 5210.0000000000000 0.0000000000000000 0.0000000000000000  5210.0000000000000 0.0000000000000000 0.0000000000000000 
5210.0000000000000 5230.0000000000000 0.0000000000000000 0.0000000000000000  5230.0000000000000 0.0000000000000000 0.0000000000000000 
5230.0000000000000 5250.0000000000000 0.0000000000000000 0.0000000000000000  5250.0000000000000 0.0000000000000000 0.0000000000000000 
5250.0000000000000 5270.0000000000000 0.0000000000000000 0.0000000000000000  5270.0000000000000 0.0000000000000000 0.0000000000000000 
5270.0000000000000 5290.0000000000000 0.0000000000000000 0.0000000000000000  5290.0000000000000 0.0000000000000000 0.0000000000000000 
5290.0000000000000 5310.0000000000000 0.0000000000000000 0.0000000000000000  5310.0000000000000 0.0000000000000000 0.0000000000000000 
5310.0000000000000 5330.0000000000000 0.0000000000000000 0.0000000000000000  5330.0000000000000 0.0000000000000000 0.0000000000000000 
5330.0000000000000 5350.0000000000000 0.0000000000000000 0.0000000000000000  5350.0000000000000 0.0000000000000000 0.0000000000000000 
5350.0000000000000 5370.0000000000000 0.0000000000000000 0.0000000000000000  5370.0000000000000 0.0000000000000000 0.0000000000000000 
5370.0000000000000 5390.0000000000000 0.0000000000000000 0.0000000000000000  5390.0000000000000 0.0000000000000000 0.0000000000000000 
5390.0000000000000 5410.0000000000000 0.0000000000000000 0.0000000000000000  5410.0000000000000 0.0000000000000000 0.0000000000000000 
5410.0000000000000 5430.0000000000000 0.0000000000000000 0.0000000000000000  5430.0000000000000 0.0000000000000000 0.0000000000000000 
5430.0000000000000 5450.0000000000000 0.0000000000000000 0.0000000000000000  5450.0000000000000 0.0000000000000000 0.0000000000000000 
5450.0000000000000 5470.0000000000000 0.0000000000000000 0.0000000000000000  5470.0000000000000 0.0000000000000000 0.0000000000000000 
5470.0000000000000 5490.0000000000000 0.0000000000000000 0.0000000000000000  5490.0000000000000 0.0000000000000000 0.0000000000000000 
5490.0000000000000 5510.0000000000000 0.0000000000000000 0.0000000000000000  5510.0000000000000 0.0000000000000000 0.0000000000000000 
5510.0000000000000 5530.0000000000000 0.0000000000000000 0.0000000000000000  5530.0000000000000 0.0000000000000000 0.0000000000000000 
5530.0000000000000 5550.0000000000000 0.0000000000000000 0.0000000000000000  5550.0000000000000 0.0000000000000000 0.0000000000000000 
5550.0000000000000 5570.0000000000000 0.0000000000000000 0.0000000000000000  5570.0000000000000 0.0000000000000000 0.0000000000000000 
5570.0000000000000 5590.0000000000000 0.0000000000000000 0.0000000000000000  5590.0000000000000 0.0000000000000000 0.0000000000000000 
5590.0000000000000 5610.0000000000000 0.0000000000000000 0.0000000000000000  5610.0000000000000 0.0000000000000000 0.0000000000000000 
5610.0000000000000 5630.0000000000000 0.0000000000000000 0.0000000000000000  5630.0000000000000 0.0000000000000000 0.0000000000000000 
5630.0000000000000 5650.0000000000000 0.0000000000000000 0.0000000000000000  5650.0000000000000 0.0000000000000000 0.0000000000000000 
5650.0000000000000 5670.0000000000000 0.0000000000000000 0.0000000000000000  5670.0000000000000 0.0000000000000000 0.0000000000000000 
5670.0000000000000 5690.0000000000000 0.0000000000000000 0.0000000000000000  5690.0000000000000 0.0000000000000000 0.0000000000000000 
5690.0000000000000 5710.0000000000000 0.0000000000000000 0.0000000000000000  5710.0000000000000 0.0000000000000000 0.0000000000000000 
5710.0000000000000 5730.0000000000000 0.0000000000000000 0.0000000000000000  5730.0000000000000 0.0000000000000000 0.0000000000000000 
5730.0000000000000 5750.0000000000000 0.0000000000000000 0.0000000000000000  5750.0000000000000 0.0000000000000000 0.0000000000000000 
5750.0000000000000 5770.0000000000000 0.0000000000000000 0.0000000000000000  5770.0000000000000 0.0000000000000000 0.0000000000000000 
5770.0000000000000 5790.0000000000000 0.0000000000000000 0.0000000000000000  5790.0000000000000 0.0000000000000000 0.0000000000000000 
5790.0000000000000 5810.0000000000000 0.0000000000000000 0.0000000000000000  5810.0000000000000 0.0000000000000000 0.0000000000000000 
5810.0000000000000 5830.0000000000000 0.0000000000000000 0.0000000000000000  5830.0000000000000 0.0000000000000000 0.0000000000000000 
5830.0000000000000 5850.0000000000000 0.0000000000000000 0.0000000000000000  5850.0000000000000 0.0000000000000000 0.0000000000000000 
5850.0000000000000 5870.0000000000000 0.0000000000000000 0.0000000000000000  5870.0000000000000 0.0000000000000000 0.0000000000000000 
5870.0000000000000 5890.0000000000000 0.0000000000000000 0.0000000000000000  5890.0000000000000 0.0000000000000000 0.0000000000000000 
5890.0000000000000 5910.0000000000000 0.0000000000000000 0.0000000000000000  5910.0000000000000 0.0000000000000000 0.0000000000000000 
5910.0000000000000 5930.0000000000000 0.0000000000000000 0.0000000000000000  5930.0000000000000 0.0000000000000000 0.0000000000000000 
5930.0000000000000 5950.0000000000000 0.0000000000000000 0.0000000000000000  5950.0000000000000 0.0000000000000000 0.0000000000000000 
5950.0000000000000 5970.0000000000000 0.0000000000000000 0.0000000000000000  5970.0000000000000 0.0000000000000000 0.0000000000000000 
5970.0000000000000 5990.0000000000000 0.0000000000000000 0.0000000000000000  5990.0000000000000 0.0000000000000000 0.0000000000000000 
5990.0000000000000 6010.0000000000000 0.0000000000000000 0.0000000000000000  6010.0000000000000 0.0000000000000000 0.0000000000000000 
