0.0000000000000000 50.000000000000000 0.0000000000000000 0.0000000000000000  50.000000000000000 0.0000000000000000 0.0000000000000000 
50.000000000000000 100.00000000000000 0.0000000000000000 0.0000000000000000  100.00000000000000 0.0000000000000000 0.0000000000000000 
100.00000000000000 150.00000000000000 0.0000000000000000 0.0000000000000000  150.00000000000000 0.0000000000000000 0.0000000000000000 
150.00000000000000 200.00000000000000 0.0000000000000000 0.0000000000000000  200.00000000000000 0.0000000000000000 0.0000000000000000 
200.00000000000000 250.00000000000000 0.0000000000000000 0.0000000000000000  250.00000000000000 0.0000000000000000 0.0000000000000000 
250.00000000000000 300.00000000000000 0.0000000000000000 0.0000000000000000  300.00000000000000 0.0000000000000000 0.0000000000000000 
300.00000000000000 350.00000000000000 0.0000000000000000 0.0000000000000000  350.00000000000000 0.0000000000000000 0.0000000000000000 
350.00000000000000 400.00000000000000 0.0000000000000000 0.0000000000000000  400.00000000000000 0.0000000000000000 0.0000000000000000 
400.00000000000000 450.00000000000000 0.0000000000000000 0.0000000000000000  450.00000000000000 0.0000000000000000 0.0000000000000000 
450.00000000000000 500.00000000000000 0.0000000000000000 0.0000000000000000  500.00000000000000 0.0000000000000000 0.0000000000000000 
500.00000000000000 550.00000000000000 7.9434823000000000E-007 9.2383152999999993E-009 550.00000000000000 3.4658279000000000E-009 6.9326556000000000E-010
550.00000000000000 600.00000000000000 8.5521312000000003E-007 9.6615380000000007E-009 600.00000000000000 3.6280755000000000E-009 6.5349495000000001E-010
600.00000000000000 650.00000000000000 8.6383059000000000E-007 9.7007995999999993E-009 650.00000000000000 7.1314522999999997E-009 1.4056253000000000E-009
650.00000000000000 700.00000000000000 8.7724299999999996E-007 9.8179411000000001E-009 700.00000000000000 5.1989100000000002E-009 1.2827162999999999E-009
700.00000000000000 750.00000000000000 8.8409326999999997E-007 9.8414721000000002E-009 750.00000000000000 4.2170326000000003E-009 8.1179591000000001E-010
750.00000000000000 800.00000000000000 8.9196569000000005E-007 9.9855349999999999E-009 800.00000000000000 5.6388662999999996E-009 1.8985095000000001E-009
800.00000000000000 850.00000000000000 8.7337860999999999E-007 9.8840474999999996E-009 850.00000000000000 4.2650617000000003E-009 7.2304699999999997E-010
850.00000000000000 900.00000000000000 8.6667484000000000E-007 9.9598810999999997E-009 900.00000000000000 5.5386881999999999E-009 1.5869420999999999E-009
900.00000000000000 950.00000000000000 8.3427408000000000E-007 9.6673036000000006E-009 950.00000000000000 5.8778247000000001E-009 1.8741554999999999E-009
950.00000000000000 1000.0000000000000 8.2011969999999998E-007 9.6656175000000008E-009 1000.0000000000000 3.6336139999999999E-009 7.3995135999999997E-010
1000.0000000000000 1050.0000000000000 7.9169467999999995E-007 9.5872525999999995E-009 1050.0000000000000 4.3569330999999999E-009 1.3393192000000000E-009
1050.0000000000000 1100.0000000000000 7.8244787000000002E-007 9.6871723999999997E-009 1100.0000000000000 3.8786551999999996E-009 6.8609972000000003E-010
1100.0000000000000 1150.0000000000000 7.3632763000000001E-007 9.4136766000000003E-009 1150.0000000000000 2.8576170000000002E-009 5.5494949000000004E-010
1150.0000000000000 1200.0000000000000 7.3984852000000003E-007 9.6174525999999997E-009 1200.0000000000000 3.0749713000000002E-009 7.4188485999999996E-010
1200.0000000000000 1250.0000000000000 7.0575343999999996E-007 9.3509394999999994E-009 1250.0000000000000 3.7156702999999999E-009 6.6614288999999999E-010
1250.0000000000000 1300.0000000000000 6.6866220000000005E-007 9.2362865999999995E-009 1300.0000000000000 6.4180097999999998E-009 1.9549858000000000E-009
1300.0000000000000 1350.0000000000000 6.3258793000000004E-007 9.1376141999999999E-009 1350.0000000000000 3.7825977999999999E-009 8.0247371000000000E-010
1350.0000000000000 1400.0000000000000 6.1523675999999999E-007 9.6074319000000000E-009 1400.0000000000000 2.8804288999999998E-009 1.2153563000000001E-009
1400.0000000000000 1450.0000000000000 5.8350156999999998E-007 9.1480392999999995E-009 1450.0000000000000 4.0749517000000004E-009 1.6537158000000001E-009
1450.0000000000000 1500.0000000000000 5.5857977999999996E-007 8.6303407999999996E-009 1500.0000000000000 3.8847753000000001E-009 9.1837209000000001E-010
1500.0000000000000 1550.0000000000000 5.1765683999999996E-007 8.5177713000000005E-009 1550.0000000000000 2.9295522000000000E-009 1.2252763000000000E-009
1550.0000000000000 1600.0000000000000 5.2417960000000000E-007 8.7517874999999996E-009 1600.0000000000000 3.8967844000000000E-009 1.1038693000000000E-009
1600.0000000000000 1650.0000000000000 4.9104594000000004E-007 8.3474425000000007E-009 1650.0000000000000 1.5760809000000001E-009 4.2241301000000001E-010
1650.0000000000000 1700.0000000000000 4.6341335000000002E-007 8.6062004000000005E-009 1700.0000000000000 4.8776448000000000E-009 2.0242122999999999E-009
1700.0000000000000 1750.0000000000000 4.3610955000000001E-007 8.3499496000000008E-009 1750.0000000000000 1.9499702000000001E-009 4.9871559999999995E-010
1750.0000000000000 1800.0000000000000 4.3181616000000000E-007 8.2921300000000008E-009 1800.0000000000000 1.5228326000000000E-009 4.3927082000000001E-010
1800.0000000000000 1850.0000000000000 3.9670869000000002E-007 8.0201889000000007E-009 1850.0000000000000 1.6286932000000001E-009 4.7575764999999999E-010
1850.0000000000000 1900.0000000000000 3.9079043999999998E-007 8.5479058999999996E-009 1900.0000000000000 1.3184699000000001E-009 5.6280067000000005E-010
1900.0000000000000 1950.0000000000000 3.5721162000000001E-007 7.5135240000000008E-009 1950.0000000000000 2.0241172000000002E-009 5.8477280000000000E-010
1950.0000000000000 2000.0000000000000 3.5395213000000001E-007 8.6301817000000002E-009 2000.0000000000000 1.1989587000000000E-009 4.3483329000000001E-010
2000.0000000000000 2050.0000000000000 3.2526622999999998E-007 8.2724761000000008E-009 2050.0000000000000 1.5254989000000000E-009 6.1095027000000001E-010
2050.0000000000000 2100.0000000000000 3.1634333999999998E-007 8.0636587000000007E-009 2100.0000000000000 1.5733400000000001E-009 5.6019191000000004E-010
2100.0000000000000 2150.0000000000000 2.9572759999999999E-007 7.5340653000000008E-009 2150.0000000000000 6.0478582000000003E-010 2.3391023000000001E-010
2150.0000000000000 2200.0000000000000 2.9676799999999997E-007 9.9300804999999994E-009 2200.0000000000000 1.4359507000000000E-009 4.4644139999999999E-010
2200.0000000000000 2250.0000000000000 2.8063562999999998E-007 8.7834692000000006E-009 2250.0000000000000 1.2997306000000000E-009 5.4625326000000000E-010
2250.0000000000000 2300.0000000000000 2.5638516000000000E-007 7.7897200000000007E-009 2300.0000000000000 5.8403393000000003E-010 2.3403701000000002E-010
2300.0000000000000 2350.0000000000000 2.5477310000000002E-007 7.6751986999999997E-009 2350.0000000000000 1.0708596000000000E-009 4.2539272999999998E-010
2350.0000000000000 2400.0000000000000 2.3477500000000001E-007 7.7663921000000008E-009 2400.0000000000000 3.4874527999999997E-010 1.7380981000000000E-010
2400.0000000000000 2450.0000000000000 2.1744775000000000E-007 7.3577994000000002E-009 2450.0000000000000 3.1166280999999999E-010 2.2566546000000000E-010
2450.0000000000000 2500.0000000000000 2.0922418000000001E-007 8.9799890999999998E-009 2500.0000000000000 9.0831538000000002E-010 6.8154321000000004E-010
2500.0000000000000 2550.0000000000000 1.9296148000000000E-007 7.5024693000000007E-009 2550.0000000000000 1.6783084999999999E-009 7.7677697000000003E-010
2550.0000000000000 2600.0000000000000 1.8168714999999999E-007 6.6770039999999996E-009 2600.0000000000000 1.3664260000000000E-009 8.9918765999999999E-010
2600.0000000000000 2650.0000000000000 1.7696527000000000E-007 6.5803914999999999E-009 2650.0000000000000 4.4688934000000000E-010 1.8507472999999999E-010
2650.0000000000000 2700.0000000000000 1.7178563000000001E-007 7.1749424000000004E-009 2700.0000000000000 3.5997826999999998E-010 1.5821634000000000E-010
2700.0000000000000 2750.0000000000000 1.5135429000000001E-007 6.3010702999999997E-009 2750.0000000000000 7.9994337000000005E-010 3.7181674000000002E-010
2750.0000000000000 2800.0000000000000 1.5136357999999999E-007 6.3735608000000003E-009 2800.0000000000000 1.9140530000000002E-009 1.4431768000000000E-009
2800.0000000000000 2850.0000000000000 1.4883998999999999E-007 7.0014053000000003E-009 2850.0000000000000 4.0675010999999999E-010 2.3360571000000000E-010
2850.0000000000000 2900.0000000000000 1.3625141000000000E-007 6.6994627000000004E-009 2900.0000000000000 1.6438758000000000E-009 9.2352870999999996E-010
2900.0000000000000 2950.0000000000000 1.3334616000000001E-007 9.0699024999999998E-009 2950.0000000000000 7.2547515999999998E-011 5.1357177999999997E-011
2950.0000000000000 3000.0000000000000 1.1988418000000001E-007 6.6118638000000003E-009 3000.0000000000000 4.6525873999999997E-010 1.8099676000000001E-010
3000.0000000000000 3050.0000000000000 1.1953637999999999E-007 7.0550060000000004E-009 3050.0000000000000 2.9007081999999999E-010 1.9390786000000001E-010
3050.0000000000000 3100.0000000000000 9.9041736000000003E-008 5.2117808000000002E-009 3100.0000000000000 7.3549182999999999E-010 4.0733696000000001E-010
3100.0000000000000 3150.0000000000000 9.9747907999999998E-008 6.0114916999999996E-009 3150.0000000000000 2.6913602000000002E-010 2.0399478000000000E-010
3150.0000000000000 3200.0000000000000 1.1201415000000000E-007 7.3058156000000002E-009 3200.0000000000000 7.4675195000000003E-010 5.8436536000000003E-010
3200.0000000000000 3250.0000000000000 9.6044171999999998E-008 8.1981881000000004E-009 3250.0000000000000 0.0000000000000000 0.0000000000000000 
3250.0000000000000 3300.0000000000000 8.5222644000000001E-008 5.2766091000000002E-009 3300.0000000000000 2.0394730000000000E-010 1.5851409999999999E-010
3300.0000000000000 3350.0000000000000 6.7485010999999999E-008 4.8307445000000000E-009 3350.0000000000000 6.8684228999999994E-011 6.8598320999999995E-011
3350.0000000000000 3400.0000000000000 8.8738665000000000E-008 7.8300080000000005E-009 3400.0000000000000 2.8487654000000001E-009 2.8452023000000000E-009
3400.0000000000000 3450.0000000000000 6.6524932000000000E-008 4.5281878999999996E-009 3450.0000000000000 1.0222096000000000E-010 7.7661081999999998E-011
3450.0000000000000 3500.0000000000000 6.0254900000000000E-008 6.6767065999999999E-009 3500.0000000000000 2.9767502999999999E-010 2.1022476000000001E-010
3500.0000000000000 3550.0000000000000 6.4115722000000001E-008 7.0425363000000000E-009 3550.0000000000000 4.4216337000000002E-010 2.5498850000000000E-010
3550.0000000000000 3600.0000000000000 5.6693640000000002E-008 4.8128986999999998E-009 3600.0000000000000 2.7020549000000001E-010 1.9180871999999999E-010
3600.0000000000000 3650.0000000000000 5.1483493999999997E-008 4.8395602000000003E-009 3650.0000000000000 3.8356279999999998E-010 2.8218655000000002E-010
3650.0000000000000 3700.0000000000000 4.6391456000000001E-008 5.5979360000000002E-009 3700.0000000000000 1.4703880999999999E-010 1.4685490000000000E-010
3700.0000000000000 3750.0000000000000 3.7040300000000002E-008 3.3561455000000001E-009 3750.0000000000000 2.0046398000000000E-010 1.5470254000000001E-010
3750.0000000000000 3800.0000000000000 5.0134269000000001E-008 6.4920196000000000E-009 3800.0000000000000 3.6433564000000000E-011 3.6387994000000002E-011
3800.0000000000000 3850.0000000000000 5.4109026000000000E-008 7.2215073000000002E-009 3850.0000000000000 1.3059215000000000E-010 1.3042881000000001E-010
3850.0000000000000 3900.0000000000000 4.6499424000000001E-008 5.3587276000000002E-009 3900.0000000000000 0.0000000000000000 0.0000000000000000 
3900.0000000000000 3950.0000000000000 3.0500016999999997E-008 3.6534259999999998E-009 3950.0000000000000 0.0000000000000000 0.0000000000000000 
3950.0000000000000 4000.0000000000000 3.1077854999999999E-008 3.7958957000000004E-009 4000.0000000000000 1.4883751999999999E-010 1.4865134999999999E-010
4000.0000000000000 4050.0000000000000 3.4812345000000002E-008 4.6538564000000004E-009 4050.0000000000000 0.0000000000000000 0.0000000000000000 
4050.0000000000000 4100.0000000000000 4.0985878000000001E-008 9.7289817999999998E-009 4100.0000000000000 1.3794566999999999E-010 1.3777312999999999E-010
4100.0000000000000 4150.0000000000000 2.3382606999999999E-008 3.1377831000000001E-009 4150.0000000000000 0.0000000000000000 0.0000000000000000 
4150.0000000000000 4200.0000000000000 2.1988392000000001E-008 3.6780334999999998E-009 4200.0000000000000 9.0402667000000001E-011 9.0289594999999998E-011
4200.0000000000000 4250.0000000000000 2.2427586000000001E-008 3.4916046000000000E-009 4250.0000000000000 0.0000000000000000 0.0000000000000000 
4250.0000000000000 4300.0000000000000 2.4060966999999999E-008 4.1973991000000001E-009 4300.0000000000000 8.2683343000000003E-011 8.2579923000000002E-011
4300.0000000000000 4350.0000000000000 2.7461959000000001E-008 7.1445603000000001E-009 4350.0000000000000 0.0000000000000000 0.0000000000000000 
4350.0000000000000 4400.0000000000000 3.8601036000000001E-008 9.7728062000000003E-009 4400.0000000000000 1.1438119000000000E-010 1.1423813000000000E-010
4400.0000000000000 4450.0000000000000 3.3501529000000003E-008 8.6320576999999993E-009 4450.0000000000000 0.0000000000000000 0.0000000000000000 
4450.0000000000000 4500.0000000000000 2.0706858999999999E-008 6.1891311999999997E-009 4500.0000000000000 0.0000000000000000 0.0000000000000000 
4500.0000000000000 4550.0000000000000 1.4775874000000001E-008 3.6623664000000001E-009 4550.0000000000000 0.0000000000000000 0.0000000000000000 
4550.0000000000000 4600.0000000000000 2.8437586000000000E-008 1.6535864000000000E-008 4600.0000000000000 5.9371991000000003E-009 5.9297729999999996E-009
4600.0000000000000 4650.0000000000000 9.6784430999999997E-009 3.3414547000000001E-009 4650.0000000000000 0.0000000000000000 0.0000000000000000 
4650.0000000000000 4700.0000000000000 2.0168660000000001E-008 1.1627244000000001E-008 4700.0000000000000 0.0000000000000000 0.0000000000000000 
4700.0000000000000 4750.0000000000000 1.7414084000000000E-008 1.1603429999999999E-008 4750.0000000000000 0.0000000000000000 0.0000000000000000 
4750.0000000000000 4800.0000000000000 1.3947808000000000E-008 4.5847599999999998E-009 4800.0000000000000 0.0000000000000000 0.0000000000000000 
4800.0000000000000 4850.0000000000000 1.3050013000000000E-008 4.5627286000000004E-009 4850.0000000000000 0.0000000000000000 0.0000000000000000 
4850.0000000000000 4900.0000000000000 1.4472821000000001E-008 4.2328537000000003E-009 4900.0000000000000 0.0000000000000000 0.0000000000000000 
4900.0000000000000 4950.0000000000000 2.6421882999999999E-008 1.0637730000000001E-008 4950.0000000000000 0.0000000000000000 0.0000000000000000 
4950.0000000000000 5000.0000000000000 1.9072117000000001E-008 1.1700301999999999E-008 5000.0000000000000 0.0000000000000000 0.0000000000000000 
5000.0000000000000 5050.0000000000000 1.1265969000000000E-008 6.4079771000000004E-009 5050.0000000000000 0.0000000000000000 0.0000000000000000 
5050.0000000000000 5100.0000000000000 1.9064338000000000E-008 9.3648424999999992E-009 5100.0000000000000 0.0000000000000000 0.0000000000000000 
5100.0000000000000 5150.0000000000000 1.2625390999999999E-008 4.8307229999999998E-009 5150.0000000000000 0.0000000000000000 0.0000000000000000 
5150.0000000000000 5200.0000000000000 1.4636642999999999E-008 5.9520936000000002E-009 5200.0000000000000 0.0000000000000000 0.0000000000000000 
5200.0000000000000 5250.0000000000000 2.9828139000000000E-009 7.4010914999999998E-010 5250.0000000000000 0.0000000000000000 0.0000000000000000 
5250.0000000000000 5300.0000000000000 4.1636003000000001E-009 1.4450121000000000E-009 5300.0000000000000 5.8424342000000003E-011 5.8351266999999999E-011
5300.0000000000000 5350.0000000000000 4.8642585000000003E-009 2.0150989999999999E-009 5350.0000000000000 0.0000000000000000 0.0000000000000000 
5350.0000000000000 5400.0000000000000 7.3978234000000003E-009 5.0674748000000000E-009 5400.0000000000000 0.0000000000000000 0.0000000000000000 
5400.0000000000000 5450.0000000000000 1.6812928000000000E-009 8.6761438000000004E-010 5450.0000000000000 0.0000000000000000 0.0000000000000000 
5450.0000000000000 5500.0000000000000 2.7721729000000000E-009 1.0885657000000000E-009 5500.0000000000000 0.0000000000000000 0.0000000000000000 
5500.0000000000000 5550.0000000000000 3.3468185000000002E-009 2.3717364000000000E-009 5550.0000000000000 0.0000000000000000 0.0000000000000000 
5550.0000000000000 5600.0000000000000 2.8640826999999999E-009 1.0501027000000000E-009 5600.0000000000000 0.0000000000000000 0.0000000000000000 
5600.0000000000000 5650.0000000000000 2.0248938000000000E-009 6.7792867999999997E-010 5650.0000000000000 0.0000000000000000 0.0000000000000000 
5650.0000000000000 5700.0000000000000 2.4779504999999999E-009 1.4184068999999999E-009 5700.0000000000000 0.0000000000000000 0.0000000000000000 
5700.0000000000000 5750.0000000000000 1.4955647000000000E-009 4.2146999999999999E-010 5750.0000000000000 0.0000000000000000 0.0000000000000000 
5750.0000000000000 5800.0000000000000 1.4910826000000000E-009 5.8501815000000004E-010 5800.0000000000000 0.0000000000000000 0.0000000000000000 
5800.0000000000000 5850.0000000000000 9.0204047999999999E-010 3.1975653999999998E-010 5850.0000000000000 0.0000000000000000 0.0000000000000000 
5850.0000000000000 5900.0000000000000 2.1470430999999998E-009 7.2507647999999998E-010 5900.0000000000000 0.0000000000000000 0.0000000000000000 
5900.0000000000000 5950.0000000000000 9.3785121000000004E-010 4.2889899999999998E-010 5950.0000000000000 0.0000000000000000 0.0000000000000000 
5950.0000000000000 6000.0000000000000 1.5286697000000000E-009 8.7263114999999997E-010 6000.0000000000000 0.0000000000000000 0.0000000000000000 
6000.0000000000000 6050.0000000000000 7.8516616999999995E-009 6.9645655000000003E-009 6050.0000000000000 0.0000000000000000 0.0000000000000000 
6050.0000000000000 6100.0000000000000 1.4190938000000001E-009 6.8146269999999997E-010 6100.0000000000000 0.0000000000000000 0.0000000000000000 
6100.0000000000000 6150.0000000000000 1.2639763000000001E-009 4.1289136000000002E-010 6150.0000000000000 0.0000000000000000 0.0000000000000000 
6150.0000000000000 6200.0000000000000 8.1085087000000000E-010 3.0956437999999998E-010 6200.0000000000000 0.0000000000000000 0.0000000000000000 
6200.0000000000000 6250.0000000000000 1.7180297000000000E-009 7.3335238000000001E-010 6250.0000000000000 0.0000000000000000 0.0000000000000000 
6250.0000000000000 6300.0000000000000 6.7186602999999997E-010 2.7489639999999999E-010 6300.0000000000000 0.0000000000000000 0.0000000000000000 
6300.0000000000000 6350.0000000000000 1.3466102000000000E-009 8.4888071999999997E-010 6350.0000000000000 0.0000000000000000 0.0000000000000000 
6350.0000000000000 6400.0000000000000 9.2936923999999999E-009 8.1850897000000006E-009 6400.0000000000000 0.0000000000000000 0.0000000000000000 
6400.0000000000000 6450.0000000000000 5.3437416000000001E-010 2.3870087000000001E-010 6450.0000000000000 2.2168755000000001E-010 2.2141027000000000E-010
6450.0000000000000 6500.0000000000000 5.3016700999999996E-010 3.5148166000000001E-010 6500.0000000000000 0.0000000000000000 0.0000000000000000 
6500.0000000000000 6550.0000000000000 2.9232250000000000E-010 2.1487297999999999E-010 6550.0000000000000 0.0000000000000000 0.0000000000000000 
6550.0000000000000 6600.0000000000000 5.2922923999999997E-010 2.3649452999999999E-010 6600.0000000000000 0.0000000000000000 0.0000000000000000 
6600.0000000000000 6650.0000000000000 -2.2141855999999999E-010 3.4318484000000000E-010 6650.0000000000000 0.0000000000000000 0.0000000000000000 
6650.0000000000000 6700.0000000000000 5.1914355000000002E-010 2.7254423000000000E-010 6700.0000000000000 0.0000000000000000 0.0000000000000000 
6700.0000000000000 6750.0000000000000 6.9271653000000001E-010 3.7382989000000002E-010 6750.0000000000000 0.0000000000000000 0.0000000000000000 
6750.0000000000000 6800.0000000000000 1.0488577000000000E-010 1.0475459000000000E-010 6800.0000000000000 0.0000000000000000 0.0000000000000000 
6800.0000000000000 6850.0000000000000 2.1913853000000000E-010 1.5488623000000000E-010 6850.0000000000000 0.0000000000000000 0.0000000000000000 
6850.0000000000000 6900.0000000000000 7.5579587999999996E-010 3.7037305000000003E-010 6900.0000000000000 0.0000000000000000 0.0000000000000000 
6900.0000000000000 6950.0000000000000 2.1280826000000000E-009 1.9114998999999998E-009 6950.0000000000000 0.0000000000000000 0.0000000000000000 
6950.0000000000000 7000.0000000000000 1.0483575000000000E-010 1.0470462000000000E-010 7000.0000000000000 0.0000000000000000 0.0000000000000000 
7000.0000000000000 7050.0000000000000 1.1015989000000000E-010 1.1002211000000000E-010 7050.0000000000000 0.0000000000000000 0.0000000000000000 
7050.0000000000000 7100.0000000000000 1.0200050999999999E-010 1.0187293000000000E-010 7100.0000000000000 0.0000000000000000 0.0000000000000000 
7100.0000000000000 7150.0000000000000 1.0698621000000001E-010 1.0685240000000000E-010 7150.0000000000000 0.0000000000000000 0.0000000000000000 
7150.0000000000000 7200.0000000000000 2.4324175999999998E-009 2.1171792000000001E-009 7200.0000000000000 0.0000000000000000 0.0000000000000000 
7200.0000000000000 7250.0000000000000 7.3380289999999998E-010 6.0503086999999998E-010 7250.0000000000000 0.0000000000000000 0.0000000000000000 
7250.0000000000000 7300.0000000000000 2.2130125000000001E-010 1.5628788999999999E-010 7300.0000000000000 0.0000000000000000 0.0000000000000000 
7300.0000000000000 7350.0000000000000 0.0000000000000000 0.0000000000000000  7350.0000000000000 0.0000000000000000 0.0000000000000000 
7350.0000000000000 7400.0000000000000 1.0804901999999999E-010 1.0791387000000000E-010 7400.0000000000000 0.0000000000000000 0.0000000000000000 
7400.0000000000000 7450.0000000000000 1.0440315000000001E-010 1.0427257000000000E-010 7450.0000000000000 0.0000000000000000 0.0000000000000000 
7450.0000000000000 7500.0000000000000 0.0000000000000000 0.0000000000000000  7500.0000000000000 0.0000000000000000 0.0000000000000000 
7500.0000000000000 7550.0000000000000 0.0000000000000000 0.0000000000000000  7550.0000000000000 0.0000000000000000 0.0000000000000000 
7550.0000000000000 7600.0000000000000 3.1771685999999999E-010 1.8321007000000001E-010 7600.0000000000000 0.0000000000000000 0.0000000000000000 
7600.0000000000000 7650.0000000000000 0.0000000000000000 0.0000000000000000  7650.0000000000000 0.0000000000000000 0.0000000000000000 
7650.0000000000000 7700.0000000000000 0.0000000000000000 0.0000000000000000  7700.0000000000000 0.0000000000000000 0.0000000000000000 
7700.0000000000000 7750.0000000000000 0.0000000000000000 0.0000000000000000  7750.0000000000000 0.0000000000000000 0.0000000000000000 
7750.0000000000000 7800.0000000000000 0.0000000000000000 0.0000000000000000  7800.0000000000000 0.0000000000000000 0.0000000000000000 
7800.0000000000000 7850.0000000000000 1.0463157000000001E-010 1.0450070000000000E-010 7850.0000000000000 0.0000000000000000 0.0000000000000000 
7850.0000000000000 7900.0000000000000 0.0000000000000000 0.0000000000000000  7900.0000000000000 0.0000000000000000 0.0000000000000000 
7900.0000000000000 7950.0000000000000 0.0000000000000000 0.0000000000000000  7950.0000000000000 0.0000000000000000 0.0000000000000000 
7950.0000000000000 8000.0000000000000 0.0000000000000000 0.0000000000000000  8000.0000000000000 0.0000000000000000 0.0000000000000000 
8000.0000000000000 8050.0000000000000 7.3306083000000003E-010 5.1770391999999997E-010 8050.0000000000000 0.0000000000000000 0.0000000000000000 
8050.0000000000000 8100.0000000000000 1.2680197000000000E-010 1.2664337000000001E-010 8100.0000000000000 0.0000000000000000 0.0000000000000000 
8100.0000000000000 8150.0000000000000 0.0000000000000000 0.0000000000000000  8150.0000000000000 0.0000000000000000 0.0000000000000000 
8150.0000000000000 8200.0000000000000 0.0000000000000000 0.0000000000000000  8200.0000000000000 0.0000000000000000 0.0000000000000000 
8200.0000000000000 8250.0000000000000 0.0000000000000000 0.0000000000000000  8250.0000000000000 0.0000000000000000 0.0000000000000000 
8250.0000000000000 8300.0000000000000 1.0754592000000000E-010 1.0741140000000000E-010 8300.0000000000000 0.0000000000000000 0.0000000000000000 
8300.0000000000000 8350.0000000000000 0.0000000000000000 0.0000000000000000  8350.0000000000000 0.0000000000000000 0.0000000000000000 
8350.0000000000000 8400.0000000000000 0.0000000000000000 0.0000000000000000  8400.0000000000000 0.0000000000000000 0.0000000000000000 
8400.0000000000000 8450.0000000000000 0.0000000000000000 0.0000000000000000  8450.0000000000000 0.0000000000000000 0.0000000000000000 
8450.0000000000000 8500.0000000000000 0.0000000000000000 0.0000000000000000  8500.0000000000000 0.0000000000000000 0.0000000000000000 
8500.0000000000000 8550.0000000000000 0.0000000000000000 0.0000000000000000  8550.0000000000000 0.0000000000000000 0.0000000000000000 
8550.0000000000000 8600.0000000000000 0.0000000000000000 0.0000000000000000  8600.0000000000000 0.0000000000000000 0.0000000000000000 
8600.0000000000000 8650.0000000000000 0.0000000000000000 0.0000000000000000  8650.0000000000000 0.0000000000000000 0.0000000000000000 
8650.0000000000000 8700.0000000000000 0.0000000000000000 0.0000000000000000  8700.0000000000000 0.0000000000000000 0.0000000000000000 
8700.0000000000000 8750.0000000000000 0.0000000000000000 0.0000000000000000  8750.0000000000000 0.0000000000000000 0.0000000000000000 
8750.0000000000000 8800.0000000000000 1.1077858000000000E-010 1.1064002000000000E-010 8800.0000000000000 0.0000000000000000 0.0000000000000000 
8800.0000000000000 8850.0000000000000 0.0000000000000000 0.0000000000000000  8850.0000000000000 0.0000000000000000 0.0000000000000000 
8850.0000000000000 8900.0000000000000 0.0000000000000000 0.0000000000000000  8900.0000000000000 0.0000000000000000 0.0000000000000000 
8900.0000000000000 8950.0000000000000 0.0000000000000000 0.0000000000000000  8950.0000000000000 0.0000000000000000 0.0000000000000000 
8950.0000000000000 9000.0000000000000 1.0707293000000000E-010 1.0693901000000000E-010 9000.0000000000000 0.0000000000000000 0.0000000000000000 
9000.0000000000000 9050.0000000000000 0.0000000000000000 0.0000000000000000  9050.0000000000000 0.0000000000000000 0.0000000000000000 
9050.0000000000000 9100.0000000000000 0.0000000000000000 0.0000000000000000  9100.0000000000000 0.0000000000000000 0.0000000000000000 
9100.0000000000000 9150.0000000000000 0.0000000000000000 0.0000000000000000  9150.0000000000000 0.0000000000000000 0.0000000000000000 
9150.0000000000000 9200.0000000000000 0.0000000000000000 0.0000000000000000  9200.0000000000000 0.0000000000000000 0.0000000000000000 
9200.0000000000000 9250.0000000000000 0.0000000000000000 0.0000000000000000  9250.0000000000000 0.0000000000000000 0.0000000000000000 
9250.0000000000000 9300.0000000000000 0.0000000000000000 0.0000000000000000  9300.0000000000000 0.0000000000000000 0.0000000000000000 
9300.0000000000000 9350.0000000000000 1.0909881999999999E-010 1.0896236000000000E-010 9350.0000000000000 0.0000000000000000 0.0000000000000000 
9350.0000000000000 9400.0000000000000 0.0000000000000000 0.0000000000000000  9400.0000000000000 0.0000000000000000 0.0000000000000000 
9400.0000000000000 9450.0000000000000 0.0000000000000000 0.0000000000000000  9450.0000000000000 0.0000000000000000 0.0000000000000000 
9450.0000000000000 9500.0000000000000 0.0000000000000000 0.0000000000000000  9500.0000000000000 0.0000000000000000 0.0000000000000000 
9500.0000000000000 9550.0000000000000 0.0000000000000000 0.0000000000000000  9550.0000000000000 0.0000000000000000 0.0000000000000000 
9550.0000000000000 9600.0000000000000 0.0000000000000000 0.0000000000000000  9600.0000000000000 0.0000000000000000 0.0000000000000000 
9600.0000000000000 9650.0000000000000 0.0000000000000000 0.0000000000000000  9650.0000000000000 0.0000000000000000 0.0000000000000000 
9650.0000000000000 9700.0000000000000 0.0000000000000000 0.0000000000000000  9700.0000000000000 0.0000000000000000 0.0000000000000000 
9700.0000000000000 9750.0000000000000 0.0000000000000000 0.0000000000000000  9750.0000000000000 0.0000000000000000 0.0000000000000000 
9750.0000000000000 9800.0000000000000 0.0000000000000000 0.0000000000000000  9800.0000000000000 0.0000000000000000 0.0000000000000000 
9800.0000000000000 9850.0000000000000 0.0000000000000000 0.0000000000000000  9850.0000000000000 0.0000000000000000 0.0000000000000000 
9850.0000000000000 9900.0000000000000 0.0000000000000000 0.0000000000000000  9900.0000000000000 0.0000000000000000 0.0000000000000000 
9900.0000000000000 9950.0000000000000 0.0000000000000000 0.0000000000000000  9950.0000000000000 0.0000000000000000 0.0000000000000000 
9950.0000000000000 10000.000000000000 0.0000000000000000 0.0000000000000000  10000.000000000000 0.0000000000000000 0.0000000000000000 
10000.000000000000 10050.000000000000 0.0000000000000000 0.0000000000000000  10050.000000000000 0.0000000000000000 0.0000000000000000 
10050.000000000000 10100.000000000000 0.0000000000000000 0.0000000000000000  10100.000000000000 0.0000000000000000 0.0000000000000000 
10100.000000000000 10150.000000000000 0.0000000000000000 0.0000000000000000  10150.000000000000 0.0000000000000000 0.0000000000000000 
10150.000000000000 10200.000000000000 0.0000000000000000 0.0000000000000000  10200.000000000000 0.0000000000000000 0.0000000000000000 
10200.000000000000 10250.000000000000 0.0000000000000000 0.0000000000000000  10250.000000000000 0.0000000000000000 0.0000000000000000 
10250.000000000000 10300.000000000000 0.0000000000000000 0.0000000000000000  10300.000000000000 0.0000000000000000 0.0000000000000000 
10300.000000000000 10350.000000000000 0.0000000000000000 0.0000000000000000  10350.000000000000 0.0000000000000000 0.0000000000000000 
10350.000000000000 10400.000000000000 0.0000000000000000 0.0000000000000000  10400.000000000000 0.0000000000000000 0.0000000000000000 
10400.000000000000 10450.000000000000 0.0000000000000000 0.0000000000000000  10450.000000000000 0.0000000000000000 0.0000000000000000 
10450.000000000000 10500.000000000000 0.0000000000000000 0.0000000000000000  10500.000000000000 0.0000000000000000 0.0000000000000000 
10500.000000000000 10550.000000000000 0.0000000000000000 0.0000000000000000  10550.000000000000 0.0000000000000000 0.0000000000000000 
10550.000000000000 10600.000000000000 0.0000000000000000 0.0000000000000000  10600.000000000000 0.0000000000000000 0.0000000000000000 
10600.000000000000 10650.000000000000 0.0000000000000000 0.0000000000000000  10650.000000000000 0.0000000000000000 0.0000000000000000 
10650.000000000000 10700.000000000000 0.0000000000000000 0.0000000000000000  10700.000000000000 0.0000000000000000 0.0000000000000000 
10700.000000000000 10750.000000000000 0.0000000000000000 0.0000000000000000  10750.000000000000 0.0000000000000000 0.0000000000000000 
10750.000000000000 10800.000000000000 0.0000000000000000 0.0000000000000000  10800.000000000000 0.0000000000000000 0.0000000000000000 
10800.000000000000 10850.000000000000 0.0000000000000000 0.0000000000000000  10850.000000000000 0.0000000000000000 0.0000000000000000 
10850.000000000000 10900.000000000000 0.0000000000000000 0.0000000000000000  10900.000000000000 0.0000000000000000 0.0000000000000000 
10900.000000000000 10950.000000000000 0.0000000000000000 0.0000000000000000  10950.000000000000 0.0000000000000000 0.0000000000000000 
10950.000000000000 11000.000000000000 0.0000000000000000 0.0000000000000000  11000.000000000000 0.0000000000000000 0.0000000000000000 
11000.000000000000 11050.000000000000 0.0000000000000000 0.0000000000000000  11050.000000000000 0.0000000000000000 0.0000000000000000 
11050.000000000000 11100.000000000000 0.0000000000000000 0.0000000000000000  11100.000000000000 0.0000000000000000 0.0000000000000000 
11100.000000000000 11150.000000000000 0.0000000000000000 0.0000000000000000  11150.000000000000 0.0000000000000000 0.0000000000000000 
11150.000000000000 11200.000000000000 0.0000000000000000 0.0000000000000000  11200.000000000000 0.0000000000000000 0.0000000000000000 
11200.000000000000 11250.000000000000 0.0000000000000000 0.0000000000000000  11250.000000000000 0.0000000000000000 0.0000000000000000 
11250.000000000000 11300.000000000000 0.0000000000000000 0.0000000000000000  11300.000000000000 0.0000000000000000 0.0000000000000000 
11300.000000000000 11350.000000000000 0.0000000000000000 0.0000000000000000  11350.000000000000 0.0000000000000000 0.0000000000000000 
11350.000000000000 11400.000000000000 0.0000000000000000 0.0000000000000000  11400.000000000000 0.0000000000000000 0.0000000000000000 
11400.000000000000 11450.000000000000 0.0000000000000000 0.0000000000000000  11450.000000000000 0.0000000000000000 0.0000000000000000 
11450.000000000000 11500.000000000000 0.0000000000000000 0.0000000000000000  11500.000000000000 0.0000000000000000 0.0000000000000000 
11500.000000000000 11550.000000000000 0.0000000000000000 0.0000000000000000  11550.000000000000 0.0000000000000000 0.0000000000000000 
11550.000000000000 11600.000000000000 0.0000000000000000 0.0000000000000000  11600.000000000000 0.0000000000000000 0.0000000000000000 
11600.000000000000 11650.000000000000 0.0000000000000000 0.0000000000000000  11650.000000000000 0.0000000000000000 0.0000000000000000 
11650.000000000000 11700.000000000000 0.0000000000000000 0.0000000000000000  11700.000000000000 0.0000000000000000 0.0000000000000000 
11700.000000000000 11750.000000000000 0.0000000000000000 0.0000000000000000  11750.000000000000 0.0000000000000000 0.0000000000000000 
11750.000000000000 11800.000000000000 0.0000000000000000 0.0000000000000000  11800.000000000000 0.0000000000000000 0.0000000000000000 
11800.000000000000 11850.000000000000 0.0000000000000000 0.0000000000000000  11850.000000000000 0.0000000000000000 0.0000000000000000 
11850.000000000000 11900.000000000000 0.0000000000000000 0.0000000000000000  11900.000000000000 0.0000000000000000 0.0000000000000000 
11900.000000000000 11950.000000000000 0.0000000000000000 0.0000000000000000  11950.000000000000 0.0000000000000000 0.0000000000000000 
11950.000000000000 12000.000000000000 0.0000000000000000 0.0000000000000000  12000.000000000000 0.0000000000000000 0.0000000000000000 
12000.000000000000 12050.000000000000 0.0000000000000000 0.0000000000000000  12050.000000000000 0.0000000000000000 0.0000000000000000 
12050.000000000000 12100.000000000000 0.0000000000000000 0.0000000000000000  12100.000000000000 0.0000000000000000 0.0000000000000000 
12100.000000000000 12150.000000000000 0.0000000000000000 0.0000000000000000  12150.000000000000 0.0000000000000000 0.0000000000000000 
12150.000000000000 12200.000000000000 0.0000000000000000 0.0000000000000000  12200.000000000000 0.0000000000000000 0.0000000000000000 
12200.000000000000 12250.000000000000 0.0000000000000000 0.0000000000000000  12250.000000000000 0.0000000000000000 0.0000000000000000 
12250.000000000000 12300.000000000000 0.0000000000000000 0.0000000000000000  12300.000000000000 0.0000000000000000 0.0000000000000000 
12300.000000000000 12350.000000000000 0.0000000000000000 0.0000000000000000  12350.000000000000 0.0000000000000000 0.0000000000000000 
12350.000000000000 12400.000000000000 0.0000000000000000 0.0000000000000000  12400.000000000000 0.0000000000000000 0.0000000000000000 
12400.000000000000 12450.000000000000 0.0000000000000000 0.0000000000000000  12450.000000000000 0.0000000000000000 0.0000000000000000 
12450.000000000000 12500.000000000000 0.0000000000000000 0.0000000000000000  12500.000000000000 0.0000000000000000 0.0000000000000000 
12500.000000000000 12550.000000000000 0.0000000000000000 0.0000000000000000  12550.000000000000 0.0000000000000000 0.0000000000000000 
12550.000000000000 12600.000000000000 0.0000000000000000 0.0000000000000000  12600.000000000000 0.0000000000000000 0.0000000000000000 
12600.000000000000 12650.000000000000 0.0000000000000000 0.0000000000000000  12650.000000000000 0.0000000000000000 0.0000000000000000 
12650.000000000000 12700.000000000000 0.0000000000000000 0.0000000000000000  12700.000000000000 0.0000000000000000 0.0000000000000000 
12700.000000000000 12750.000000000000 0.0000000000000000 0.0000000000000000  12750.000000000000 0.0000000000000000 0.0000000000000000 
12750.000000000000 12800.000000000000 0.0000000000000000 0.0000000000000000  12800.000000000000 0.0000000000000000 0.0000000000000000 
12800.000000000000 12850.000000000000 0.0000000000000000 0.0000000000000000  12850.000000000000 0.0000000000000000 0.0000000000000000 
12850.000000000000 12900.000000000000 0.0000000000000000 0.0000000000000000  12900.000000000000 0.0000000000000000 0.0000000000000000 
12900.000000000000 12950.000000000000 0.0000000000000000 0.0000000000000000  12950.000000000000 0.0000000000000000 0.0000000000000000 
12950.000000000000 13000.000000000000 0.0000000000000000 0.0000000000000000  13000.000000000000 0.0000000000000000 0.0000000000000000 
