-9.0000000000000000 -8.7500000000000000 0.0000000000000000 0.0000000000000000  -8.7500000000000000 0.0000000000000000 0.0000000000000000 
-8.7500000000000000 -8.5000000000000000 5.9038065999999997E-008 4.1694228000000003E-008 -8.5000000000000000 0.0000000000000000 0.0000000000000000 
-8.5000000000000000 -8.2500000000000000 8.1267631000000000E-007 7.4328579999999999E-007 -8.2500000000000000 0.0000000000000000 0.0000000000000000 
-8.2500000000000000 -8.0000000000000000 3.2486503000000000E-006 2.2815008000000000E-006 -8.0000000000000000 0.0000000000000000 0.0000000000000000 
-8.0000000000000000 -7.7500000000000000 4.4941900000000002E-006 1.6798220000000000E-006 -7.7500000000000000 1.6024477999999999E-008 1.6004434000000002E-008
-7.7500000000000000 -7.5000000000000000 1.3640386000000001E-005 2.9072546000000002E-006 -7.5000000000000000 0.0000000000000000 0.0000000000000000 
-7.5000000000000000 -7.2500000000000000 1.4166829000000001E-005 2.0395250000000002E-006 -7.2500000000000000 8.1981975000000001E-008 5.8090128000000000E-008
-7.2500000000000000 -7.0000000000000000 2.8881948000000000E-005 3.2627902999999999E-006 -7.0000000000000000 0.0000000000000000 0.0000000000000000 
-7.0000000000000000 -6.7500000000000000 3.7162812000000002E-005 2.2935163999999999E-006 -6.7500000000000000 2.3002903999999999E-007 1.6247714000000001E-007
-6.7500000000000000 -6.5000000000000000 5.1681316000000000E-005 2.8292801000000000E-006 -6.5000000000000000 0.0000000000000000 0.0000000000000000 
-6.5000000000000000 -6.2500000000000000 6.5053078000000002E-005 2.2956573000000000E-006 -6.2500000000000000 2.1930912999999999E-007 1.4108053000000001E-007
-6.2500000000000000 -6.0000000000000000 8.5743436000000002E-005 2.2291920000000000E-006 -6.0000000000000000 2.4200852000000001E-007 1.2180968999999999E-007
-6.0000000000000000 -5.7500000000000000 1.0974605999999999E-004 2.3771268999999998E-006 -5.7500000000000000 1.6243603000000001E-006 1.1986040000000000E-006
-5.7500000000000000 -5.5000000000000000 1.2623701000000001E-004 2.2923943999999999E-006 -5.5000000000000000 2.6829456000000000E-007 1.0284014000000000E-007
-5.5000000000000000 -5.2500000000000000 1.4734391000000000E-004 2.2683513000000001E-006 -5.2500000000000000 5.0249996000000002E-007 1.2456413000000000E-007
-5.2500000000000000 -5.0000000000000000 1.6247496999999999E-004 2.1195552000000001E-006 -5.0000000000000000 7.1627044999999999E-007 1.8612057000000000E-007
-5.0000000000000000 -4.7500000000000000 1.8548219000000000E-004 2.2381040999999998E-006 -4.7500000000000000 1.0581105000000001E-006 3.4164742000000000E-007
-4.7500000000000000 -4.5000000000000000 1.9884891999999999E-004 2.1598279000000000E-006 -4.5000000000000000 1.2703003000000000E-006 3.8747013999999999E-007
-4.5000000000000000 -4.2500000000000000 2.0546793000000000E-004 2.1699098000000002E-006 -4.2500000000000000 7.2682739000000001E-007 1.4298808000000001E-007
-4.2500000000000000 -4.0000000000000000 2.0695161999999999E-004 2.1538346000000002E-006 -4.0000000000000000 1.0525556000000000E-006 1.8429315999999999E-007
-4.0000000000000000 -3.7500000000000000 2.0133698000000000E-004 2.0974712999999999E-006 -3.7500000000000000 1.3039600000000001E-006 2.2806949999999999E-007
-3.7500000000000000 -3.5000000000000000 1.9082444999999999E-004 2.0362114999999999E-006 -3.5000000000000000 1.5504895000000000E-006 3.2579731999999999E-007
-3.5000000000000000 -3.2500000000000000 1.7346496999999999E-004 1.9324760999999998E-006 -3.2500000000000000 1.2825260000000001E-006 3.3515939000000000E-007
-3.2500000000000000 -3.0000000000000000 1.5285173999999999E-004 1.8078935000000000E-006 -3.0000000000000000 1.1934155999999999E-006 2.4603377999999999E-007
-3.0000000000000000 -2.7500000000000000 1.3270381000000001E-004 1.6834702000000000E-006 -2.7500000000000000 1.1506304000000000E-006 1.7936302000000001E-007
-2.7500000000000000 -2.5000000000000000 1.0621898000000001E-004 1.5035680000000001E-006 -2.5000000000000000 7.5902959999999997E-007 1.3804771000000000E-007
-2.5000000000000000 -2.2500000000000000 0.0000000000000000 0.0000000000000000  -2.2500000000000000 0.0000000000000000 0.0000000000000000 
-2.2500000000000000 -2.0000000000000000 0.0000000000000000 0.0000000000000000  -2.0000000000000000 0.0000000000000000 0.0000000000000000 
-2.0000000000000000 -1.7500000000000000 0.0000000000000000 0.0000000000000000  -1.7500000000000000 0.0000000000000000 0.0000000000000000 
-1.7500000000000000 -1.5000000000000000 0.0000000000000000 0.0000000000000000  -1.5000000000000000 0.0000000000000000 0.0000000000000000 
-1.5000000000000000 -1.2500000000000000 0.0000000000000000 0.0000000000000000  -1.2500000000000000 0.0000000000000000 0.0000000000000000 
-1.2500000000000000 -1.0000000000000000 0.0000000000000000 0.0000000000000000  -1.0000000000000000 0.0000000000000000 0.0000000000000000 
-1.0000000000000000 -0.75000000000000000 0.0000000000000000 0.0000000000000000  -0.75000000000000000 0.0000000000000000 0.0000000000000000 
-0.75000000000000000 -0.50000000000000000 0.0000000000000000 0.0000000000000000  -0.50000000000000000 0.0000000000000000 0.0000000000000000 
-0.50000000000000000 -0.25000000000000000 0.0000000000000000 0.0000000000000000  -0.25000000000000000 0.0000000000000000 0.0000000000000000 
-0.25000000000000000 0.0000000000000000 0.0000000000000000 0.0000000000000000  0.0000000000000000 0.0000000000000000 0.0000000000000000 
0.0000000000000000 0.25000000000000000 0.0000000000000000 0.0000000000000000  0.25000000000000000 0.0000000000000000 0.0000000000000000 
0.25000000000000000 0.50000000000000000 0.0000000000000000 0.0000000000000000  0.50000000000000000 0.0000000000000000 0.0000000000000000 
0.50000000000000000 0.75000000000000000 0.0000000000000000 0.0000000000000000  0.75000000000000000 0.0000000000000000 0.0000000000000000 
0.75000000000000000 1.0000000000000000 0.0000000000000000 0.0000000000000000  1.0000000000000000 0.0000000000000000 0.0000000000000000 
1.0000000000000000 1.2500000000000000 0.0000000000000000 0.0000000000000000  1.2500000000000000 0.0000000000000000 0.0000000000000000 
1.2500000000000000 1.5000000000000000 0.0000000000000000 0.0000000000000000  1.5000000000000000 0.0000000000000000 0.0000000000000000 
1.5000000000000000 1.7500000000000000 0.0000000000000000 0.0000000000000000  1.7500000000000000 0.0000000000000000 0.0000000000000000 
1.7500000000000000 2.0000000000000000 0.0000000000000000 0.0000000000000000  2.0000000000000000 0.0000000000000000 0.0000000000000000 
2.0000000000000000 2.2500000000000000 0.0000000000000000 0.0000000000000000  2.2500000000000000 0.0000000000000000 0.0000000000000000 
2.2500000000000000 2.5000000000000000 0.0000000000000000 0.0000000000000000  2.5000000000000000 0.0000000000000000 0.0000000000000000 
2.5000000000000000 2.7500000000000000 1.0737376000000000E-004 1.5150256999999999E-006 2.7500000000000000 1.0676968000000000E-006 3.8439513999999997E-007
2.7500000000000000 3.0000000000000000 1.3048517000000001E-004 1.6693331000000001E-006 3.0000000000000000 8.5973529000000001E-007 1.4541152999999999E-007
3.0000000000000000 3.2500000000000000 1.5201993000000001E-004 1.8053309000000000E-006 3.2500000000000000 1.0113446000000000E-006 1.6632762999999999E-007
3.2500000000000000 3.5000000000000000 1.7709200000000000E-004 1.9546750000000001E-006 3.5000000000000000 1.0964011999999999E-006 2.2850768000000000E-007
3.5000000000000000 3.7500000000000000 1.9162774000000001E-004 2.0382553000000001E-006 3.7500000000000000 1.2887641000000001E-006 2.9156177000000001E-007
3.7500000000000000 4.0000000000000000 2.0135001000000000E-004 2.0994617999999999E-006 4.0000000000000000 1.7894508000000000E-006 5.1012456000000004E-007
4.0000000000000000 4.2500000000000000 2.0925313000000001E-004 2.1726129999999999E-006 4.2500000000000000 1.2528458999999999E-006 2.1973455999999999E-007
4.2500000000000000 4.5000000000000000 2.0314690000000000E-004 2.1919212000000000E-006 4.5000000000000000 9.3682938000000003E-007 1.7517283000000000E-007
4.5000000000000000 4.7500000000000000 1.9424764000000000E-004 2.1760070999999999E-006 4.7500000000000000 7.2216454999999999E-007 1.5198290000000000E-007
4.7500000000000000 5.0000000000000000 1.7786833000000001E-004 2.1426739000000000E-006 5.0000000000000000 1.1760376000000001E-006 4.2311698999999998E-007
5.0000000000000000 5.2500000000000000 1.6680990000000000E-004 2.1925763000000000E-006 5.2500000000000000 4.0275249999999999E-007 9.6218549000000001E-008
5.2500000000000000 5.5000000000000000 1.4206926999999999E-004 2.3740367000000002E-006 5.5000000000000000 6.9904457000000000E-007 2.2999749000000000E-007
5.5000000000000000 5.7500000000000000 1.2070813000000001E-004 2.2132944000000001E-006 5.7500000000000000 1.5341123000000001E-007 5.7695390999999997E-008
5.7500000000000000 6.0000000000000000 1.0493364000000000E-004 2.2920730999999999E-006 6.0000000000000000 9.6441356999999994E-008 4.2425059000000000E-008
6.0000000000000000 6.2500000000000000 8.2333470000000005E-005 2.3973175999999998E-006 6.2500000000000000 9.0697232000000003E-008 3.9264690000000002E-008
6.2500000000000000 6.5000000000000000 6.5944920000000001E-005 2.8630151000000001E-006 6.5000000000000000 6.8949459000000002E-008 4.5465891999999997E-008
6.5000000000000000 6.7500000000000000 5.4287301000000001E-005 3.9983345999999996E-006 6.7500000000000000 7.6543801999999997E-008 3.7360207000000001E-008
6.7500000000000000 7.0000000000000000 3.8204833999999997E-005 3.0906340000000002E-006 7.0000000000000000 5.6975310000000005E-007 5.6904042999999999E-007
7.0000000000000000 7.2500000000000000 2.8254520999999999E-005 3.2623612000000002E-006 7.2500000000000000 3.7470455999999997E-008 2.6468034000000000E-008
7.2500000000000000 7.5000000000000000 1.6566196999999999E-005 2.2879844000000001E-006 7.5000000000000000 0.0000000000000000 0.0000000000000000 
7.5000000000000000 7.7500000000000000 1.2019001000000001E-005 2.8055392000000000E-006 7.7500000000000000 0.0000000000000000 0.0000000000000000 
7.7500000000000000 8.0000000000000000 4.9422551000000003E-006 1.3420675000000001E-006 8.0000000000000000 0.0000000000000000 0.0000000000000000 
8.0000000000000000 8.2500000000000000 2.7999579000000000E-006 9.0735865999999995E-007 8.2500000000000000 0.0000000000000000 0.0000000000000000 
8.2500000000000000 8.5000000000000000 7.7834127000000002E-007 3.4809704000000001E-007 8.5000000000000000 0.0000000000000000 0.0000000000000000 
8.5000000000000000 8.7500000000000000 1.0550105000000000E-006 8.7809397999999998E-007 8.7500000000000000 0.0000000000000000 0.0000000000000000 
8.7500000000000000 9.0000000000000000 0.0000000000000000 0.0000000000000000  9.0000000000000000 0.0000000000000000 0.0000000000000000 
