# title = Total Transverse Energy without Gluon
# xlabel = $H_{\text{T},\text{no g}}\,$[GeV]
# ylabel = $\frac{\text{d}\sigma}{\text{d}H_{\text{T},\text{no g}}}\,\left[\frac{\text{fb}}{\text{GeV}}\right]$
# xmin=  0.000E+00
# xmax=  2.000E+03
# ymin=  1.000E-06
# ymax=  1.000E-02
# kmin= -2.000E+01
# kmax=  1.000E+01
# logscale = true
# Renormalization and factorization scale scaled by: 1.0000000000
# Renormalization scaled by: 1.0000000000
# Number of generated events: 3619765
#
#=====================================================================================
# No.       Left      Right                   Value                   Error Hits
#-------------------------------------------------------------------------------------
   1       0.00      60.00  0.000000000000000E+00  0.000000000000000E+00 0
   2      60.00     120.00  0.000000000000000E+00  0.000000000000000E+00 0
   3     120.00     180.00  1.535122754574205E-06  4.809362815242803E-08 698084
   4     180.00     240.00  1.455421443724592E-04  1.122889625788216E-06 49111729
   5     240.00     300.00  8.864174356069457E-04  3.786790872585212E-06 210538773
   6     300.00     360.00  1.864074796135337E-03  1.491725285824135E-05 377049435
   7     360.00     420.00  2.483437415818889E-03  1.228642261339796E-05 486887433
   8     420.00     480.00  2.678164899369174E-03  8.568647524866930E-06 525822243
   9     480.00     540.00  2.469878425792383E-03  1.113358403091117E-05 515330657
  10     540.00     600.00  2.126278829587763E-03  1.145204849611314E-05 484034407
  11     600.00     660.00  1.761303624075282E-03  1.296236174746586E-05 445239710
  12     660.00     720.00  1.427735776556342E-03  1.184732747135529E-05 404905469
  13     720.00     780.00  1.142323644470915E-03  1.219648108731096E-05 366187095
  14     780.00     840.00  9.266426585795434E-04  7.520281874451180E-06 330609162
  15     840.00     900.00  7.217172973041936E-04  8.219295186295070E-06 298585133
  16     900.00     960.00  5.788010551705415E-04  6.308892993681220E-06 270016633
  17     960.00    1020.00  4.413961856398266E-04  8.830264381385996E-06 244613387
  18    1020.00    1080.00  3.530482705163907E-04  6.601962765330049E-06 222044129
  19    1080.00    1140.00  2.838454720095221E-04  6.503205883809964E-06 202077061
  20    1140.00    1200.00  2.190182272031430E-04  4.944639405362149E-06 184248666
  21    1200.00    1260.00  1.735971066146817E-04  4.880575680852022E-06 168380161
  22    1260.00    1320.00  1.392439225563189E-04  3.893932592202239E-06 154151193
  23    1320.00    1380.00  1.153506312318522E-04  3.314190561178596E-06 141416199
  24    1380.00    1440.00  9.197089463846828E-05  3.228807497041394E-06 129966500
  25    1440.00    1500.00  7.453294329779035E-05  3.031740676642184E-06 119644485
  26    1500.00    1560.00  5.752595795054294E-05  2.647370908385243E-06 110353687
  27    1560.00    1620.00  5.070897255644481E-05  2.284590227158466E-06 101931840
  28    1620.00    1680.00  3.904096285635654E-05  1.668423737772922E-06 94284747
  29    1680.00    1740.00  3.237389245711783E-05  2.223653933783407E-06 87330579
  30    1740.00    1800.00  2.524013707484118E-05  1.728054924425542E-06 80994267
  31    1800.00    1860.00  2.145369201978132E-05  1.347622424533247E-06 75199608
  32    1860.00    1920.00  1.735808293558127E-05  1.129414313675025E-06 69924283
  33    1920.00    1980.00  1.510824599014866E-05  9.392754124533488E-07 65079871
  34    1980.00    2040.00  1.283677931119958E-05  1.225042276663394E-06 60639485
  35    2040.00    2100.00  1.084792583538804E-05  6.320265032931667E-07 56541026
  36    2100.00    2160.00  7.682289477293378E-06  8.167505635652848E-07 52788625
  37    2160.00    2220.00  5.099562569814953E-06  1.478441584397816E-06 49340847
  38    2220.00    2280.00  5.584944029610449E-06  5.106269291419833E-07 46133048
  39    2280.00    2340.00  3.993843216030351E-06  8.316106658101927E-07 43178218
  40    2340.00    2400.00  3.217542187735205E-06  5.249525690027835E-07 40450928
  41    2400.00    2460.00  3.050653653706604E-06  5.392825077942500E-07 37911473
  42    2460.00    2520.00  2.648366084466684E-06  3.603270779685140E-07 35554453
  43    2520.00    2580.00  2.202765234407248E-06  3.113797624659835E-07 33389060
  44    2580.00    2640.00  1.802059766424092E-06  2.775063644428490E-07 31353676
  45    2640.00    2700.00  1.346851933461523E-06  2.630784714654757E-07 29457182
  46    2700.00    2760.00  1.503075097333332E-06  1.649312356147269E-07 27710242
  47    2760.00    2820.00  9.347300156943933E-07  1.952295336583155E-07 26073551
  48    2820.00    2880.00  8.957684642393787E-07  1.494738375693203E-07 24540600
  49    2880.00    2940.00  7.648210010701228E-07  1.551639317824444E-07 23120588
  50    2940.00    3000.00  8.598892103912210E-07  9.148398547148065E-08 21786254
  51    3000.00    3060.00  6.326151964614250E-07  7.612452213339557E-08 20529715
  52    3060.00    3120.00  3.838012200405621E-07  9.255900438719717E-08 19370203
  53    3120.00    3180.00  3.515103883368830E-07  1.001422639822975E-07 18280163
  54    3180.00    3240.00  2.315833360499547E-07  8.631583550075610E-08 17241662
  55    3240.00    3300.00  1.746438029816556E-07  1.045429455493876E-07 16277664
  56    3300.00    3360.00  3.085498314462689E-07  3.426111197238950E-08 15377254
  57    3360.00    3420.00  1.823496523605289E-07  6.814814230954052E-08 14528853
  58    3420.00    3480.00  1.164803366955300E-07  5.099913141778864E-08 13729664
  59    3480.00    3540.00  1.172720184103423E-07  3.969527193486757E-08 12985036
  60    3540.00    3600.00  3.562247774812550E-08  1.305172736318397E-07 12281479
  61    3600.00    3660.00  9.983456604164502E-08  3.322567997942673E-08 11618347
  62    3660.00    3720.00  8.339218083280279E-08  2.389141404962825E-08 10991120
  63    3720.00    3780.00  1.082433199679694E-07  1.311005926193660E-08 10391854
  64    3780.00    3840.00  8.604151501705228E-08  1.923940845628693E-08 9843641
  65    3840.00    3900.00  3.388015002687608E-08  2.129328317094764E-08 9312004
  66    3900.00    3960.00  6.227388461582086E-08  1.120920631288734E-08 8823397
  67    3960.00    4020.00  2.705390131945857E-08  1.674650604044040E-08 8353193
  68    4020.00    4080.00  3.040060870644562E-08  1.141454566725040E-08 7916126
  69    4080.00    4140.00 -3.530417992512478E-09  3.659543908316231E-08 7492266
  70    4140.00    4200.00 -2.295496951833121E-09  1.683288278910038E-08 7100966
  71    4200.00    4260.00  1.016063077406364E-08  9.353669930375041E-09 6726506
  72    4260.00    4320.00  2.767814031867350E-08  4.121305279289062E-09 6374838
  73    4320.00    4380.00  6.281981766503193E-09  8.806964580847488E-09 6035447
  74    4380.00    4440.00  9.748619793766959E-09  6.391846324881406E-09 5719850
  75    4440.00    4500.00  2.085878248244740E-08  2.220820602697356E-09 5422124
  76    4500.00    4560.00  1.431466719375975E-08  2.791466919670347E-09 5141667
  77    4560.00    4620.00 -1.223519260126067E-10  1.041675791188005E-08 4869553
  78    4620.00    4680.00  3.900517573983681E-09  4.953400532248986E-09 4617483
  79    4680.00    4740.00  5.983765806137672E-09  4.217199912466133E-09 4374038
  80    4740.00    4800.00  7.725254450032479E-09  2.160172290563295E-09 4141766
  81    4800.00    4860.00  1.678499904455948E-09  3.444300501021961E-09 3926529
  82    4860.00    4920.00  2.569426745961768E-09  3.399184473326124E-09 3721787
  83    4920.00    4980.00  4.885966214606105E-09  1.231905368930834E-09 3528235
  84    4980.00    5040.00  3.809888917293863E-09  1.219715788248933E-09 3343291
  85    5040.00    5100.00  5.446512582201125E-11  2.169318431468600E-09 3170219
  86    5100.00    5160.00 -1.961791131986430E-10  2.409061419128926E-09 3002022
  87    5160.00    5220.00  2.651231123939121E-09  5.619892502128793E-10 2848205
  88    5220.00    5280.00 -2.544900381038607E-09  3.450164896550325E-09 2698078
  89    5280.00    5340.00  1.619308455258121E-09  7.227790451350095E-10 2555471
  90    5340.00    5400.00 -2.787955032132675E-09  2.342757970269747E-09 2422250
  91    5400.00    5460.00  1.207721695329111E-09  4.803880886978670E-10 2293421
  92    5460.00    5520.00  9.373088833410296E-10  9.258677504306232E-10 2171655
  93    5520.00    5580.00  1.143782353814359E-09  2.933686137167583E-10 2056626
  94    5580.00    5640.00  1.040154583679034E-09  2.245288751548851E-10 1946761
  95    5640.00    5700.00  1.112645197248765E-09  2.014478731809904E-10 1845776
  96    5700.00    5760.00  6.698596286942397E-10  2.680373680727146E-10 1746590
  97    5760.00    5820.00 -5.677400145144975E-10  1.045802425480938E-09 1653312
  98    5820.00    5880.00  7.221833285341036E-10  1.307730194691098E-10 1565360
  99    5880.00    5940.00  6.314199978947873E-10  8.766778514925651E-11 1482591
 100    5940.00    6000.00  1.893128299170894E-10  3.206015881029532E-10 1404009
 101    6000.00    6060.00  1.520037835882913E-10  3.221105267572725E-10 1328558
 102    6060.00    6120.00  3.439801355085880E-10  8.589149819774680E-11 1255510
 103    6120.00    6180.00  2.661012343571956E-10  9.483091429678109E-11 1185378
 104    6180.00    6240.00  2.437846438648579E-10  5.945903316028218E-11 1123222
 105    6240.00    6300.00 -2.579746695174645E-10  3.545584161371665E-10 1062415
 106    6300.00    6360.00 -1.065531186207856E-10  2.040360481216625E-10 1005754
 107    6360.00    6420.00  1.516418536781281E-10  3.899194700867502E-11 949704
 108    6420.00    6480.00  1.425570060202422E-10  3.826554551712025E-11 896099
 109    6480.00    6540.00  1.169930908359060E-10  2.613642278887841E-11 847702
 110    6540.00    6600.00 -4.832165339617130E-10  4.028690075745210E-10 802733
 111    6600.00    6660.00  6.887468811874238E-11  2.333619236352184E-11 757495
 112    6660.00    6720.00  6.460186249530786E-11  3.141251484031335E-11 714901
 113    6720.00    6780.00  3.204864702081856E-11  4.059474412845883E-11 676964
 114    6780.00    6840.00  3.551623227812077E-11  3.569328796745888E-11 637640
 115    6840.00    6900.00 -1.345815297075730E-10  1.368059761798180E-10 602816
 116    6900.00    6960.00  1.834364266853267E-11  2.358208453470704E-11 569426
 117    6960.00    7020.00 -1.303554999553541E-10  9.988159602708148E-11 538397
 118    7020.00    7080.00  2.643381686288611E-11  5.388103370229817E-12 508138
 119    7080.00    7140.00  2.786905789867336E-11  7.840938343514436E-12 479662
 120    7140.00    7200.00  2.044397388448943E-11  8.735955565646774E-12 450988
 121    7200.00    7260.00  6.946005965423999E-12  1.082005692730572E-11 425884
 122    7260.00    7320.00  1.892931604606687E-11  4.096200849948443E-12 400702
 123    7320.00    7380.00  1.578741561508302E-11  1.663962652097857E-12 378160
 124    7380.00    7440.00  8.858018823810907E-12  4.645050369441267E-12 356740
 125    7440.00    7500.00 -5.757356272955218E-11  4.901780453016183E-11 335825
 126    7500.00    7560.00  7.179593576674009E-12  2.402072328757599E-12 317042
 127    7560.00    7620.00  7.035669765181868E-12  1.453745726373688E-12 298553
 128    7620.00    7680.00  1.285381267388139E-12  3.491022269406112E-12 281428
 129    7680.00    7740.00  3.519434888987393E-12  2.627968070707346E-12 264813
 130    7740.00    7800.00  5.452243892951445E-12  5.508787477243280E-13 249875
 131    7800.00    7860.00  3.646950717333081E-12  6.242974721033232E-13 234741
 132    7860.00    7920.00  2.629451476378310E-12  1.146835911782994E-12 221380
 133    7920.00    7980.00  1.878342320055738E-12  9.302429066413056E-13 207943
 134    7980.00    8040.00  2.539905922061051E-12  3.391039898887901E-13 196194
 135    8040.00    8100.00  1.614150316838562E-12  6.106651091096002E-13 184045
 136    8100.00    8160.00  7.584269341329821E-13  5.061153981423481E-13 173247
 137    8160.00    8220.00 -9.240905321512753E-13  1.566689081962732E-12 162186
 138    8220.00    8280.00  7.830200407268519E-13  3.635434669130221E-13 152514
 139    8280.00    8340.00  7.652594674893878E-13  1.311140712391802E-13 143720
 140    8340.00    8400.00  7.122931700778086E-13  6.911990690694853E-14 134799
 141    8400.00    8460.00  5.201444555306493E-13  1.642148754875168E-13 126710
 142    8460.00    8520.00 -8.220628785626091E-13  1.160832235815219E-12 119040
 143    8520.00    8580.00  4.118402484865278E-13  1.774434358820920E-13 111668
 144    8580.00    8640.00  3.911058393878425E-13  4.100181110550799E-14 104205
 145    8640.00    8700.00 -1.318064357429903E-12  1.591347865208963E-12 97138
 146    8700.00    8760.00  2.925312526394192E-13  6.046248066512710E-14 91852
 147    8760.00    8820.00 -8.468293699498999E-13  1.029941681455656E-12 85615
 148    8820.00    8880.00  1.579484772982490E-13  2.499854128822748E-14 80402
 149    8880.00    8940.00  2.213797006607029E-13  7.776065956578006E-14 74837
 150    8940.00    9000.00  7.642819674402670E-14  4.579630444579625E-14 69561
 151    9000.00    9060.00 -3.819248010398186E-14  9.230685733930789E-14 65404
 152    9060.00    9120.00 -8.248296173376995E-14  1.191326560736747E-13 61305
 153    9120.00    9180.00  4.410223612517777E-14  6.831204066979406E-15 57256
 154    9180.00    9240.00  3.265719088401442E-14  8.447695522847488E-15 53353
 155    9240.00    9300.00  2.438175828113152E-14  5.941527933935022E-15 49744
 156    9300.00    9360.00 -6.426850969715445E-15  1.814274625778401E-14 46279
 157    9360.00    9420.00  1.802282796134191E-14  2.471730862267033E-15 43017
 158    9420.00    9480.00  2.033046317026392E-14  3.186433893926692E-15 39855
 159    9480.00    9540.00  1.235825616721533E-15  1.040162094167446E-14 37278
 160    9540.00    9600.00  1.811919176953381E-14  6.374507782669453E-15 34348
 161    9600.00    9660.00  8.021814964924963E-15  1.213986393892892E-15 31722
 162    9660.00    9720.00  6.055577821876628E-15  1.194913441702847E-15 29249
 163    9720.00    9780.00  4.046516302084619E-15  6.983034865638803E-16 27261
 164    9780.00    9840.00 -3.534509345879116E-15  6.774156905784221E-15 25118
 165    9840.00    9900.00  4.532168201239427E-15  1.870757840016226E-15 22961
 166    9900.00    9960.00  4.402527429057052E-15  3.320037601979361E-15 21598
 167    9960.00   10020.00  1.545460658249044E-16  8.969528901351534E-16 19589
 168   10020.00   10080.00  1.291239073473755E-15  2.308263656553628E-16 17918
 169   10080.00   10140.00 -1.074087069164528E-16  7.453938574496334E-16 16480
 170   10140.00   10200.00  8.971878779189042E-16  6.475557094652290E-16 15286
 171   10200.00   10260.00  1.754613429785890E-16  6.551074019176278E-16 13877
 172   10260.00   10320.00 -5.267600833063222E-16  9.437830003838333E-16 12803
 173   10320.00   10380.00  2.274775198464792E-16  6.721376296113641E-17 11471
 174   10380.00   10440.00  2.277844709032146E-16  6.319271155180688E-17 10484
 175   10440.00   10500.00  2.802908893815649E-16  2.053461869954493E-16 9543
 176   10500.00   10560.00  6.301818283637134E-17  6.288162356850851E-17 8431
 177   10560.00   10620.00 -9.365448109161894E-17  1.554919009866524E-16 7784
 178   10620.00   10680.00 -1.817267697819657E-16  2.662745405287166E-16 7043
 179   10680.00   10740.00  7.215567113807330E-17  1.929288848893159E-17 6193
 180   10740.00   10800.00 -2.747615826752565E-16  2.887743914834574E-16 5585
 181   10800.00   10860.00  1.248938936048699E-16  1.109235787277927E-16 4918
 182   10860.00   10920.00 -7.887357201807831E-17  9.344555300741312E-17 4465
 183   10920.00   10980.00  1.094002946540543E-16  1.471530925007959E-16 3949
 184   10980.00   11040.00  9.560785440406248E-19  3.302035514242095E-18 3641
 185   11040.00   11100.00  3.550336760545713E-17  2.979590879479154E-17 3102
 186   11100.00   11160.00  6.617932444584119E-19  2.998943507004285E-18 2739
 187   11160.00   11220.00  1.178146188768472E-17  1.213838531081473E-17 2366
 188   11220.00   11280.00  7.421468293126756E-19  6.199860629001188E-19 2045
 189   11280.00   11340.00  1.211461796960253E-19  2.985117867431383E-19 1796
 190   11340.00   11400.00  3.434634570806583E-19  2.105679234424585E-19 1533
 191   11400.00   11460.00  6.367074393522585E-19  4.218109473508778E-19 1351
 192   11460.00   11520.00 -1.018647136927668E-19  9.584671667016340E-20 1126
 193   11520.00   11580.00  9.923236271501044E-20  1.018143450658769E-19 938
 194   11580.00   11640.00  5.934556079619689E-19  3.746445772863067E-19 803
 195   11640.00   11700.00  1.634195279821575E-20  3.859550421904301E-20 681
 196   11700.00   11760.00  2.692913388460633E-22  4.180175325405915E-20 541
 197   11760.00   11820.00 -7.371876219842435E-21  1.971952448884479E-20 440
 198   11820.00   11880.00 -5.272365176964230E-20  3.689880441908872E-20 354
 199   11880.00   11940.00 -9.817792922962453E-21  1.127930947304010E-20 260
 200   11940.00   12000.00  5.516528790579627E-21  6.822117397791498E-21 189
 201   12000.00   12060.00 -4.001909523661517E-21  3.217920119267404E-21 180
 202   12060.00   12120.00  1.667280679874504E-21  5.954956517596396E-21 142
 203   12120.00   12180.00 -9.229852750354825E-22  6.916517655076095E-22 114
 204   12180.00   12240.00 -4.776422997807335E-22  2.516311568859936E-22 70
 205   12240.00   12300.00  6.190693756998381E-22  9.381436510265575E-22 34
 206   12300.00   12360.00 -8.196809959145171E-23  7.926948342843618E-23 27
 207   12360.00   12420.00  4.168050583170219E-24  4.313790304490253E-24 18
 208   12420.00   12480.00  3.829359453370523E-24  7.822611532677711E-24 10
 209   12480.00   12540.00 -9.985922134802139E-25  7.546896587315978E-25 4
 210   12540.00   12600.00  1.770748519311156E-24  1.770748519146841E-24 1
 211   12600.00   12660.00 -5.528283689454780E-28  5.528283688908839E-28 1
 212   12660.00   12720.00 -5.916670099284668E-29  5.916670097325910E-29 1
 213   12720.00   12780.00  0.000000000000000E+00  0.000000000000000E+00 0
 214   12780.00   12840.00  0.000000000000000E+00  0.000000000000000E+00 0
 215   12840.00   12900.00  0.000000000000000E+00  0.000000000000000E+00 0
 216   12900.00   12960.00  0.000000000000000E+00  0.000000000000000E+00 0
 217   12960.00   13020.00  0.000000000000000E+00  0.000000000000000E+00 0
# Underflow:                 0.0000000000000000E+00  0.0000000000000000E+00 0
# Overflow:                  0.0000000000000000E+00  0.0000000000000000E+00 0
#-------------------------------------------------------------------------------------
# Sum:                      -5.1493147386101716E-03  4.8408180654494383E-05 206000
#=====================================================================================
