# title = Invariant Mass visible System
# xlabel = $M_{\text{e}^+\mu^+\text{j}_1\text{j}_2}\,$[GeV]
# ylabel = $\frac{\text{d}\sigma}{\text{d}M_{\text{e}^+\mu^+\text{j}_1\text{j}_2}}\,\left[\frac{\text{fb}}{\text{GeV}}\right]$
# xmin=  0.000E+00
# xmax=  1.600E+03
# ymin=  1.000E-06
# ymax=  1.000E-02
# kmin= -2.000E+01
# kmax=  1.000E+01
# logscale = true
# Renormalization and factorization scale scaled by: 1.0000000000
# Renormalization scaled by: 1.0000000000
# Number of generated events: 3619765
#
#=====================================================================================
# No.       Left      Right                   Value                   Error Hits
#-------------------------------------------------------------------------------------
   1       0.00      40.00  0.000000000000000E+00  0.000000000000000E+00 0
   2      40.00      80.00  0.000000000000000E+00  0.000000000000000E+00 0
   3      80.00     120.00  0.000000000000000E+00  0.000000000000000E+00 0
   4     120.00     160.00  0.000000000000000E+00  0.000000000000000E+00 0
   5     160.00     200.00  0.000000000000000E+00  0.000000000000000E+00 0
   6     200.00     240.00  0.000000000000000E+00  0.000000000000000E+00 0
   7     240.00     280.00  0.000000000000000E+00  0.000000000000000E+00 0
   8     280.00     320.00  0.000000000000000E+00  0.000000000000000E+00 0
   9     320.00     360.00  0.000000000000000E+00  0.000000000000000E+00 0
  10     360.00     400.00  0.000000000000000E+00  0.000000000000000E+00 0
  11     400.00     440.00  0.000000000000000E+00  0.000000000000000E+00 0
  12     440.00     480.00  0.000000000000000E+00  0.000000000000000E+00 0
  13     480.00     520.00  0.000000000000000E+00  0.000000000000000E+00 0
  14     520.00     560.00  1.249218416515753E-06  4.701104699245895E-08 349178
  15     560.00     600.00  4.781614394732395E-05  5.182164467770045E-07 20127921
  16     600.00     640.00  1.775173832460073E-04  6.945002391086004E-07 58909369
  17     640.00     680.00  3.204758603747705E-04  1.002302173764541E-06 87176479
  18     680.00     720.00  4.392491134368918E-04  1.789294019820172E-06 107090362
  19     720.00     760.00  5.360017238589162E-04  1.747224437940599E-06 121087359
  20     760.00     800.00  6.081207422695915E-04  1.921244323161001E-06 130782217
  21     800.00     840.00  6.605758100786671E-04  2.889867711281892E-06 137428934
  22     840.00     880.00  6.928442275681721E-04  3.554858055846033E-06 141751689
  23     880.00     920.00  7.276966113861032E-04  2.850420165076320E-06 144379012
  24     920.00     960.00  7.402269704418314E-04  3.553990817996341E-06 145711820
  25     960.00    1000.00  7.590421738473201E-04  3.178627659265656E-06 146070101
  26    1000.00    1040.00  7.666792695458675E-04  2.958451062431269E-06 145696612
  27    1040.00    1080.00  7.682780951422601E-04  4.041905889707969E-06 144770866
  28    1080.00    1120.00  7.677727822402912E-04  3.530935702386892E-06 143403327
  29    1120.00    1160.00  7.556668237683417E-04  4.519576790417107E-06 141746823
  30    1160.00    1200.00  7.525743427910467E-04  4.381692050191166E-06 139808041
  31    1200.00    1240.00  7.482394317179397E-04  3.916145599447317E-06 137685743
  32    1240.00    1280.00  7.360590553055255E-04  4.335617606722405E-06 135426227
  33    1280.00    1320.00  7.240826345372669E-04  4.005781782999889E-06 133071917
  34    1320.00    1360.00  6.910367564697206E-04  5.972027036120860E-06 130651062
  35    1360.00    1400.00  6.889983999549014E-04  5.198751513196681E-06 128170981
  36    1400.00    1440.00  6.721175828046388E-04  5.428432757443993E-06 125719523
  37    1440.00    1480.00  6.546017687200272E-04  6.481287213400475E-06 123178190
  38    1480.00    1520.00  6.409949076175153E-04  5.244481731636003E-06 120673899
  39    1520.00    1560.00  6.269649273472689E-04  5.888121770208138E-06 118200021
  40    1560.00    1600.00  6.049718732442001E-04  6.235376045550863E-06 115723524
  41    1600.00    1640.00  5.992511958099784E-04  5.379630908262042E-06 113336802
  42    1640.00    1680.00  5.724999994537386E-04  5.209798617877601E-06 110896893
  43    1680.00    1720.00  5.613508633674412E-04  5.937990162966760E-06 108544585
  44    1720.00    1760.00  5.482038595983862E-04  5.077757237874211E-06 106211810
  45    1760.00    1800.00  5.225244113087734E-04  6.139519954544286E-06 103929681
  46    1800.00    1840.00  5.086085411513902E-04  6.364891110522882E-06 101692074
  47    1840.00    1880.00  4.943035287114952E-04  5.142659747151213E-06 99505797
  48    1880.00    1920.00  4.755733286569061E-04  7.138286512655846E-06 97342353
  49    1920.00    1960.00  4.514020754697711E-04  7.295985564754318E-06 95244376
  50    1960.00    2000.00  4.466105621192036E-04  6.383856250618554E-06 93183535
  51    2000.00    2040.00  4.295949407818921E-04  5.848476023228358E-06 91188639
  52    2040.00    2080.00  4.111716475469339E-04  8.791982119092025E-06 89230216
  53    2080.00    2120.00  4.060144754329700E-04  5.413523921525297E-06 87316227
  54    2120.00    2160.00  3.822454344285141E-04  6.927359295851332E-06 85434381
  55    2160.00    2200.00  3.613226077782411E-04  6.634024457669902E-06 83604488
  56    2200.00    2240.00  3.538927330409855E-04  6.941308236040436E-06 81832669
  57    2240.00    2280.00  3.460562479791806E-04  6.994068033122395E-06 80080207
  58    2280.00    2320.00  3.349745582186371E-04  7.694096176492303E-06 78369135
  59    2320.00    2360.00  3.221532004707226E-04  6.341068666971197E-06 76707254
  60    2360.00    2400.00  3.034780870245801E-04  9.205039203586558E-06 75106278
  61    2400.00    2440.00  3.013300751041568E-04  6.221891827389009E-06 73533042
  62    2440.00    2480.00  2.911320921286519E-04  6.072137728161805E-06 71983447
  63    2480.00    2520.00  2.739404239623052E-04  9.246155029248419E-06 70465828
  64    2520.00    2560.00  2.877913039408281E-04  3.701967248155814E-06 69016711
  65    2560.00    2600.00  2.606795248068798E-04  5.804416174868380E-06 67585165
  66    2600.00    2640.00  2.456275680186779E-04  7.584218578011630E-06 66193629
  67    2640.00    2680.00  2.442476524797027E-04  4.920770376345693E-06 64833302
  68    2680.00    2720.00  2.217534763297382E-04  8.174249462538768E-06 63502573
  69    2720.00    2760.00  2.098118942947160E-04  7.419323301670689E-06 62211502
  70    2760.00    2800.00  2.091652972403224E-04  5.879322415616503E-06 60926868
  71    2800.00    2840.00  2.107146864264925E-04  4.138749918881264E-06 59703898
  72    2840.00    2880.00  1.995753813998678E-04  6.692700958678890E-06 58486044
  73    2880.00    2920.00  1.908791066473311E-04  4.862175628329522E-06 57308261
  74    2920.00    2960.00  1.791888022187390E-04  5.018886769830506E-06 56170836
  75    2960.00    3000.00  1.726396377258403E-04  5.182376848650539E-06 55034127
  76    3000.00    3040.00  1.728018350880590E-04  3.678955773743028E-06 53936135
  77    3040.00    3080.00  1.535137739660345E-04  7.827598031881630E-06 52864131
  78    3080.00    3120.00  1.478165004816643E-04  9.295370693651607E-06 51823742
  79    3120.00    3160.00  1.428227786422597E-04  5.914186959704350E-06 50808612
  80    3160.00    3200.00  1.348055760147265E-04  5.728997506871797E-06 49818423
  81    3200.00    3240.00  1.281063878530001E-04  1.009362442770806E-05 48818949
  82    3240.00    3280.00  1.186261819241316E-04  1.028013806665634E-05 47865384
  83    3280.00    3320.00  1.198951153441042E-04  6.098768068698386E-06 46934599
  84    3320.00    3360.00  1.050247186150144E-04  7.468393676314845E-06 46044620
  85    3360.00    3400.00  1.161496849580508E-04  3.222034743597551E-06 45155836
  86    3400.00    3440.00  1.073378934370091E-04  4.214814726378317E-06 44270730
  87    3440.00    3480.00  1.041500692073579E-04  3.451108338642561E-06 43434547
  88    3480.00    3520.00  8.094396986721893E-05  1.225017640730796E-05 42585317
  89    3520.00    3560.00  8.887731299194325E-05  6.390901997472377E-06 41770112
  90    3560.00    3600.00  8.224121393613155E-05  8.559643011040034E-06 40981711
  91    3600.00    3640.00  8.473642089096578E-05  3.936110364291978E-06 40206479
  92    3640.00    3680.00  7.726028016422726E-05  5.374574793882717E-06 39440572
  93    3680.00    3720.00  8.412806106939388E-05  2.512305495898669E-06 38693398
  94    3720.00    3760.00  7.696995290131402E-05  3.187452861002590E-06 37979366
  95    3760.00    3800.00  7.208226055106047E-05  3.126989091667625E-06 37261925
  96    3800.00    3840.00  4.954798360481295E-05  2.084327461882879E-05 36562055
  97    3840.00    3880.00  6.304970330673631E-05  4.444135985828918E-06 35882610
  98    3880.00    3920.00  6.416453669824581E-05  4.814532501570935E-06 35209407
  99    3920.00    3960.00  4.397673861860987E-05  7.369972113208994E-06 34564121
 100    3960.00    4000.00  5.831758492143819E-05  3.125325520925748E-06 33906061
 101    4000.00    4040.00  5.180206927166692E-05  4.797354094783294E-06 33278008
 102    4040.00    4080.00  5.458997523063992E-05  2.855000296548787E-06 32660459
 103    4080.00    4120.00  4.936738868950232E-05  5.948894711595185E-06 32056466
 104    4120.00    4160.00  4.781364417276402E-05  3.038057299830142E-06 31472347
 105    4160.00    4200.00  3.481381950930375E-05  8.931873350160142E-06 30895223
 106    4200.00    4240.00  4.477063879032517E-05  2.071492266204319E-06 30328907
 107    4240.00    4280.00  3.840312332655915E-05  3.144428810449411E-06 29768976
 108    4280.00    4320.00  3.557208112803370E-05  3.279256663302870E-06 29222305
 109    4320.00    4360.00  3.667473333579132E-05  2.701711442909386E-06 28688869
 110    4360.00    4400.00  3.245718406673262E-05  4.096220393655837E-06 28180233
 111    4400.00    4440.00  3.560304467249619E-05  1.530719139990450E-06 27658043
 112    4440.00    4480.00  3.136427200357288E-05  2.114737237189262E-06 27162997
 113    4480.00    4520.00  2.589694443218642E-05  5.017571477579040E-06 26667856
 114    4520.00    4560.00  2.950453716825433E-05  2.969674719115609E-06 26187929
 115    4560.00    4600.00  2.775318312787311E-05  1.912343085351110E-06 25714891
 116    4600.00    4640.00  2.460922762735925E-05  1.962968299246570E-06 25247118
 117    4640.00    4680.00  2.602577627838452E-05  1.769648664809142E-06 24801639
 118    4680.00    4720.00  2.346230481462530E-05  1.561637008629255E-06 24349160
 119    4720.00    4760.00  2.362747613032454E-05  1.488676533001040E-06 23916079
 120    4760.00    4800.00  2.115050659431257E-05  1.530282855093245E-06 23484438
 121    4800.00    4840.00  1.850535006582481E-05  1.976842074326207E-06 23050875
 122    4840.00    4880.00  1.750280865932635E-05  2.017072772313150E-06 22654856
 123    4880.00    4920.00  1.797340012775882E-05  1.558858749720349E-06 22233459
 124    4920.00    4960.00  1.723376998244895E-05  1.104563499003850E-06 21843697
 125    4960.00    5000.00  1.402045224721684E-05  2.735793272038740E-06 21452265
 126    5000.00    5040.00  1.729574082674424E-05  8.994081667166821E-07 21063415
 127    5040.00    5080.00  1.320363976589224E-05  1.167949841316504E-06 20689522
 128    5080.00    5120.00  1.384351028789498E-05  1.622515207322630E-06 20331750
 129    5120.00    5160.00  1.378198548323252E-05  8.551880633923258E-07 19964868
 130    5160.00    5200.00  1.130581772910610E-05  1.513030282012328E-06 19610853
 131    5200.00    5240.00  9.605917177028552E-06  2.342048875607024E-06 19260013
 132    5240.00    5280.00  8.489400024291779E-06  3.214902407768399E-06 18919017
 133    5280.00    5320.00  6.609775085896930E-06  2.694569159916184E-06 18584490
 134    5320.00    5360.00  1.089359914796144E-05  7.494995995379108E-07 18246191
 135    5360.00    5400.00  9.112548246037351E-06  9.454554390541640E-07 17925708
 136    5400.00    5440.00  8.841281861065645E-06  8.088560062055588E-07 17606444
 137    5440.00    5480.00  6.132012154680915E-06  2.487261390745994E-06 17289126
 138    5480.00    5520.00  8.873471631776571E-06  5.152273962805721E-07 16979975
 139    5520.00    5560.00  7.479136203820607E-06  8.080990853684844E-07 16676916
 140    5560.00    5600.00  7.548008140723200E-06  6.447165167168471E-07 16381789
 141    5600.00    5640.00  7.227624528771907E-06  5.306209435334288E-07 16092689
 142    5640.00    5680.00  6.980166182284342E-06  5.561826268919165E-07 15808310
 143    5680.00    5720.00  4.815258683014902E-06  1.768837294651578E-06 15526819
 144    5720.00    5760.00  6.227815201594525E-06  6.154655808060215E-07 15247326
 145    5760.00    5800.00  4.299970503258249E-06  1.675639518749216E-06 14978455
 146    5800.00    5840.00  5.086624307513780E-06  4.661581385975020E-07 14709571
 147    5840.00    5880.00  5.245546135868510E-06  5.790811932621993E-07 14445870
 148    5880.00    5920.00  3.120441272675001E-06  1.054735187589096E-06 14180684
 149    5920.00    5960.00  4.762537409306291E-06  2.475924005577045E-07 13933390
 150    5960.00    6000.00  3.930146572851885E-06  3.392648215257441E-07 13686786
 151    6000.00    6040.00  2.807958151719689E-06  1.041579472785166E-06 13435941
 152    6040.00    6080.00  2.794926569484787E-06  7.488970615140920E-07 13193668
 153    6080.00    6120.00  2.859687359035360E-06  5.688187732424372E-07 12955463
 154    6120.00    6160.00  2.453047037019207E-06  6.626427540393734E-07 12725966
 155    6160.00    6200.00  3.495866106928711E-06  1.526813646111634E-07 12495293
 156    6200.00    6240.00  1.716452480283803E-06  1.155029682825645E-06 12281973
 157    6240.00    6280.00  2.346494777565120E-06  3.869514703142928E-07 12050861
 158    6280.00    6320.00  1.867872359899872E-06  5.519023597733198E-07 11835526
 159    6320.00    6360.00  2.224980171393898E-06  2.566898646440835E-07 11617664
 160    6360.00    6400.00  1.833332721659256E-06  3.470595445652504E-07 11407820
 161    6400.00    6440.00  2.204287762068704E-06  2.680551436047448E-07 11204703
 162    6440.00    6480.00  1.470567237906092E-06  4.098215750332069E-07 10995610
 163    6480.00    6520.00  8.567797163005748E-07  6.026288476592286E-07 10796588
 164    6520.00    6560.00  3.605452684895457E-07  1.551486716880177E-06 10593081
 165    6560.00    6600.00  1.559157259163837E-06  2.263197610562817E-07 10398918
 166    6600.00    6640.00  1.272614205927312E-06  3.796540398327918E-07 10218281
 167    6640.00    6680.00  1.436498784497600E-06  1.587516783466218E-07 10022472
 168    6680.00    6720.00  1.381252983735563E-06  1.030852749869376E-07 9844958
 169    6720.00    6760.00  2.247432636655828E-07  1.085047568232576E-06 9665347
 170    6760.00    6800.00  1.239955198549052E-06  9.324849947149491E-08 9484940
 171    6800.00    6840.00  8.989639896523739E-07  2.016091174154938E-07 9303961
 172    6840.00    6880.00  4.965781349952379E-07  4.308933245222551E-07 9136850
 173    6880.00    6920.00  9.728355533778829E-07  6.937302458234028E-08 8970728
 174    6920.00    6960.00  7.290367350860544E-07  1.439543992318249E-07 8800543
 175    6960.00    7000.00  4.347759396637387E-07  4.578315555624008E-07 8635636
 176    7000.00    7040.00  8.374229654727263E-07  7.551402687605642E-08 8478722
 177    7040.00    7080.00  5.856692979252679E-07  1.589805918780178E-07 8319171
 178    7080.00    7120.00  7.428362994686109E-07  4.153559394673592E-08 8162792
 179    7120.00    7160.00  5.194552653997979E-07  1.074716596801611E-07 8005715
 180    7160.00    7200.00 -3.774950536272801E-07  5.658395579275023E-07 7859124
 181    7200.00    7240.00  4.032778565808395E-07  1.555957510002114E-07 7710861
 182    7240.00    7280.00  7.518580183842719E-08  4.710773482551707E-07 7562934
 183    7280.00    7320.00  3.243590580227710E-07  1.666943233645249E-07 7426127
 184    7320.00    7360.00 -4.239536421535093E-08  4.283862891172721E-07 7276690
 185    7360.00    7400.00  3.666790731476525E-07  4.919061505976190E-08 7139730
 186    7400.00    7440.00  2.298292193581756E-07  1.333947015896056E-07 6995841
 187    7440.00    7480.00  3.576182490158182E-07  3.650538358503528E-08 6861663
 188    7480.00    7520.00  3.076866602834557E-07  3.675866287149120E-08 6733862
 189    7520.00    7560.00  3.042261003008056E-07  2.127680390272871E-08 6602927
 190    7560.00    7600.00  2.831464280521859E-07  3.205549617955989E-08 6473979
 191    7600.00    7640.00  2.689544298535596E-07  3.927427440494059E-08 6351823
 192    7640.00    7680.00  2.062142285916817E-07  2.396872993016356E-08 6224329
 193    7680.00    7720.00  1.856262488724850E-07  3.808060145683543E-08 6102187
 194    7720.00    7760.00  1.912083664292205E-07  2.301511559694853E-08 5982690
 195    7760.00    7800.00  6.395313007725352E-08  8.865705230762011E-08 5858785
 196    7800.00    7840.00  1.746832964892859E-07  2.556006772897478E-08 5745120
 197    7840.00    7880.00  1.433773185199058E-07  2.256344403191791E-08 5629082
 198    7880.00    7920.00  1.119810857039565E-07  3.715533719570284E-08 5518381
 199    7920.00    7960.00  1.020250894983246E-07  4.102671355804576E-08 5405267
 200    7960.00    8000.00  1.188908135675059E-07  1.556171128907793E-08 5294948
 201    8000.00    8040.00  1.046577505770154E-07  1.822086835613135E-08 5188449
 202    8040.00    8080.00  1.179106328275432E-07  6.744499322113771E-09 5081226
 203    8080.00    8120.00  7.834719207983820E-08  2.155087368667734E-08 4977563
 204    8120.00    8160.00  8.415701479613074E-08  1.364182641341282E-08 4874700
 205    8160.00    8200.00  8.087475778708872E-08  1.488449923882452E-08 4774472
 206    8200.00    8240.00  6.275361694419315E-08  1.658969933555069E-08 4672742
 207    8240.00    8280.00  8.296672745321555E-08  3.317054785066310E-09 4580992
 208    8280.00    8320.00  3.423771061392391E-08  1.893537827792627E-08 4480909
 209    8320.00    8360.00  6.428182206303056E-08  4.358687355854544E-09 4384578
 210    8360.00    8400.00  3.473559102964029E-08  1.557356274674017E-08 4292313
 211    8400.00    8440.00  3.677676174151901E-08  1.183485367927313E-08 4197766
 212    8440.00    8480.00  4.196780464191383E-08  7.827155840031662E-09 4106282
 213    8480.00    8520.00  3.223627998455492E-08  8.651139340152851E-09 4017931
 214    8520.00    8560.00  2.286611670570203E-08  1.179137447349249E-08 3929276
 215    8560.00    8600.00  2.038042981044159E-08  1.144148513281323E-08 3841556
 216    8600.00    8640.00  2.600525287759086E-08  3.516041482301082E-09 3761950
 217    8640.00    8680.00  2.748443222976687E-08  3.205300060326288E-09 3674650
 218    8680.00    8720.00  1.670222768965546E-08  5.549384777412407E-09 3597642
 219    8720.00    8760.00  1.393473800828849E-08  7.808344820841850E-09 3513218
 220    8760.00    8800.00  2.410463365028440E-08  1.258092481362537E-09 3436696
 221    8800.00    8840.00  2.193970394292191E-08  1.248316699778903E-09 3357225
 222    8840.00    8880.00  1.427917907023366E-08  3.433556584884674E-09 3280287
 223    8880.00    8920.00  8.622650279596784E-09  9.854582281110362E-09 3207012
 224    8920.00    8960.00  1.302450650239062E-08  2.221780133964100E-09 3129275
 225    8960.00    9000.00  1.278710389514783E-08  1.056990466106182E-09 3057500
 226    9000.00    9040.00  1.214459069248246E-08  1.136475610426979E-09 2983560
 227    9040.00    9080.00 -8.205779371694224E-09  1.853823859237346E-08 2911952
 228    9080.00    9120.00  6.686620334586390E-09  2.025275925422036E-09 2840340
 229    9120.00    9160.00  5.770585251901207E-09  2.714101250398962E-09 2773384
 230    9160.00    9200.00 -1.449125504381250E-09  7.700747864877448E-09 2705725
 231    9200.00    9240.00  5.033600663256998E-09  1.786894024996080E-09 2642497
 232    9240.00    9280.00  6.061127378781830E-09  5.839961551881167E-10 2573161
 233    9280.00    9320.00  4.385317705272680E-09  1.380722541924095E-09 2511868
 234    9320.00    9360.00  4.577576892311142E-09  9.111386567491095E-10 2451235
 235    9360.00    9400.00  3.833957893998260E-09  7.112480025075913E-10 2383446
 236    9400.00    9440.00  2.246727489420201E-09  1.132642751225718E-09 2323761
 237    9440.00    9480.00  2.802782878518723E-09  7.528279653448033E-10 2265091
 238    9480.00    9520.00  1.727896627359336E-09  1.032724686114784E-09 2207010
 239    9520.00    9560.00  2.541841914711696E-09  3.624484074100243E-10 2151986
 240    9560.00    9600.00  2.354449320549693E-09  2.197871791822913E-10 2094644
 241    9600.00    9640.00  2.138581703013471E-09  1.961912917807268E-10 2035894
 242    9640.00    9680.00  1.483877440766914E-09  3.028600839214601E-10 1981347
 243    9680.00    9720.00  1.774808927523255E-09  1.737461390936377E-10 1927383
 244    9720.00    9760.00  1.210043693354988E-09  2.365430252629202E-10 1871157
 245    9760.00    9800.00  1.095019530124241E-09  1.495079936168392E-10 1820615
 246    9800.00    9840.00  1.144932219564952E-09  2.171219759821824E-10 1768295
 247    9840.00    9880.00  4.860561560591531E-10  2.843560169788225E-10 1720737
 248    9880.00    9920.00  7.858000247101445E-10  1.676742405369754E-10 1672800
 249    9920.00    9960.00  4.770248643515996E-11  3.939773442331797E-10 1621435
 250    9960.00   10000.00  6.232658686322297E-10  7.821814508274181E-11 1576287
 251   10000.00   10040.00  5.705340794137524E-10  5.053199124991681E-11 1526889
 252   10040.00   10080.00  3.721127849832717E-10  1.154734694323536E-10 1480524
 253   10080.00   10120.00  3.197007089096781E-10  1.127825062013457E-10 1436413
 254   10120.00   10160.00  4.228767276969820E-10  4.424980390555568E-11 1391625
 255   10160.00   10200.00  3.708337470435362E-10  2.099665848389963E-11 1349038
 256   10200.00   10240.00  1.446664762890087E-10  1.398833636854476E-10 1302937
 257   10240.00   10280.00  2.130263312674528E-10  6.319087278254096E-11 1262494
 258   10280.00   10320.00  2.252094467304514E-10  2.375542340694184E-11 1221296
 259   10320.00   10360.00  1.100089593972429E-10  8.481713651508730E-11 1181985
 260   10360.00   10400.00  1.569354796695530E-10  2.062878149970369E-11 1142507
 261   10400.00   10440.00 -2.529094400209343E-11  1.753988413704816E-10 1105731
 262   10440.00   10480.00  7.843131923115492E-11  3.354410897889609E-11 1066647
 263   10480.00   10520.00  8.850291162356875E-11  9.074898819524984E-12 1029240
 264   10520.00   10560.00  8.910336823318936E-11  9.122148377190987E-12 994166
 265   10560.00   10600.00  6.416373911593581E-11  9.516961284753853E-12 957792
 266   10600.00   10640.00  6.056407196624102E-11  1.202853612169339E-11 922223
 267   10640.00   10680.00  4.556926784971093E-11  5.906758130424400E-12 889030
 268   10680.00   10720.00  3.736533560865019E-11  4.901007379122633E-12 856247
 269   10720.00   10760.00  3.852889091364635E-11  3.676660241258591E-12 822860
 270   10760.00   10800.00  1.524109584854742E-11  9.174458965175641E-12 791725
 271   10800.00   10840.00  2.871468862256580E-11  2.909178952220679E-12 758779
 272   10840.00   10880.00  1.897289897498048E-12  1.340901453760958E-11 730051
 273   10880.00   10920.00 -4.060657475657340E-11  5.969630574117614E-11 698127
 274   10920.00   10960.00 -1.271534770669776E-11  1.213983574541583E-11 669890
 275   10960.00   11000.00  1.340251776722342E-11  4.513336123994293E-12 640605
 276   11000.00   11040.00  5.910205305132866E-12  3.103879582693036E-12 613955
 277   11040.00   11080.00 -1.764742544724974E-12  1.117298687076170E-11 586751
 278   11080.00   11120.00  3.601361991401156E-12  1.716874095439477E-12 558878
 279   11120.00   11160.00  3.179229201392545E-12  1.047551629538548E-12 531943
 280   11160.00   11200.00  5.032867219923363E-12  7.526777341790872E-13 508196
 281   11200.00   11240.00  2.456943802322930E-12  4.267903760873979E-13 483421
 282   11240.00   11280.00  2.306065788417271E-12  8.256784476981276E-13 460464
 283   11280.00   11320.00  1.528039548276005E-12  1.031827138455201E-12 436386
 284   11320.00   11360.00 -4.977542372265364E-13  1.613102451808479E-12 416115
 285   11360.00   11400.00  1.324555075012950E-12  1.479503828152002E-13 393712
 286   11400.00   11440.00  5.235871577615631E-13  2.451868264372256E-13 371278
 287   11440.00   11480.00  5.375219546589342E-13  1.566367204506814E-13 351241
 288   11480.00   11520.00  5.336208989454297E-13  9.955874113114252E-14 330418
 289   11520.00   11560.00 -9.363151270124317E-13  1.034415365426676E-12 311601
 290   11560.00   11600.00  8.643269561496831E-14  2.123528435334456E-13 292123
 291   11600.00   11640.00  3.102933976379763E-13  9.107095161858577E-14 274096
 292   11640.00   11680.00 -5.483150972172102E-14  2.785391495400158E-13 256434
 293   11680.00   11720.00  1.291323528142527E-13  1.118763529361690E-13 239712
 294   11720.00   11760.00  1.003891817300340E-13  2.107105396931670E-14 223436
 295   11760.00   11800.00 -4.115415498333159E-14  7.124623331422936E-14 208203
 296   11800.00   11840.00  4.940508653171510E-14  3.310126805452689E-14 193520
 297   11840.00   11880.00  2.143998709835353E-14  1.279763848865766E-14 179057
 298   11880.00   11920.00  1.180215523558917E-14  2.107048676243743E-14 164424
 299   11920.00   11960.00  1.233751306061444E-14  5.780064343468827E-15 150012
 300   11960.00   12000.00 -6.997672480541554E-15  2.242751037038641E-14 138506
 301   12000.00   12040.00 -2.195063720263127E-15  7.273842912193602E-15 126527
 302   12040.00   12080.00  1.728106439144966E-14  6.008679297742462E-15 114519
 303   12080.00   12120.00  5.833760929507364E-15  2.605504304503852E-15 103894
 304   12120.00   12160.00  4.275180735590772E-16  1.376619666950898E-15 93097
 305   12160.00   12200.00 -1.267533388190250E-14  9.632901622391514E-15 83068
 306   12200.00   12240.00  1.614923120110484E-15  1.122468931085010E-15 74159
 307   12240.00   12280.00  4.453703291919859E-15  2.558137489013156E-15 65466
 308   12280.00   12320.00 -1.130060200630740E-14  1.031102912096037E-14 56602
 309   12320.00   12360.00 -7.649591014392374E-16  6.381139876802064E-16 49394
 310   12360.00   12400.00  1.183948031972965E-15  1.024224874510674E-15 42707
 311   12400.00   12440.00 -1.780425132812535E-16  2.356765124272928E-16 35867
 312   12440.00   12480.00  1.615117512953714E-16  2.079657270205546E-16 30390
 313   12480.00   12520.00  3.229406328158239E-17  7.820922065674677E-17 24716
 314   12520.00   12560.00  8.617053199271997E-17  7.844106336475464E-17 20099
 315   12560.00   12600.00 -4.164396386066073E-17  3.816627351199522E-17 15820
 316   12600.00   12640.00  5.848191119466639E-17  5.162575291072305E-17 12138
 317   12640.00   12680.00 -7.415931148841254E-17  8.068281160853257E-17 9056
 318   12680.00   12720.00  8.004254848692980E-19  2.384699670290383E-18 6353
 319   12720.00   12760.00 -1.077278607063057E-17  9.218992058227573E-18 4179
 320   12760.00   12800.00 -2.560241649272245E-17  2.615291499834947E-17 2581
 321   12800.00   12840.00  2.182886276222616E-20  2.701569355707468E-19 1389
 322   12840.00   12880.00  9.827535257862586E-21  5.144249093144823E-20 539
 323   12880.00   12920.00  8.816163250869249E-21  6.648044031137677E-21 102
 324   12920.00   12960.00 -4.767094147902678E-21  4.040215110623938E-21 6
 325   12960.00   13000.00  0.000000000000000E+00  0.000000000000000E+00 0
# Underflow:                 0.0000000000000000E+00  0.0000000000000000E+00 0
# Overflow:                  0.0000000000000000E+00  0.0000000000000000E+00 0
#-------------------------------------------------------------------------------------
# Sum:                      -5.1493147386101733E-03  4.8412080717155782E-05 206000
#=====================================================================================
