# title = Total Transverse Energy with Gluon
# xlabel = $H_{\text{T},\text{g}}\,$[GeV]
# ylabel = $\frac{\text{d}\sigma}{\text{d}H_{\text{T},\text{g}}}\,\left[\frac{\text{fb}}{\text{GeV}}\right]$
# xmin=  0.000E+00
# xmax=  2.000E+03
# ymin=  1.000E-06
# ymax=  1.000E-02
# kmin= -2.000E+01
# kmax=  1.000E+01
# logscale = true
# Renormalization and factorization scale scaled by: 1.0000000000
# Renormalization scaled by: 1.0000000000
# Number of generated events: 5283716945
#
#=====================================================================================
# No.       Left      Right                   Value                   Error Hits
#-------------------------------------------------------------------------------------
   1       0.00      60.00  0.000000000000000E+00  0.000000000000000E+00 0
   2      60.00     120.00  0.000000000000000E+00  0.000000000000000E+00 0
   3     120.00     180.00  1.759779421715713E-06  1.993911761774403E-08 445644
   4     180.00     240.00  1.643231452867076E-04  2.078615341814680E-07 32966065
   5     240.00     300.00  9.918046892425719E-04  5.406736459487066E-07 143018391
   6     300.00     360.00  2.101343195415761E-03  8.150412728774334E-07 255659800
   7     360.00     420.00  2.821045374703202E-03  9.525903703779765E-07 328113222
   8     420.00     480.00  3.021727047442686E-03  9.823506155874775E-07 351349717
   9     480.00     540.00  2.843213919343346E-03  9.368069714684906E-07 341118357
  10     540.00     600.00  2.492224475907204E-03  8.633678247006778E-07 317615164
  11     600.00     660.00  2.098773089101213E-03  7.768403427182033E-07 289880483
  12     660.00     720.00  1.728095080585805E-03  6.891863177689241E-07 261784289
  13     720.00     780.00  1.404753349692259E-03  6.042756489003420E-07 235202841
  14     780.00     840.00  1.133696383130583E-03  5.271935493775032E-07 211129676
  15     840.00     900.00  9.107482447676790E-04  4.564524718377596E-07 189661730
  16     900.00     960.00  7.316484664533048E-04  3.959744476988933E-07 170707220
  17     960.00    1020.00  5.875144158472997E-04  3.472260567233986E-07 153962527
  18    1020.00    1080.00  4.727038735085627E-04  2.987794980058368E-07 139226038
  19    1080.00    1140.00  3.811968540593479E-04  2.603231543570825E-07 126211800
  20    1140.00    1200.00  3.076721638888564E-04  2.260762500916346E-07 114702678
  21    1200.00    1260.00  2.494657979951235E-04  1.967417651514128E-07 104459973
  22    1260.00    1320.00  2.023787472309681E-04  1.712884175254284E-07 95360001
  23    1320.00    1380.00  1.648127516641822E-04  1.492022313730719E-07 87262622
  24    1380.00    1440.00  1.339491985649316E-04  1.286530970773252E-07 79965211
  25    1440.00    1500.00  1.095747784157622E-04  1.119663957194628E-07 73441652
  26    1500.00    1560.00  8.997485889491969E-05  9.871946518296112E-08 67562963
  27    1560.00    1620.00  7.383992800083909E-05  8.643485606634229E-08 62286354
  28    1620.00    1680.00  6.076342010389227E-05  7.545397710695852E-08 57487563
  29    1680.00    1740.00  5.010759078005472E-05  6.649772679145431E-08 53158961
  30    1740.00    1800.00  4.147366586677704E-05  5.786978237707811E-08 49190613
  31    1800.00    1860.00  3.434886156271705E-05  5.119348155015362E-08 45613363
  32    1860.00    1920.00  2.843343953222967E-05  4.417725132681372E-08 42328530
  33    1920.00    1980.00  2.366000548668057E-05  3.985962120640903E-08 39331830
  34    1980.00    2040.00  1.975039695411521E-05  3.441718330650234E-08 36604493
  35    2040.00    2100.00  1.642843522847016E-05  3.012346404456629E-08 34073174
  36    2100.00    2160.00  1.375259869371652E-05  2.662826873712621E-08 31772145
  37    2160.00    2220.00  1.147331616286226E-05  2.421835322034058E-08 29648961
  38    2220.00    2280.00  9.581041888704243E-06  2.043654784223656E-08 27697007
  39    2280.00    2340.00  8.079989968278391E-06  1.821966814557371E-08 25891047
  40    2340.00    2400.00  6.750286223493313E-06  1.587211757786862E-08 24223067
  41    2400.00    2460.00  5.695363339018936E-06  1.406318235855951E-08 22673529
  42    2460.00    2520.00  4.761364407977910E-06  1.240986293787472E-08 21244343
  43    2520.00    2580.00  4.013457478873136E-06  1.084338772728026E-08 19920092
  44    2580.00    2640.00  3.380154176558581E-06  9.802902539689830E-09 18688059
  45    2640.00    2700.00  2.867433854544669E-06  8.731182795775646E-09 17552084
  46    2700.00    2760.00  2.407415414010595E-06  7.445250147485328E-09 16492020
  47    2760.00    2820.00  2.043161971831224E-06  6.759122248388849E-09 15504114
  48    2820.00    2880.00  1.721206662846456E-06  5.814237911821811E-09 14582463
  49    2880.00    2940.00  1.461997229781515E-06  5.226642664011603E-09 13723969
  50    2940.00    3000.00  1.240335413664721E-06  4.795289034344939E-09 12923706
  51    3000.00    3060.00  1.047767475845143E-06  4.142771793224960E-09 12174406
  52    3060.00    3120.00  9.051289792722331E-07  4.465202954743173E-09 11465903
  53    3120.00    3180.00  7.561223296628649E-07  3.092889625693655E-09 10818978
  54    3180.00    3240.00  6.379487693692755E-07  2.799246797184956E-09 10197322
  55    3240.00    3300.00  5.466994694120967E-07  2.560115918259004E-09 9621828
  56    3300.00    3360.00  4.642893257628882E-07  2.199773246199187E-09 9089400
  57    3360.00    3420.00  3.937358841058422E-07  1.983130882684993E-09 8582173
  58    3420.00    3480.00  3.376482764008072E-07  1.751070765810341E-09 8104179
  59    3480.00    3540.00  2.875912074143930E-07  1.654395031282358E-09 7657665
  60    3540.00    3600.00  2.469206028878719E-07  1.641168114898475E-09 7236346
  61    3600.00    3660.00  2.085383565984911E-07  1.167814428756267E-09 6838209
  62    3660.00    3720.00  1.803616533874521E-07  1.217354673421369E-09 6467607
  63    3720.00    3780.00  1.528308547747118E-07  1.010504066349410E-09 6114889
  64    3780.00    3840.00  1.312251133660519E-07  8.933546885962850E-10 5784641
  65    3840.00    3900.00  1.129210795525334E-07  9.408602071564789E-10 5473085
  66    3900.00    3960.00  9.606582758432411E-08  7.194272175586475E-10 5182000
  67    3960.00    4020.00  8.258644829850778E-08  5.976336955570408E-10 4904346
  68    4020.00    4080.00  7.028309104281754E-08  5.389832484428237E-10 4638821
  69    4080.00    4140.00  6.014646506682773E-08  4.671090835387504E-10 4397255
  70    4140.00    4200.00  5.137550491756059E-08  4.539286009670275E-10 4163250
  71    4200.00    4260.00  4.382127631072995E-08  3.635652906064390E-10 3938407
  72    4260.00    4320.00  3.784453478571442E-08  3.456991586182139E-10 3730566
  73    4320.00    4380.00  3.268200200936230E-08  3.133358752386770E-10 3533751
  74    4380.00    4440.00  2.809186683349948E-08  3.163820112295072E-10 3348570
  75    4440.00    4500.00  2.374957972759118E-08  2.251356512085023E-10 3173744
  76    4500.00    4560.00  2.048073620672954E-08  1.978531219324550E-10 3003252
  77    4560.00    4620.00  1.799017915299208E-08  2.054996436181218E-10 2845423
  78    4620.00    4680.00  1.541022614215077E-08  1.807482589814283E-10 2697087
  79    4680.00    4740.00  1.307338996633587E-08  1.559625805481853E-10 2554471
  80    4740.00    4800.00  1.124090441721663E-08  1.196567572351621E-10 2419424
  81    4800.00    4860.00  9.902869625248807E-09  1.462586749784667E-10 2292831
  82    4860.00    4920.00  8.456794358666339E-09  1.121213994191972E-10 2172465
  83    4920.00    4980.00  7.229567415135807E-09  9.790975322805172E-11 2059727
  84    4980.00    5040.00  6.262773736028308E-09  9.933147954444876E-11 1948537
  85    5040.00    5100.00  5.327462160165938E-09  1.207697837006142E-10 1849675
  86    5100.00    5160.00  4.494200892882730E-09  5.904331721091478E-11 1750594
  87    5160.00    5220.00  4.038372716585410E-09  6.809449245998263E-11 1656689
  88    5220.00    5280.00  3.400607422625925E-09  4.852783762945558E-11 1571089
  89    5280.00    5340.00  2.935488632198272E-09  4.525345105853958E-11 1487795
  90    5340.00    5400.00  2.590619121242336E-09  4.458590713705257E-11 1407881
  91    5400.00    5460.00  2.177836488724066E-09  3.497441450796428E-11 1334798
  92    5460.00    5520.00  1.853573407025656E-09  3.201729710676971E-11 1261733
  93    5520.00    5580.00  1.656736694479987E-09  2.855106456478831E-11 1197973
  94    5580.00    5640.00  1.437142086620751E-09  4.672335083108552E-11 1131722
  95    5640.00    5700.00  1.219453215817810E-09  2.167730096351250E-11 1070651
  96    5700.00    5760.00  1.013652074294620E-09  1.751826479765569E-11 1013577
  97    5760.00    5820.00  9.266057434552547E-10  1.880543391431347E-11 960519
  98    5820.00    5880.00  7.597889235796370E-10  1.566160397122009E-11 910201
  99    5880.00    5940.00  6.998228711404649E-10  2.503679089577496E-11 858195
 100    5940.00    6000.00  6.088671643126842E-10  1.702305600937724E-11 813256
 101    6000.00    6060.00  4.963729923551671E-10  1.589965375970579E-11 770658
 102    6060.00    6120.00  4.346615148198173E-10  9.754097715796791E-12 725979
 103    6120.00    6180.00  3.824318158004708E-10  1.530191921093231E-11 689457
 104    6180.00    6240.00  3.119365617287686E-10  7.684240889000210E-12 649530
 105    6240.00    6300.00  2.713841162790163E-10  8.871380479869920E-12 614835
 106    6300.00    6360.00  2.458447957067214E-10  8.463350373474433E-12 581659
 107    6360.00    6420.00  1.940397939597432E-10  5.745902689272356E-12 548874
 108    6420.00    6480.00  1.790379855032369E-10  1.026393086285137E-11 518006
 109    6480.00    6540.00  1.421386249522149E-10  3.661288333500718E-12 489740
 110    6540.00    6600.00  1.194600837411461E-10  3.815139024600634E-12 462451
 111    6600.00    6660.00  1.072264021004057E-10  2.960211225647940E-12 437261
 112    6660.00    6720.00  9.338447861048472E-11  2.976850095675321E-12 413152
 113    6720.00    6780.00  7.735064097819364E-11  2.612426899416446E-12 390377
 114    6780.00    6840.00  6.532303495072331E-11  2.063257288093342E-12 367731
 115    6840.00    6900.00  5.691460321279623E-11  1.854673005153016E-12 347454
 116    6900.00    6960.00  4.808432873587074E-11  1.484702952153655E-12 327709
 117    6960.00    7020.00  4.228518058456366E-11  1.616178753058665E-12 308578
 118    7020.00    7080.00  3.878482141909589E-11  2.193061926066545E-12 292004
 119    7080.00    7140.00  3.056759780639203E-11  1.160282724494220E-12 274688
 120    7140.00    7200.00  2.507240835107870E-11  1.002812480229068E-12 259657
 121    7200.00    7260.00  2.166059333876337E-11  8.503638522327248E-13 244517
 122    7260.00    7320.00  1.920524663588698E-11  8.017636529693649E-13 229679
 123    7320.00    7380.00  1.585872303454655E-11  6.452792365076798E-13 217947
 124    7380.00    7440.00  1.257657321154010E-11  5.121172568159188E-13 204778
 125    7440.00    7500.00  1.159192868728265E-11  5.704513917385883E-13 192614
 126    7500.00    7560.00  9.966790044641794E-12  4.667540494241740E-13 181449
 127    7560.00    7620.00  8.047686615549569E-12  3.620890826484149E-13 170027
 128    7620.00    7680.00  6.811727044681145E-12  3.318237938407781E-13 161088
 129    7680.00    7740.00  5.699154377006177E-12  2.610907366531437E-13 151431
 130    7740.00    7800.00  4.565981054748650E-12  2.692887547639658E-13 142656
 131    7800.00    7860.00  3.654497849144566E-12  2.208904329978613E-13 134474
 132    7860.00    7920.00  3.160775662779966E-12  1.654400386587681E-13 126059
 133    7920.00    7980.00  2.730204390533233E-12  1.580146676281206E-13 119317
 134    7980.00    8040.00  2.241243965465318E-12  1.202656341351528E-13 111644
 135    8040.00    8100.00  1.731892412206043E-12  9.227926009185482E-14 104598
 136    8100.00    8160.00  1.355199055641399E-12  8.214001636472985E-14 98393
 137    8160.00    8220.00  1.147246999148678E-12  7.456520845787511E-14 93124
 138    8220.00    8280.00  1.073261036612843E-12  7.105368461319607E-14 86623
 139    8280.00    8340.00  9.938775390662075E-13  9.148224170379134E-14 81819
 140    8340.00    8400.00  7.377564901509866E-13  4.722078823643558E-14 76882
 141    8400.00    8460.00  6.106796233659709E-13  4.542929367947758E-14 71569
 142    8460.00    8520.00  4.744585423147579E-13  3.288705006100482E-14 67501
 143    8520.00    8580.00  4.312415155452230E-13  5.498899793205840E-14 63265
 144    8580.00    8640.00  3.533933363296866E-13  3.509713878959678E-14 59395
 145    8640.00    8700.00  2.556766438408048E-13  2.005955174425698E-14 55235
 146    8700.00    8760.00  2.225876160230044E-13  1.936133149457078E-14 51644
 147    8760.00    8820.00  1.920414010387881E-13  1.440769890421402E-14 48826
 148    8820.00    8880.00  1.355537561782747E-13  1.263560397285435E-14 45667
 149    8880.00    8940.00  1.228388004057795E-13  1.224446455868087E-14 42573
 150    8940.00    9000.00  8.374786461749662E-14  6.875893074766975E-15 39923
 151    9000.00    9060.00  8.458680016588873E-14  9.292376739286783E-15 37116
 152    9060.00    9120.00  6.609244267805497E-14  7.613254825488657E-15 34565
 153    9120.00    9180.00  4.863453267929446E-14  4.867350551274027E-15 32527
 154    9180.00    9240.00  4.169832179559049E-14  6.041217253668062E-15 29804
 155    9240.00    9300.00  2.936990094198691E-14  3.069096623811389E-15 28120
 156    9300.00    9360.00  2.478392497267755E-14  2.685913346937378E-15 26224
 157    9360.00    9420.00  1.838710183176397E-14  2.261760682475290E-15 24370
 158    9420.00    9480.00  1.521487529870843E-14  1.583093106623321E-15 22470
 159    9480.00    9540.00  9.872962427269956E-15  1.065157455353663E-15 20985
 160    9540.00    9600.00  9.697263002788399E-15  1.443847623861178E-15 19377
 161    9600.00    9660.00  7.871684145596183E-15  1.565768474868911E-15 17733
 162    9660.00    9720.00  5.002406798736506E-15  6.926647387250537E-16 16837
 163    9720.00    9780.00  4.522925447163312E-15  1.174647765354188E-15 15252
 164    9780.00    9840.00  2.989096874526260E-15  3.782496090494135E-16 14133
 165    9840.00    9900.00  3.104660236463017E-15  4.797625640832990E-16 13023
 166    9900.00    9960.00  1.996690270427285E-15  2.983168760622847E-16 11959
 167    9960.00   10020.00  1.558047487245692E-15  2.343259906568454E-16 11027
 168   10020.00   10080.00  9.619676660726688E-16  2.138313355061263E-16 10139
 169   10080.00   10140.00  8.018955448929736E-16  1.318322402506362E-16 9444
 170   10140.00   10200.00  6.791907535018516E-16  1.134449642903176E-16 8532
 171   10200.00   10260.00  3.630539939799455E-16  6.259025054133244E-17 7803
 172   10260.00   10320.00  2.494968471608724E-16  3.765851978394563E-17 7233
 173   10320.00   10380.00  2.367102972266132E-16  5.684716024415275E-17 6484
 174   10380.00   10440.00  1.659373372269391E-16  2.810931916865022E-17 5772
 175   10440.00   10500.00  1.331149046713079E-16  3.330561351454343E-17 5334
 176   10500.00   10560.00  7.965954961660718E-17  1.343077098999451E-17 4849
 177   10560.00   10620.00  4.129602110014667E-17  6.997859256974680E-18 4333
 178   10620.00   10680.00  3.590522223833436E-17  1.098387207870694E-17 3853
 179   10680.00   10740.00  3.158238598201425E-17  9.633172264790343E-18 3435
 180   10740.00   10800.00  1.352505067815772E-17  4.015348744431820E-18 3097
 181   10800.00   10860.00  1.220334985568585E-17  4.323335529491563E-18 2742
 182   10860.00   10920.00  1.735449564380453E-17  4.586975389011809E-18 2525
 183   10920.00   10980.00  9.477259324413822E-18  2.763226882482260E-18 2283
 184   10980.00   11040.00  2.619197357925987E-18  1.511068545579744E-18 1966
 185   11040.00   11100.00  1.348812811206460E-18  1.245395673407924E-18 1709
 186   11100.00   11160.00  1.117543725359185E-18  8.636175252257583E-19 1526
 187   11160.00   11220.00  2.030410313775963E-18  8.952699425198704E-19 1342
 188   11220.00   11280.00 -2.995478976310446E-18  3.466331308649139E-18 1202
 189   11280.00   11340.00  2.667196936394564E-19  2.825711077073025E-19 1023
 190   11340.00   11400.00  3.757781849480573E-20  3.126725640516221E-19 832
 191   11400.00   11460.00 -1.630991408793853E-19  1.888508525277505E-19 732
 192   11460.00   11520.00  2.461938786504376E-19  2.474021017173893E-19 613
 193   11520.00   11580.00  2.336585856709072E-19  1.360568310479154E-19 516
 194   11580.00   11640.00 -1.386824546122937E-20  6.011296435826110E-20 475
 195   11640.00   11700.00 -2.762132145377650E-20  3.693981604538788E-20 398
 196   11700.00   11760.00  1.535824182647122E-22  1.450527394375037E-20 279
 197   11760.00   11820.00  8.437801909750277E-21  1.568272659256649E-20 237
 198   11820.00   11880.00 -2.150009898491222E-20  8.523983825944617E-21 198
 199   11880.00   11940.00 -4.481829260645488E-21  9.387095874949010E-21 148
 200   11940.00   12000.00  1.099108339737387E-20  6.789389043284288E-21 124
 201   12000.00   12060.00  4.114764952505883E-21  3.619931340185674E-21 110
 202   12060.00   12120.00  2.071494435315555E-22  5.469594286826043E-22 77
 203   12120.00   12180.00 -4.834418385085873E-22  3.390424963993689E-22 59
 204   12180.00   12240.00 -8.007153699237505E-22  1.000731998563378E-21 27
 205   12240.00   12300.00 -3.391956778919483E-24  3.531349728199130E-23 21
 206   12300.00   12360.00 -1.103203826713050E-22  1.003623767598928E-22 15
 207   12360.00   12420.00  1.106940272752338E-22  1.168257849299599E-22 10
 208   12420.00   12480.00 -3.905328232402440E-27  3.905328232004521E-27 1
 209   12480.00   12540.00  5.604849632257203E-26  2.236133636057171E-25 4
 210   12540.00   12600.00 -1.528885197785718E-26  1.334635051308060E-26 2
 211   12600.00   12660.00  0.000000000000000E+00  0.000000000000000E+00 0
 212   12660.00   12720.00  0.000000000000000E+00  0.000000000000000E+00 0
 213   12720.00   12780.00  0.000000000000000E+00  0.000000000000000E+00 0
 214   12780.00   12840.00  0.000000000000000E+00  0.000000000000000E+00 0
 215   12840.00   12900.00  0.000000000000000E+00  0.000000000000000E+00 0
 216   12900.00   12960.00  0.000000000000000E+00  0.000000000000000E+00 0
 217   12960.00   13020.00  0.000000000000000E+00  0.000000000000000E+00 0
# Underflow:                 0.0000000000000000E+00  0.0000000000000000E+00 0
# Overflow:                  0.0000000000000000E+00  0.0000000000000000E+00 0
#-------------------------------------------------------------------------------------
# Sum:                       4.4797116669082260E-02  7.4830264397057649E-06 467479000
#=====================================================================================
