# title = Transverse Momentum Harder Jet
# xlabel = $p_{\text{T},\text{j}_1}\,$[GeV]
# ylabel = $\frac{\text{d}\sigma}{\text{d}p_{\text{T},\text{j}_1}}\,\left[\frac{\text{fb}}{\text{GeV}}\right]$
# xmin=  0.000E+00
# xmax=  8.000E+02
# ymin=  1.000E-06
# ymax=  1.000E-02
# kmin= -5.000E+01
# kmax=  1.000E+01
# logscale = true
# Renormalization and factorization scale scaled by: 1.0000000000
# Renormalization scaled by: 1.0000000000
# Number of generated events: 5283716945
#
#=====================================================================================
# No.       Left      Right                   Value                   Error Hits
#-------------------------------------------------------------------------------------
   1      10.00      30.00  0.000000000000000E+00  0.000000000000000E+00 0
   2      30.00      50.00  3.502453232471689E-04  4.883884495300441E-07 20396201
   3      50.00      70.00  1.738328894654056E-03  1.246176256180072E-06 78172954
   4      70.00      90.00  3.626429436324225E-03  1.883523990951380E-06 144740448
   5      90.00     110.00  5.260938555268770E-03  2.303593346282858E-06 204440117
   6     110.00     130.00  6.288891388390921E-03  2.490578253261586E-06 250079116
   7     130.00     150.00  6.704711091059354E-03  2.533673748724953E-06 277298650
   8     150.00     170.00  6.598212011001293E-03  2.454792013811290E-06 282093227
   9     170.00     190.00  6.154890037761554E-03  2.342828237950668E-06 272878337
  10     190.00     210.00  5.542822625161582E-03  2.178481546222228E-06 257026442
  11     210.00     230.00  4.890212300643503E-03  2.020683255751314E-06 238658932
  12     230.00     250.00  4.249122253310191E-03  1.856935456104656E-06 219843106
  13     250.00     270.00  3.658355605952270E-03  1.700606151065282E-06 201631698
  14     270.00     290.00  3.132811581390434E-03  1.548975289355690E-06 184583504
  15     290.00     310.00  2.673497022665127E-03  1.409691753414756E-06 168858244
  16     310.00     330.00  2.277423828818168E-03  1.282757916890024E-06 154535630
  17     330.00     350.00  1.936540922804420E-03  1.158799260146947E-06 141593153
  18     350.00     370.00  1.648157689133370E-03  1.061432662137023E-06 129862936
  19     370.00     390.00  1.403615361105870E-03  9.548274290433827E-07 119289576
  20     390.00     410.00  1.193405438432372E-03  8.614724631135689E-07 109757101
  21     410.00     430.00  1.019746362059978E-03  7.831323408159678E-07 101152904
  22     430.00     450.00  8.706964876190203E-04  7.129268014931901E-07 93368310
  23     450.00     470.00  7.452517158494553E-04  6.456659554876623E-07 86331462
  24     470.00     490.00  6.374593832173492E-04  5.852460704835686E-07 79964378
  25     490.00     510.00  5.479492668619652E-04  5.342652679677901E-07 74170998
  26     510.00     530.00  4.703854087231131E-04  4.839221047361011E-07 68902391
  27     530.00     550.00  4.059352776208876E-04  4.434032330371004E-07 64097064
  28     550.00     570.00  3.505144693025400E-04  4.043076727632957E-07 59713025
  29     570.00     590.00  3.023361310483709E-04  3.647654722478378E-07 55707318
  30     590.00     610.00  2.607657595683978E-04  3.317310796275968E-07 52027744
  31     610.00     630.00  2.261174610723533E-04  3.019917598234857E-07 48652881
  32     630.00     650.00  1.957587953791387E-04  2.774619489627524E-07 45550474
  33     650.00     670.00  1.705548737206059E-04  2.517931978924806E-07 42676303
  34     670.00     690.00  1.478501136024186E-04  2.269035143379805E-07 40052187
  35     690.00     710.00  1.287258103280586E-04  2.093791637244967E-07 37617320
  36     710.00     730.00  1.126789554931668E-04  1.925246890104945E-07 35356470
  37     730.00     750.00  9.804113150397949E-05  1.746946684027675E-07 33276457
  38     750.00     770.00  8.554029076486716E-05  1.593632369044543E-07 31326404
  39     770.00     790.00  7.468681972236745E-05  1.447451526299376E-07 29541616
  40     790.00     810.00  6.563920817993099E-05  1.342097510845100E-07 27868200
  41     810.00     830.00  5.761723539879354E-05  1.217849340567850E-07 26303504
  42     830.00     850.00  5.060289775904895E-05  1.118285832669731E-07 24848467
  43     850.00     870.00  4.445564935573728E-05  1.024680778423453E-07 23497493
  44     870.00     890.00  3.916218506754387E-05  9.339903832486339E-08 22236980
  45     890.00     910.00  3.429766288905712E-05  8.534910942240058E-08 21049410
  46     910.00     930.00  3.033968179813911E-05  7.836337350259595E-08 19944761
  47     930.00     950.00  2.669854332586909E-05  7.139669363108638E-08 18906770
  48     950.00     970.00  2.351937842343985E-05  6.455023368505148E-08 17928273
  49     970.00     990.00  2.089272282932642E-05  6.040967684454472E-08 17010851
  50     990.00    1010.00  1.834318517250437E-05  5.513396340868125E-08 16157077
  51    1010.00    1030.00  1.631712856488220E-05  5.103153935289733E-08 15349693
  52    1030.00    1050.00  1.439037049800368E-05  4.629318092167472E-08 14591287
  53    1050.00    1070.00  1.282348625745801E-05  4.303335631817397E-08 13881372
  54    1070.00    1090.00  1.129642600411935E-05  3.852235696978544E-08 13205085
  55    1090.00    1110.00  1.003847139196854E-05  3.534352153143438E-08 12571902
  56    1110.00    1130.00  8.903891908200349E-06  3.254840321872909E-08 11973985
  57    1130.00    1150.00  7.880874182299202E-06  2.922332552881967E-08 11410737
  58    1150.00    1170.00  7.051172224748588E-06  2.895636744434077E-08 10871315
  59    1170.00    1190.00  6.252279118866991E-06  2.539063680217420E-08 10367865
  60    1190.00    1210.00  5.564143997107505E-06  2.279108019565278E-08 9889867
  61    1210.00    1230.00  4.931454765780482E-06  2.084095534446060E-08 9434718
  62    1230.00    1250.00  4.434642768945577E-06  2.010162318801296E-08 9006429
  63    1250.00    1270.00  3.925218653436721E-06  1.825329042151609E-08 8597660
  64    1270.00    1290.00  3.496398439467862E-06  1.610433340330972E-08 8216181
  65    1290.00    1310.00  3.122873708822723E-06  1.493637751255718E-08 7858200
  66    1310.00    1330.00  2.782838102660545E-06  1.377919017043217E-08 7507162
  67    1330.00    1350.00  2.487651716647890E-06  1.293468294748924E-08 7175145
  68    1350.00    1370.00  2.202815048803067E-06  1.126483642906074E-08 6863551
  69    1370.00    1390.00  1.999609289099354E-06  1.128964552943105E-08 6568770
  70    1390.00    1410.00  1.783913371162586E-06  1.017365422994549E-08 6285122
  71    1410.00    1430.00  1.584734233672812E-06  1.105763387685791E-08 6016305
  72    1430.00    1450.00  1.424933551923009E-06  8.487908813300841E-09 5755221
  73    1450.00    1470.00  1.284496499243690E-06  8.095369289773423E-09 5518710
  74    1470.00    1490.00  1.151094074240024E-06  7.334259382724130E-09 5286368
  75    1490.00    1510.00  1.030458317154746E-06  6.286311424140833E-09 5061442
  76    1510.00    1530.00  9.218065737463045E-07  6.227288349726575E-09 4854772
  77    1530.00    1550.00  8.288293034285829E-07  5.870694566831055E-09 4652891
  78    1550.00    1570.00  7.339449654049087E-07  4.817195572431052E-09 4463583
  79    1570.00    1590.00  6.644252662982864E-07  5.301199314554382E-09 4275236
  80    1590.00    1610.00  5.993432742315712E-07  4.185035373584381E-09 4105636
  81    1610.00    1630.00  5.365466892894187E-07  3.970027992021575E-09 3933703
  82    1630.00    1650.00  4.820522885409690E-07  3.640175126932510E-09 3777492
  83    1650.00    1670.00  4.327707415648168E-07  3.213760044810141E-09 3626769
  84    1670.00    1690.00  3.852080022824649E-07  2.950884675639024E-09 3479830
  85    1690.00    1710.00  3.528443523163960E-07  3.296380715894511E-09 3338696
  86    1710.00    1730.00  3.217421459813307E-07  2.619480649255183E-09 3208546
  87    1730.00    1750.00  2.850163598157321E-07  2.684218507387748E-09 3078229
  88    1750.00    1770.00  2.566706959138182E-07  2.228848064377615E-09 2958263
  89    1770.00    1790.00  2.289923250609964E-07  1.996077124765399E-09 2844042
  90    1790.00    1810.00  2.111043276560197E-07  2.263102184711579E-09 2728467
  91    1810.00    1830.00  1.909979881832416E-07  2.052261054343613E-09 2625066
  92    1830.00    1850.00  1.731000016071784E-07  1.750931070313108E-09 2521098
  93    1850.00    1870.00  1.534821565939081E-07  1.466346379458371E-09 2425485
  94    1870.00    1890.00  1.401378973362538E-07  1.569674405521412E-09 2328833
  95    1890.00    1910.00  1.222017787965825E-07  1.309652005428566E-09 2240341
  96    1910.00    1930.00  1.149163898901508E-07  1.348918364099807E-09 2152987
  97    1930.00    1950.00  1.020152634570219E-07  1.049745333639585E-09 2070803
  98    1950.00    1970.00  9.275976332694079E-08  1.031630434784912E-09 1989503
  99    1970.00    1990.00  8.381966977034999E-08  9.664112643890795E-10 1915159
 100    1990.00    2010.00  7.697356848397144E-08  9.408699781390721E-10 1842493
 101    2010.00    2030.00  6.834872297213360E-08  8.188429975206651E-10 1772763
 102    2030.00    2050.00  6.177348924200696E-08  7.346701619443543E-10 1706216
 103    2050.00    2070.00  5.593110396748234E-08  6.881423236666071E-10 1639338
 104    2070.00    2090.00  5.025214454215522E-08  6.890903689224677E-10 1578543
 105    2090.00    2110.00  4.567361609787783E-08  5.749461402764643E-10 1520384
 106    2110.00    2130.00  4.184467060119463E-08  5.706127407933572E-10 1463521
 107    2130.00    2150.00  3.709675654242745E-08  5.157503460368926E-10 1408126
 108    2150.00    2170.00  3.425591150202485E-08  5.021638375516978E-10 1354846
 109    2170.00    2190.00  3.121835606346209E-08  4.402795518924700E-10 1303835
 110    2190.00    2210.00  2.803728023901007E-08  3.985062814018228E-10 1257972
 111    2210.00    2230.00  2.646462639596548E-08  4.930416471519611E-10 1209762
 112    2230.00    2250.00  2.308976387768917E-08  3.566318126997872E-10 1167030
 113    2250.00    2270.00  2.059830132168192E-08  3.160163838383915E-10 1121456
 114    2270.00    2290.00  1.896743380459974E-08  3.183853830692520E-10 1079464
 115    2290.00    2310.00  1.799859898601578E-08  3.053060762264312E-10 1039143
 116    2310.00    2330.00  1.605656868517883E-08  4.289626466322379E-10 1001187
 117    2330.00    2350.00  1.409177667394083E-08  2.762867120248917E-10 964810
 118    2350.00    2370.00  1.288254560862836E-08  2.306342237724083E-10 929423
 119    2370.00    2390.00  1.170533761385414E-08  2.160437555956088E-10 895387
 120    2390.00    2410.00  1.086892342653011E-08  1.996581649240540E-10 862892
 121    2410.00    2430.00  9.773778407427755E-09  1.694424474111273E-10 830826
 122    2430.00    2450.00  8.465865476706010E-09  1.858590819263035E-10 801841
 123    2450.00    2470.00  8.085307952924056E-09  1.562624301352911E-10 772064
 124    2470.00    2490.00  7.123763411975973E-09  1.367412537921718E-10 743793
 125    2490.00    2510.00  6.640092028264037E-09  1.283175502260579E-10 715001
 126    2510.00    2530.00  5.935653453752831E-09  1.207413130701566E-10 691694
 127    2530.00    2550.00  5.644736181567287E-09  1.981930804429993E-10 665385
 128    2550.00    2570.00  4.879252378074387E-09  1.076709614852950E-10 641437
 129    2570.00    2590.00  4.401901578542739E-09  8.948157901689501E-11 618629
 130    2590.00    2610.00  3.998910928977533E-09  9.295616500073734E-11 595106
 131    2610.00    2630.00  3.666663939658061E-09  8.101930907548985E-11 573816
 132    2630.00    2650.00  3.216096806737157E-09  7.005524419519815E-11 553912
 133    2650.00    2670.00  3.064165955513723E-09  7.253497422560772E-11 535667
 134    2670.00    2690.00  2.742871648473435E-09  6.417718508750731E-11 514890
 135    2690.00    2710.00  2.436473281316307E-09  5.556799983841816E-11 495337
 136    2710.00    2730.00  2.318836205266875E-09  6.650398053384410E-11 476550
 137    2730.00    2750.00  2.154894287462288E-09  6.780283171491417E-11 461290
 138    2750.00    2770.00  1.839523099037451E-09  4.879045655750207E-11 444074
 139    2770.00    2790.00  1.709241009545720E-09  4.866576614583746E-11 426715
 140    2790.00    2810.00  1.488546360675325E-09  3.807338473458035E-11 413726
 141    2810.00    2830.00  1.359010020606694E-09  3.459662069780472E-11 397085
 142    2830.00    2850.00  1.269730717856825E-09  3.352257712069996E-11 384688
 143    2850.00    2870.00  1.133039092939277E-09  3.837604918528389E-11 369270
 144    2870.00    2890.00  1.080066891580816E-09  3.609557755601851E-11 357636
 145    2890.00    2910.00  9.861607821944942E-10  4.158325381703229E-11 344088
 146    2910.00    2930.00  8.146507110199527E-10  2.364724140233624E-11 331650
 147    2930.00    2950.00  7.936039289030199E-10  3.587002045593218E-11 320597
 148    2950.00    2970.00  7.483428812758999E-10  2.727829622410365E-11 308378
 149    2970.00    2990.00  6.838946656484724E-10  2.366925224284639E-11 297133
 150    2990.00    3010.00  5.683340491933872E-10  1.816070818673455E-11 287146
 151    3010.00    3030.00  5.142773861521111E-10  1.699790226735950E-11 276601
 152    3030.00    3050.00  4.406563684655138E-10  1.325147563528248E-11 265864
 153    3050.00    3070.00  4.078919945288185E-10  1.313892435065318E-11 257027
 154    3070.00    3090.00  3.833211863398026E-10  1.328286843779419E-11 247981
 155    3090.00    3110.00  3.540754284892202E-10  1.640823721741079E-11 238307
 156    3110.00    3130.00  3.054187036207217E-10  1.080823469774776E-11 229714
 157    3130.00    3150.00  3.043407225690451E-10  1.371292625942006E-11 222157
 158    3150.00    3170.00  2.582438494088103E-10  9.317249330378720E-12 214393
 159    3170.00    3190.00  2.605602286542059E-10  2.917715374783454E-11 207160
 160    3190.00    3210.00  2.140182975226592E-10  9.447134364352476E-12 198920
 161    3210.00    3230.00  1.908802607411893E-10  7.464487316877756E-12 192255
 162    3230.00    3250.00  1.686146112653571E-10  6.461741986841180E-12 185435
 163    3250.00    3270.00  1.543340294637212E-10  6.942961482402660E-12 178622
 164    3270.00    3290.00  1.461590146098186E-10  5.730112564300280E-12 172621
 165    3290.00    3310.00  1.307923626020845E-10  5.801869351339059E-12 166280
 166    3310.00    3330.00  1.185618974156813E-10  4.990476877105700E-12 160123
 167    3330.00    3350.00  9.490640361488486E-11  3.996579435121062E-12 154085
 168    3350.00    3370.00  9.361399872972216E-11  5.756925437802187E-12 148530
 169    3370.00    3390.00  8.121400586759356E-11  3.598630081423566E-12 143728
 170    3390.00    3410.00  6.727640124125414E-11  3.071739005577531E-12 138471
 171    3410.00    3430.00  7.060993024860453E-11  3.595638082086304E-12 133840
 172    3430.00    3450.00  6.531476842258656E-11  3.163213833270065E-12 128871
 173    3450.00    3470.00  5.119511633426710E-11  2.376948084812913E-12 124037
 174    3470.00    3490.00  4.714076994922700E-11  2.273273009329385E-12 118887
 175    3490.00    3510.00  4.603287280371810E-11  3.653401278715637E-12 115523
 176    3510.00    3530.00  4.326751775759272E-11  2.286676960513488E-12 111067
 177    3530.00    3550.00  3.464263053034096E-11  1.771600849377483E-12 107073
 178    3550.00    3570.00  3.240080702908357E-11  1.650194598249724E-12 103011
 179    3570.00    3590.00  2.909818616547146E-11  1.528024067852204E-12 99707
 180    3590.00    3610.00  2.573042972766926E-11  1.390254198210228E-12 95276
 181    3610.00    3630.00  2.418181981409704E-11  1.340546623676595E-12 92302
 182    3630.00    3650.00  1.939819807569959E-11  1.311227413757851E-12 88998
 183    3650.00    3670.00  1.837779867226364E-11  1.104146185177273E-12 85432
 184    3670.00    3690.00  1.730145284253118E-11  1.058070075948370E-12 82284
 185    3690.00    3710.00  1.608772921829085E-11  1.020246565614074E-12 79598
 186    3710.00    3730.00  1.315333189254029E-11  8.422518171151203E-13 76652
 187    3730.00    3750.00  1.266141019634559E-11  8.030349958516901E-13 73686
 188    3750.00    3770.00  9.918946141102377E-12  6.340444003908258E-13 70193
 189    3770.00    3790.00  8.698970551297350E-12  5.613117451847370E-13 68477
 190    3790.00    3810.00  8.070361261587929E-12  5.435926340363175E-13 65475
 191    3810.00    3830.00  6.847550173918173E-12  4.195778422284568E-13 63560
 192    3830.00    3850.00  6.612157697896192E-12  5.659382427427418E-13 60953
 193    3850.00    3870.00  5.491055937004152E-12  3.718789718466633E-13 58929
 194    3870.00    3890.00  4.473648316336708E-12  3.545041256015905E-13 56388
 195    3890.00    3910.00  4.316566975041512E-12  2.731685942260481E-13 54064
 196    3910.00    3930.00  4.362151543445647E-12  4.225825753737231E-13 52134
 197    3930.00    3950.00  3.854238828205227E-12  3.390235687975281E-13 50176
 198    3950.00    3970.00  3.243469495202304E-12  2.558543248174861E-13 48303
 199    3970.00    3990.00  2.729758650506537E-12  2.282762687878747E-13 46288
 200    3990.00    4010.00  2.452117578007430E-12  2.078537602135273E-13 44644
 201    4010.00    4030.00  1.883918699521686E-12  1.500476985146492E-13 43030
 202    4030.00    4050.00  1.889119608508579E-12  1.397139931178512E-13 41453
 203    4050.00    4070.00  1.590434128467353E-12  1.771957269154541E-13 39761
 204    4070.00    4090.00  1.693359364303475E-12  2.185181984860755E-13 37864
 205    4090.00    4110.00  1.245272114434400E-12  1.065401033401353E-13 36734
 206    4110.00    4130.00  1.077271007743203E-12  1.071543737991990E-13 35209
 207    4130.00    4150.00  1.176787338605204E-12  1.220415331028691E-13 33773
 208    4150.00    4170.00  9.605200530140267E-13  1.184342433346180E-13 32383
 209    4170.00    4190.00  7.142872117885490E-13  6.951945472231930E-14 30995
 210    4190.00    4210.00  7.386706886054548E-13  7.184162748917780E-14 30080
 211    4210.00    4230.00  6.183689001918620E-13  5.764185495592828E-14 28822
 212    4230.00    4250.00  4.495791191524217E-13  4.060649613639693E-14 27484
 213    4250.00    4270.00  4.798401731219271E-13  4.924162365681036E-14 26246
 214    4270.00    4290.00  4.329899414820399E-13  4.681485467294060E-14 25064
 215    4290.00    4310.00  3.587453796197367E-13  3.617295164224382E-14 24390
 216    4310.00    4330.00  2.926623516700150E-13  4.128908930622999E-14 23262
 217    4330.00    4350.00  2.694159287741142E-13  3.044994266570449E-14 22322
 218    4350.00    4370.00  2.247514988197764E-13  2.843419511943365E-14 21441
 219    4370.00    4390.00  1.748912827898226E-13  2.817351427314877E-14 20405
 220    4390.00    4410.00  1.863493088266828E-13  2.510512054070507E-14 19607
 221    4410.00    4430.00  1.515364782779562E-13  1.930268476343596E-14 18621
 222    4430.00    4450.00  1.412655938055780E-13  1.556985014298394E-14 17683
 223    4450.00    4470.00  1.293790967175637E-13  1.561823123385984E-14 17293
 224    4470.00    4490.00  9.314432936596103E-14  1.277915683483384E-14 16713
 225    4490.00    4510.00  7.898822016874020E-14  8.626033723484685E-15 15543
 226    4510.00    4530.00  7.056963524621803E-14  9.063050958619726E-15 14961
 227    4530.00    4550.00  6.763749696919048E-14  1.087200639329021E-14 14272
 228    4550.00    4570.00  5.631662517129688E-14  7.061460503068249E-15 13587
 229    4570.00    4590.00  4.952783525516405E-14  1.000969142496592E-14 13076
 230    4590.00    4610.00  3.306849321170475E-14  4.657045077230590E-15 12426
 231    4610.00    4630.00  3.525116349678327E-14  6.871997065536261E-15 11900
 232    4630.00    4650.00  2.503057945786620E-14  3.014081797321340E-15 11487
 233    4650.00    4670.00  2.734342806798227E-14  4.483763140504704E-15 10875
 234    4670.00    4690.00  1.581317736155195E-14  2.146198771800261E-15 10320
 235    4690.00    4710.00  2.043772328903952E-14  3.863067411862606E-15 9747
 236    4710.00    4730.00  1.248420182196846E-14  2.021211007281296E-15 9163
 237    4730.00    4750.00  1.239735968940218E-14  1.983351688703772E-15 8789
 238    4750.00    4770.00  9.329631039229336E-15  1.318608827563530E-15 8546
 239    4770.00    4790.00  8.291783507770148E-15  1.727750996196975E-15 8013
 240    4790.00    4810.00  6.343901737746910E-15  9.669252494579050E-16 7666
 241    4810.00    4830.00  4.802253405354861E-15  7.200933718925950E-16 7282
 242    4830.00    4850.00  4.264626404253972E-15  6.884887776845919E-16 6923
 243    4850.00    4870.00  4.957602474865012E-15  1.492876819776704E-15 6566
 244    4870.00    4890.00  4.515931676537845E-15  8.935508143391290E-16 6090
 245    4890.00    4910.00  2.474772284587914E-15  5.279457059089841E-16 5890
 246    4910.00    4930.00  2.882630009520116E-15  4.999766383168293E-16 5554
 247    4930.00    4950.00  1.930866721730022E-15  2.960607912045985E-16 5270
 248    4950.00    4970.00  1.496045745243781E-15  2.204868741201914E-16 4955
 249    4970.00    4990.00  9.369056342452424E-16  1.725535042034185E-16 4736
 250    4990.00    5010.00  9.993846040381177E-16  2.001984029767151E-16 4507
 251    5010.00    5030.00  9.136274720825298E-16  1.788863234820680E-16 4188
 252    5030.00    5050.00  1.357076613571779E-15  3.398890877872410E-16 3945
 253    5050.00    5070.00  5.796691269483932E-16  1.538006956831080E-16 3661
 254    5070.00    5090.00  4.987474947880796E-16  1.167020783231075E-16 3483
 255    5090.00    5110.00  3.535038747943264E-16  7.235818996870383E-17 3334
 256    5110.00    5130.00  4.133164755305770E-16  9.616401773457442E-17 3146
 257    5130.00    5150.00  2.038262643436619E-16  5.570976496869846E-17 2930
 258    5150.00    5170.00  2.567837347812040E-16  6.400723215497365E-17 2711
 259    5170.00    5190.00  1.232253476090439E-16  2.124446070097525E-17 2623
 260    5190.00    5210.00  1.043968432244304E-16  2.633973077351129E-17 2494
 261    5210.00    5230.00  1.015268604133869E-16  2.593854411719862E-17 2199
 262    5230.00    5250.00  1.435319400603342E-16  4.395669462767036E-17 2134
 263    5250.00    5270.00  4.347805892245481E-17  1.470425250199821E-17 1891
 264    5270.00    5290.00  3.522875842565809E-17  1.474972438635071E-17 1749
 265    5290.00    5310.00  4.229444308149812E-17  1.865657622164787E-17 1679
 266    5310.00    5330.00  2.993436471649699E-17  1.010659913538900E-17 1565
 267    5330.00    5350.00  3.064957021639015E-17  1.177019815953858E-17 1485
 268    5350.00    5370.00  1.704254136093342E-17  7.497867004454335E-18 1383
 269    5370.00    5390.00  1.684718736488669E-17  8.134710342182913E-18 1286
 270    5390.00    5410.00  7.684795428128771E-18  4.781599873135497E-18 1173
 271    5410.00    5430.00  1.793575779660109E-17  6.073319565190064E-18 1095
 272    5430.00    5450.00  9.338871664774608E-18  3.951260917741375E-18 1036
 273    5450.00    5470.00  6.023678225973491E-18  3.041771195684928E-18 904
 274    5470.00    5490.00  1.790444897883878E-18  1.556156854674116E-18 866
 275    5490.00    5510.00 -5.315834678028595E-19  1.283502254458620E-18 793
 276    5510.00    5530.00  9.894351322918287E-19  9.804468612665147E-19 702
 277    5530.00    5550.00  2.093290241444612E-18  1.022260219753876E-18 679
 278    5550.00    5570.00  2.482333975451691E-18  1.614430965156923E-18 594
 279    5570.00    5590.00  8.210758309899370E-19  1.100376295027413E-18 585
 280    5590.00    5610.00 -4.574955284547832E-19  7.219254187830088E-19 540
 281    5610.00    5630.00 -2.140970794317439E-19  3.598994877930024E-19 438
 282    5630.00    5650.00 -5.180720354577403E-19  3.436544803550080E-19 424
 283    5650.00    5670.00  1.216492955814066E-18  8.046062440907955E-19 358
 284    5670.00    5690.00  1.761893571933016E-19  5.436485502686787E-19 327
 285    5690.00    5710.00  1.886325902431985E-19  2.678273914710373E-19 252
 286    5710.00    5730.00 -1.236264574811649E-19  1.125184970740273E-19 286
 287    5730.00    5750.00  2.950010918446839E-19  1.569343306312858E-19 226
 288    5750.00    5770.00 -1.623054056448725E-19  9.490341451178182E-20 202
 289    5770.00    5790.00 -8.932121193503938E-20  8.719472299236996E-20 216
 290    5790.00    5810.00 -2.317644735897274E-20  3.984770141588005E-20 181
 291    5810.00    5830.00  7.576381541977603E-21  4.300316645922420E-20 151
 292    5830.00    5850.00 -1.159672966714555E-20  4.242631704266399E-20 113
 293    5850.00    5870.00 -5.191924906200453E-21  2.422467050589210E-20 111
 294    5870.00    5890.00 -1.595486726768259E-20  1.143424419126610E-20 94
 295    5890.00    5910.00  1.819207991764793E-20  2.741212669502537E-20 75
 296    5910.00    5930.00 -7.446321292158325E-21  1.395236572703647E-20 91
 297    5930.00    5950.00 -1.050138933313880E-21  3.293965023147503E-21 53
 298    5950.00    5970.00  1.340795795192261E-21  1.770318075065655E-21 68
 299    5970.00    5990.00  1.422932273664205E-21  3.549593879413811E-21 34
 300    5990.00    6010.00  1.360100322103062E-22  1.860134225266450E-21 40
 301    6010.00    6030.00  5.654886142100016E-22  3.350144636164217E-22 31
 302    6030.00    6050.00 -2.483559589807825E-21  1.286036486022689E-21 30
 303    6050.00    6070.00  4.173602850811962E-23  1.033648906535380E-22 16
 304    6070.00    6090.00 -1.080677218344871E-22  1.167133352739984E-22 11
 305    6090.00    6110.00 -5.373821702565774E-22  6.021890071892578E-22 11
 306    6110.00    6130.00  6.005734557977679E-22  9.806924639386997E-22 10
 307    6130.00    6150.00  2.018612603816780E-24  1.359258639429250E-24 4
 308    6150.00    6170.00  2.431676835965533E-23  2.433203417744293E-23 3
 309    6170.00    6190.00 -5.112390379781607E-25  4.872718336700755E-25 5
 310    6190.00    6210.00  5.823712264247148E-25  5.823712263799530E-25 1
 311    6210.00    6230.00  0.000000000000000E+00  0.000000000000000E+00 0
 312    6230.00    6250.00 -8.737098267699431E-26  6.353071249558051E-26 2
 313    6250.00    6270.00 -3.953531356202614E-26  3.953531355887228E-26 1
 314    6270.00    6290.00  0.000000000000000E+00  0.000000000000000E+00 0
 315    6290.00    6310.00  0.000000000000000E+00  0.000000000000000E+00 0
 316    6310.00    6330.00  0.000000000000000E+00  0.000000000000000E+00 0
 317    6330.00    6350.00  0.000000000000000E+00  0.000000000000000E+00 0
 318    6350.00    6370.00  0.000000000000000E+00  0.000000000000000E+00 0
 319    6370.00    6390.00  0.000000000000000E+00  0.000000000000000E+00 0
 320    6390.00    6410.00  0.000000000000000E+00  0.000000000000000E+00 0
 321    6410.00    6430.00  0.000000000000000E+00  0.000000000000000E+00 0
 322    6430.00    6450.00  0.000000000000000E+00  0.000000000000000E+00 0
 323    6450.00    6470.00  0.000000000000000E+00  0.000000000000000E+00 0
 324    6470.00    6490.00  0.000000000000000E+00  0.000000000000000E+00 0
 325    6490.00    6510.00  0.000000000000000E+00  0.000000000000000E+00 0
 326    6510.00    6530.00  0.000000000000000E+00  0.000000000000000E+00 0
 327    6530.00    6550.00  0.000000000000000E+00  0.000000000000000E+00 0
 328    6550.00    6570.00  0.000000000000000E+00  0.000000000000000E+00 0
 329    6570.00    6590.00  0.000000000000000E+00  0.000000000000000E+00 0
 330    6590.00    6610.00  0.000000000000000E+00  0.000000000000000E+00 0
 331    6610.00    6630.00  0.000000000000000E+00  0.000000000000000E+00 0
 332    6630.00    6650.00  0.000000000000000E+00  0.000000000000000E+00 0
 333    6650.00    6670.00  0.000000000000000E+00  0.000000000000000E+00 0
 334    6670.00    6690.00  0.000000000000000E+00  0.000000000000000E+00 0
 335    6690.00    6710.00  0.000000000000000E+00  0.000000000000000E+00 0
 336    6710.00    6730.00  0.000000000000000E+00  0.000000000000000E+00 0
 337    6730.00    6750.00  0.000000000000000E+00  0.000000000000000E+00 0
 338    6750.00    6770.00  0.000000000000000E+00  0.000000000000000E+00 0
 339    6770.00    6790.00  0.000000000000000E+00  0.000000000000000E+00 0
 340    6790.00    6810.00  0.000000000000000E+00  0.000000000000000E+00 0
 341    6810.00    6830.00  0.000000000000000E+00  0.000000000000000E+00 0
 342    6830.00    6850.00  0.000000000000000E+00  0.000000000000000E+00 0
 343    6850.00    6870.00  0.000000000000000E+00  0.000000000000000E+00 0
 344    6870.00    6890.00  0.000000000000000E+00  0.000000000000000E+00 0
 345    6890.00    6910.00  0.000000000000000E+00  0.000000000000000E+00 0
 346    6910.00    6930.00  0.000000000000000E+00  0.000000000000000E+00 0
 347    6930.00    6950.00  0.000000000000000E+00  0.000000000000000E+00 0
 348    6950.00    6970.00  0.000000000000000E+00  0.000000000000000E+00 0
 349    6970.00    6990.00  0.000000000000000E+00  0.000000000000000E+00 0
 350    6990.00    7010.00  0.000000000000000E+00  0.000000000000000E+00 0
 351    7010.00    7030.00  0.000000000000000E+00  0.000000000000000E+00 0
 352    7030.00    7050.00  0.000000000000000E+00  0.000000000000000E+00 0
 353    7050.00    7070.00  0.000000000000000E+00  0.000000000000000E+00 0
 354    7070.00    7090.00  0.000000000000000E+00  0.000000000000000E+00 0
 355    7090.00    7110.00  0.000000000000000E+00  0.000000000000000E+00 0
 356    7110.00    7130.00  0.000000000000000E+00  0.000000000000000E+00 0
 357    7130.00    7150.00  0.000000000000000E+00  0.000000000000000E+00 0
 358    7150.00    7170.00  0.000000000000000E+00  0.000000000000000E+00 0
 359    7170.00    7190.00  0.000000000000000E+00  0.000000000000000E+00 0
 360    7190.00    7210.00  0.000000000000000E+00  0.000000000000000E+00 0
 361    7210.00    7230.00  0.000000000000000E+00  0.000000000000000E+00 0
 362    7230.00    7250.00  0.000000000000000E+00  0.000000000000000E+00 0
 363    7250.00    7270.00  0.000000000000000E+00  0.000000000000000E+00 0
 364    7270.00    7290.00  0.000000000000000E+00  0.000000000000000E+00 0
 365    7290.00    7310.00  0.000000000000000E+00  0.000000000000000E+00 0
 366    7310.00    7330.00  0.000000000000000E+00  0.000000000000000E+00 0
 367    7330.00    7350.00  0.000000000000000E+00  0.000000000000000E+00 0
 368    7350.00    7370.00  0.000000000000000E+00  0.000000000000000E+00 0
 369    7370.00    7390.00  0.000000000000000E+00  0.000000000000000E+00 0
 370    7390.00    7410.00  0.000000000000000E+00  0.000000000000000E+00 0
 371    7410.00    7430.00  0.000000000000000E+00  0.000000000000000E+00 0
 372    7430.00    7450.00  0.000000000000000E+00  0.000000000000000E+00 0
 373    7450.00    7470.00  0.000000000000000E+00  0.000000000000000E+00 0
 374    7470.00    7490.00  0.000000000000000E+00  0.000000000000000E+00 0
 375    7490.00    7510.00  0.000000000000000E+00  0.000000000000000E+00 0
 376    7510.00    7530.00  0.000000000000000E+00  0.000000000000000E+00 0
 377    7530.00    7550.00  0.000000000000000E+00  0.000000000000000E+00 0
 378    7550.00    7570.00  0.000000000000000E+00  0.000000000000000E+00 0
 379    7570.00    7590.00  0.000000000000000E+00  0.000000000000000E+00 0
 380    7590.00    7610.00  0.000000000000000E+00  0.000000000000000E+00 0
 381    7610.00    7630.00  0.000000000000000E+00  0.000000000000000E+00 0
 382    7630.00    7650.00  0.000000000000000E+00  0.000000000000000E+00 0
 383    7650.00    7670.00  0.000000000000000E+00  0.000000000000000E+00 0
 384    7670.00    7690.00  0.000000000000000E+00  0.000000000000000E+00 0
 385    7690.00    7710.00  0.000000000000000E+00  0.000000000000000E+00 0
 386    7710.00    7730.00  0.000000000000000E+00  0.000000000000000E+00 0
 387    7730.00    7750.00  0.000000000000000E+00  0.000000000000000E+00 0
 388    7750.00    7770.00  0.000000000000000E+00  0.000000000000000E+00 0
 389    7770.00    7790.00  0.000000000000000E+00  0.000000000000000E+00 0
 390    7790.00    7810.00  0.000000000000000E+00  0.000000000000000E+00 0
 391    7810.00    7830.00  0.000000000000000E+00  0.000000000000000E+00 0
 392    7830.00    7850.00  0.000000000000000E+00  0.000000000000000E+00 0
 393    7850.00    7870.00  0.000000000000000E+00  0.000000000000000E+00 0
 394    7870.00    7890.00  0.000000000000000E+00  0.000000000000000E+00 0
 395    7890.00    7910.00  0.000000000000000E+00  0.000000000000000E+00 0
 396    7910.00    7930.00  0.000000000000000E+00  0.000000000000000E+00 0
 397    7930.00    7950.00  0.000000000000000E+00  0.000000000000000E+00 0
 398    7950.00    7970.00  0.000000000000000E+00  0.000000000000000E+00 0
 399    7970.00    7990.00  0.000000000000000E+00  0.000000000000000E+00 0
 400    7990.00    8010.00  0.000000000000000E+00  0.000000000000000E+00 0
 401    8010.00    8030.00  0.000000000000000E+00  0.000000000000000E+00 0
 402    8030.00    8050.00  0.000000000000000E+00  0.000000000000000E+00 0
 403    8050.00    8070.00  0.000000000000000E+00  0.000000000000000E+00 0
 404    8070.00    8090.00  0.000000000000000E+00  0.000000000000000E+00 0
 405    8090.00    8110.00  0.000000000000000E+00  0.000000000000000E+00 0
 406    8110.00    8130.00  0.000000000000000E+00  0.000000000000000E+00 0
 407    8130.00    8150.00  0.000000000000000E+00  0.000000000000000E+00 0
 408    8150.00    8170.00  0.000000000000000E+00  0.000000000000000E+00 0
 409    8170.00    8190.00  0.000000000000000E+00  0.000000000000000E+00 0
 410    8190.00    8210.00  0.000000000000000E+00  0.000000000000000E+00 0
 411    8210.00    8230.00  0.000000000000000E+00  0.000000000000000E+00 0
 412    8230.00    8250.00  0.000000000000000E+00  0.000000000000000E+00 0
 413    8250.00    8270.00  0.000000000000000E+00  0.000000000000000E+00 0
 414    8270.00    8290.00  0.000000000000000E+00  0.000000000000000E+00 0
 415    8290.00    8310.00  0.000000000000000E+00  0.000000000000000E+00 0
 416    8310.00    8330.00  0.000000000000000E+00  0.000000000000000E+00 0
 417    8330.00    8350.00  0.000000000000000E+00  0.000000000000000E+00 0
 418    8350.00    8370.00  0.000000000000000E+00  0.000000000000000E+00 0
 419    8370.00    8390.00  0.000000000000000E+00  0.000000000000000E+00 0
 420    8390.00    8410.00  0.000000000000000E+00  0.000000000000000E+00 0
 421    8410.00    8430.00  0.000000000000000E+00  0.000000000000000E+00 0
 422    8430.00    8450.00  0.000000000000000E+00  0.000000000000000E+00 0
 423    8450.00    8470.00  0.000000000000000E+00  0.000000000000000E+00 0
 424    8470.00    8490.00  0.000000000000000E+00  0.000000000000000E+00 0
 425    8490.00    8510.00  0.000000000000000E+00  0.000000000000000E+00 0
 426    8510.00    8530.00  0.000000000000000E+00  0.000000000000000E+00 0
 427    8530.00    8550.00  0.000000000000000E+00  0.000000000000000E+00 0
 428    8550.00    8570.00  0.000000000000000E+00  0.000000000000000E+00 0
 429    8570.00    8590.00  0.000000000000000E+00  0.000000000000000E+00 0
 430    8590.00    8610.00  0.000000000000000E+00  0.000000000000000E+00 0
 431    8610.00    8630.00  0.000000000000000E+00  0.000000000000000E+00 0
 432    8630.00    8650.00  0.000000000000000E+00  0.000000000000000E+00 0
 433    8650.00    8670.00  0.000000000000000E+00  0.000000000000000E+00 0
 434    8670.00    8690.00  0.000000000000000E+00  0.000000000000000E+00 0
 435    8690.00    8710.00  0.000000000000000E+00  0.000000000000000E+00 0
 436    8710.00    8730.00  0.000000000000000E+00  0.000000000000000E+00 0
 437    8730.00    8750.00  0.000000000000000E+00  0.000000000000000E+00 0
 438    8750.00    8770.00  0.000000000000000E+00  0.000000000000000E+00 0
 439    8770.00    8790.00  0.000000000000000E+00  0.000000000000000E+00 0
 440    8790.00    8810.00  0.000000000000000E+00  0.000000000000000E+00 0
 441    8810.00    8830.00  0.000000000000000E+00  0.000000000000000E+00 0
 442    8830.00    8850.00  0.000000000000000E+00  0.000000000000000E+00 0
 443    8850.00    8870.00  0.000000000000000E+00  0.000000000000000E+00 0
 444    8870.00    8890.00  0.000000000000000E+00  0.000000000000000E+00 0
 445    8890.00    8910.00  0.000000000000000E+00  0.000000000000000E+00 0
 446    8910.00    8930.00  0.000000000000000E+00  0.000000000000000E+00 0
 447    8930.00    8950.00  0.000000000000000E+00  0.000000000000000E+00 0
 448    8950.00    8970.00  0.000000000000000E+00  0.000000000000000E+00 0
 449    8970.00    8990.00  0.000000000000000E+00  0.000000000000000E+00 0
 450    8990.00    9010.00  0.000000000000000E+00  0.000000000000000E+00 0
 451    9010.00    9030.00  0.000000000000000E+00  0.000000000000000E+00 0
 452    9030.00    9050.00  0.000000000000000E+00  0.000000000000000E+00 0
 453    9050.00    9070.00  0.000000000000000E+00  0.000000000000000E+00 0
 454    9070.00    9090.00  0.000000000000000E+00  0.000000000000000E+00 0
 455    9090.00    9110.00  0.000000000000000E+00  0.000000000000000E+00 0
 456    9110.00    9130.00  0.000000000000000E+00  0.000000000000000E+00 0
 457    9130.00    9150.00  0.000000000000000E+00  0.000000000000000E+00 0
 458    9150.00    9170.00  0.000000000000000E+00  0.000000000000000E+00 0
 459    9170.00    9190.00  0.000000000000000E+00  0.000000000000000E+00 0
 460    9190.00    9210.00  0.000000000000000E+00  0.000000000000000E+00 0
 461    9210.00    9230.00  0.000000000000000E+00  0.000000000000000E+00 0
 462    9230.00    9250.00  0.000000000000000E+00  0.000000000000000E+00 0
 463    9250.00    9270.00  0.000000000000000E+00  0.000000000000000E+00 0
 464    9270.00    9290.00  0.000000000000000E+00  0.000000000000000E+00 0
 465    9290.00    9310.00  0.000000000000000E+00  0.000000000000000E+00 0
 466    9310.00    9330.00  0.000000000000000E+00  0.000000000000000E+00 0
 467    9330.00    9350.00  0.000000000000000E+00  0.000000000000000E+00 0
 468    9350.00    9370.00  0.000000000000000E+00  0.000000000000000E+00 0
 469    9370.00    9390.00  0.000000000000000E+00  0.000000000000000E+00 0
 470    9390.00    9410.00  0.000000000000000E+00  0.000000000000000E+00 0
 471    9410.00    9430.00  0.000000000000000E+00  0.000000000000000E+00 0
 472    9430.00    9450.00  0.000000000000000E+00  0.000000000000000E+00 0
 473    9450.00    9470.00  0.000000000000000E+00  0.000000000000000E+00 0
 474    9470.00    9490.00  0.000000000000000E+00  0.000000000000000E+00 0
 475    9490.00    9510.00  0.000000000000000E+00  0.000000000000000E+00 0
 476    9510.00    9530.00  0.000000000000000E+00  0.000000000000000E+00 0
 477    9530.00    9550.00  0.000000000000000E+00  0.000000000000000E+00 0
 478    9550.00    9570.00  0.000000000000000E+00  0.000000000000000E+00 0
 479    9570.00    9590.00  0.000000000000000E+00  0.000000000000000E+00 0
 480    9590.00    9610.00  0.000000000000000E+00  0.000000000000000E+00 0
 481    9610.00    9630.00  0.000000000000000E+00  0.000000000000000E+00 0
 482    9630.00    9650.00  0.000000000000000E+00  0.000000000000000E+00 0
 483    9650.00    9670.00  0.000000000000000E+00  0.000000000000000E+00 0
 484    9670.00    9690.00  0.000000000000000E+00  0.000000000000000E+00 0
 485    9690.00    9710.00  0.000000000000000E+00  0.000000000000000E+00 0
 486    9710.00    9730.00  0.000000000000000E+00  0.000000000000000E+00 0
 487    9730.00    9750.00  0.000000000000000E+00  0.000000000000000E+00 0
 488    9750.00    9770.00  0.000000000000000E+00  0.000000000000000E+00 0
 489    9770.00    9790.00  0.000000000000000E+00  0.000000000000000E+00 0
 490    9790.00    9810.00  0.000000000000000E+00  0.000000000000000E+00 0
 491    9810.00    9830.00  0.000000000000000E+00  0.000000000000000E+00 0
 492    9830.00    9850.00  0.000000000000000E+00  0.000000000000000E+00 0
 493    9850.00    9870.00  0.000000000000000E+00  0.000000000000000E+00 0
 494    9870.00    9890.00  0.000000000000000E+00  0.000000000000000E+00 0
 495    9890.00    9910.00  0.000000000000000E+00  0.000000000000000E+00 0
 496    9910.00    9930.00  0.000000000000000E+00  0.000000000000000E+00 0
 497    9930.00    9950.00  0.000000000000000E+00  0.000000000000000E+00 0
 498    9950.00    9970.00  0.000000000000000E+00  0.000000000000000E+00 0
 499    9970.00    9990.00  0.000000000000000E+00  0.000000000000000E+00 0
 500    9990.00   10010.00  0.000000000000000E+00  0.000000000000000E+00 0
 501   10010.00   10030.00  0.000000000000000E+00  0.000000000000000E+00 0
 502   10030.00   10050.00  0.000000000000000E+00  0.000000000000000E+00 0
 503   10050.00   10070.00  0.000000000000000E+00  0.000000000000000E+00 0
 504   10070.00   10090.00  0.000000000000000E+00  0.000000000000000E+00 0
 505   10090.00   10110.00  0.000000000000000E+00  0.000000000000000E+00 0
 506   10110.00   10130.00  0.000000000000000E+00  0.000000000000000E+00 0
 507   10130.00   10150.00  0.000000000000000E+00  0.000000000000000E+00 0
 508   10150.00   10170.00  0.000000000000000E+00  0.000000000000000E+00 0
 509   10170.00   10190.00  0.000000000000000E+00  0.000000000000000E+00 0
 510   10190.00   10210.00  0.000000000000000E+00  0.000000000000000E+00 0
 511   10210.00   10230.00  0.000000000000000E+00  0.000000000000000E+00 0
 512   10230.00   10250.00  0.000000000000000E+00  0.000000000000000E+00 0
 513   10250.00   10270.00  0.000000000000000E+00  0.000000000000000E+00 0
 514   10270.00   10290.00  0.000000000000000E+00  0.000000000000000E+00 0
 515   10290.00   10310.00  0.000000000000000E+00  0.000000000000000E+00 0
 516   10310.00   10330.00  0.000000000000000E+00  0.000000000000000E+00 0
 517   10330.00   10350.00  0.000000000000000E+00  0.000000000000000E+00 0
 518   10350.00   10370.00  0.000000000000000E+00  0.000000000000000E+00 0
 519   10370.00   10390.00  0.000000000000000E+00  0.000000000000000E+00 0
 520   10390.00   10410.00  0.000000000000000E+00  0.000000000000000E+00 0
 521   10410.00   10430.00  0.000000000000000E+00  0.000000000000000E+00 0
 522   10430.00   10450.00  0.000000000000000E+00  0.000000000000000E+00 0
 523   10450.00   10470.00  0.000000000000000E+00  0.000000000000000E+00 0
 524   10470.00   10490.00  0.000000000000000E+00  0.000000000000000E+00 0
 525   10490.00   10510.00  0.000000000000000E+00  0.000000000000000E+00 0
 526   10510.00   10530.00  0.000000000000000E+00  0.000000000000000E+00 0
 527   10530.00   10550.00  0.000000000000000E+00  0.000000000000000E+00 0
 528   10550.00   10570.00  0.000000000000000E+00  0.000000000000000E+00 0
 529   10570.00   10590.00  0.000000000000000E+00  0.000000000000000E+00 0
 530   10590.00   10610.00  0.000000000000000E+00  0.000000000000000E+00 0
 531   10610.00   10630.00  0.000000000000000E+00  0.000000000000000E+00 0
 532   10630.00   10650.00  0.000000000000000E+00  0.000000000000000E+00 0
 533   10650.00   10670.00  0.000000000000000E+00  0.000000000000000E+00 0
 534   10670.00   10690.00  0.000000000000000E+00  0.000000000000000E+00 0
 535   10690.00   10710.00  0.000000000000000E+00  0.000000000000000E+00 0
 536   10710.00   10730.00  0.000000000000000E+00  0.000000000000000E+00 0
 537   10730.00   10750.00  0.000000000000000E+00  0.000000000000000E+00 0
 538   10750.00   10770.00  0.000000000000000E+00  0.000000000000000E+00 0
 539   10770.00   10790.00  0.000000000000000E+00  0.000000000000000E+00 0
 540   10790.00   10810.00  0.000000000000000E+00  0.000000000000000E+00 0
 541   10810.00   10830.00  0.000000000000000E+00  0.000000000000000E+00 0
 542   10830.00   10850.00  0.000000000000000E+00  0.000000000000000E+00 0
 543   10850.00   10870.00  0.000000000000000E+00  0.000000000000000E+00 0
 544   10870.00   10890.00  0.000000000000000E+00  0.000000000000000E+00 0
 545   10890.00   10910.00  0.000000000000000E+00  0.000000000000000E+00 0
 546   10910.00   10930.00  0.000000000000000E+00  0.000000000000000E+00 0
 547   10930.00   10950.00  0.000000000000000E+00  0.000000000000000E+00 0
 548   10950.00   10970.00  0.000000000000000E+00  0.000000000000000E+00 0
 549   10970.00   10990.00  0.000000000000000E+00  0.000000000000000E+00 0
 550   10990.00   11010.00  0.000000000000000E+00  0.000000000000000E+00 0
 551   11010.00   11030.00  0.000000000000000E+00  0.000000000000000E+00 0
 552   11030.00   11050.00  0.000000000000000E+00  0.000000000000000E+00 0
 553   11050.00   11070.00  0.000000000000000E+00  0.000000000000000E+00 0
 554   11070.00   11090.00  0.000000000000000E+00  0.000000000000000E+00 0
 555   11090.00   11110.00  0.000000000000000E+00  0.000000000000000E+00 0
 556   11110.00   11130.00  0.000000000000000E+00  0.000000000000000E+00 0
 557   11130.00   11150.00  0.000000000000000E+00  0.000000000000000E+00 0
 558   11150.00   11170.00  0.000000000000000E+00  0.000000000000000E+00 0
 559   11170.00   11190.00  0.000000000000000E+00  0.000000000000000E+00 0
 560   11190.00   11210.00  0.000000000000000E+00  0.000000000000000E+00 0
 561   11210.00   11230.00  0.000000000000000E+00  0.000000000000000E+00 0
 562   11230.00   11250.00  0.000000000000000E+00  0.000000000000000E+00 0
 563   11250.00   11270.00  0.000000000000000E+00  0.000000000000000E+00 0
 564   11270.00   11290.00  0.000000000000000E+00  0.000000000000000E+00 0
 565   11290.00   11310.00  0.000000000000000E+00  0.000000000000000E+00 0
 566   11310.00   11330.00  0.000000000000000E+00  0.000000000000000E+00 0
 567   11330.00   11350.00  0.000000000000000E+00  0.000000000000000E+00 0
 568   11350.00   11370.00  0.000000000000000E+00  0.000000000000000E+00 0
 569   11370.00   11390.00  0.000000000000000E+00  0.000000000000000E+00 0
 570   11390.00   11410.00  0.000000000000000E+00  0.000000000000000E+00 0
 571   11410.00   11430.00  0.000000000000000E+00  0.000000000000000E+00 0
 572   11430.00   11450.00  0.000000000000000E+00  0.000000000000000E+00 0
 573   11450.00   11470.00  0.000000000000000E+00  0.000000000000000E+00 0
 574   11470.00   11490.00  0.000000000000000E+00  0.000000000000000E+00 0
 575   11490.00   11510.00  0.000000000000000E+00  0.000000000000000E+00 0
 576   11510.00   11530.00  0.000000000000000E+00  0.000000000000000E+00 0
 577   11530.00   11550.00  0.000000000000000E+00  0.000000000000000E+00 0
 578   11550.00   11570.00  0.000000000000000E+00  0.000000000000000E+00 0
 579   11570.00   11590.00  0.000000000000000E+00  0.000000000000000E+00 0
 580   11590.00   11610.00  0.000000000000000E+00  0.000000000000000E+00 0
 581   11610.00   11630.00  0.000000000000000E+00  0.000000000000000E+00 0
 582   11630.00   11650.00  0.000000000000000E+00  0.000000000000000E+00 0
 583   11650.00   11670.00  0.000000000000000E+00  0.000000000000000E+00 0
 584   11670.00   11690.00  0.000000000000000E+00  0.000000000000000E+00 0
 585   11690.00   11710.00  0.000000000000000E+00  0.000000000000000E+00 0
 586   11710.00   11730.00  0.000000000000000E+00  0.000000000000000E+00 0
 587   11730.00   11750.00  0.000000000000000E+00  0.000000000000000E+00 0
 588   11750.00   11770.00  0.000000000000000E+00  0.000000000000000E+00 0
 589   11770.00   11790.00  0.000000000000000E+00  0.000000000000000E+00 0
 590   11790.00   11810.00  0.000000000000000E+00  0.000000000000000E+00 0
 591   11810.00   11830.00  0.000000000000000E+00  0.000000000000000E+00 0
 592   11830.00   11850.00  0.000000000000000E+00  0.000000000000000E+00 0
 593   11850.00   11870.00  0.000000000000000E+00  0.000000000000000E+00 0
 594   11870.00   11890.00  0.000000000000000E+00  0.000000000000000E+00 0
 595   11890.00   11910.00  0.000000000000000E+00  0.000000000000000E+00 0
 596   11910.00   11930.00  0.000000000000000E+00  0.000000000000000E+00 0
 597   11930.00   11950.00  0.000000000000000E+00  0.000000000000000E+00 0
 598   11950.00   11970.00  0.000000000000000E+00  0.000000000000000E+00 0
 599   11970.00   11990.00  0.000000000000000E+00  0.000000000000000E+00 0
 600   11990.00   12010.00  0.000000000000000E+00  0.000000000000000E+00 0
 601   12010.00   12030.00  0.000000000000000E+00  0.000000000000000E+00 0
 602   12030.00   12050.00  0.000000000000000E+00  0.000000000000000E+00 0
 603   12050.00   12070.00  0.000000000000000E+00  0.000000000000000E+00 0
 604   12070.00   12090.00  0.000000000000000E+00  0.000000000000000E+00 0
 605   12090.00   12110.00  0.000000000000000E+00  0.000000000000000E+00 0
 606   12110.00   12130.00  0.000000000000000E+00  0.000000000000000E+00 0
 607   12130.00   12150.00  0.000000000000000E+00  0.000000000000000E+00 0
 608   12150.00   12170.00  0.000000000000000E+00  0.000000000000000E+00 0
 609   12170.00   12190.00  0.000000000000000E+00  0.000000000000000E+00 0
 610   12190.00   12210.00  0.000000000000000E+00  0.000000000000000E+00 0
 611   12210.00   12230.00  0.000000000000000E+00  0.000000000000000E+00 0
 612   12230.00   12250.00  0.000000000000000E+00  0.000000000000000E+00 0
 613   12250.00   12270.00  0.000000000000000E+00  0.000000000000000E+00 0
 614   12270.00   12290.00  0.000000000000000E+00  0.000000000000000E+00 0
 615   12290.00   12310.00  0.000000000000000E+00  0.000000000000000E+00 0
 616   12310.00   12330.00  0.000000000000000E+00  0.000000000000000E+00 0
 617   12330.00   12350.00  0.000000000000000E+00  0.000000000000000E+00 0
 618   12350.00   12370.00  0.000000000000000E+00  0.000000000000000E+00 0
 619   12370.00   12390.00  0.000000000000000E+00  0.000000000000000E+00 0
 620   12390.00   12410.00  0.000000000000000E+00  0.000000000000000E+00 0
 621   12410.00   12430.00  0.000000000000000E+00  0.000000000000000E+00 0
 622   12430.00   12450.00  0.000000000000000E+00  0.000000000000000E+00 0
 623   12450.00   12470.00  0.000000000000000E+00  0.000000000000000E+00 0
 624   12470.00   12490.00  0.000000000000000E+00  0.000000000000000E+00 0
 625   12490.00   12510.00  0.000000000000000E+00  0.000000000000000E+00 0
 626   12510.00   12530.00  0.000000000000000E+00  0.000000000000000E+00 0
 627   12530.00   12550.00  0.000000000000000E+00  0.000000000000000E+00 0
 628   12550.00   12570.00  0.000000000000000E+00  0.000000000000000E+00 0
 629   12570.00   12590.00  0.000000000000000E+00  0.000000000000000E+00 0
 630   12590.00   12610.00  0.000000000000000E+00  0.000000000000000E+00 0
 631   12610.00   12630.00  0.000000000000000E+00  0.000000000000000E+00 0
 632   12630.00   12650.00  0.000000000000000E+00  0.000000000000000E+00 0
 633   12650.00   12670.00  0.000000000000000E+00  0.000000000000000E+00 0
 634   12670.00   12690.00  0.000000000000000E+00  0.000000000000000E+00 0
 635   12690.00   12710.00  0.000000000000000E+00  0.000000000000000E+00 0
 636   12710.00   12730.00  0.000000000000000E+00  0.000000000000000E+00 0
 637   12730.00   12750.00  0.000000000000000E+00  0.000000000000000E+00 0
 638   12750.00   12770.00  0.000000000000000E+00  0.000000000000000E+00 0
 639   12770.00   12790.00  0.000000000000000E+00  0.000000000000000E+00 0
 640   12790.00   12810.00  0.000000000000000E+00  0.000000000000000E+00 0
 641   12810.00   12830.00  0.000000000000000E+00  0.000000000000000E+00 0
 642   12830.00   12850.00  0.000000000000000E+00  0.000000000000000E+00 0
 643   12850.00   12870.00  0.000000000000000E+00  0.000000000000000E+00 0
 644   12870.00   12890.00  0.000000000000000E+00  0.000000000000000E+00 0
 645   12890.00   12910.00  0.000000000000000E+00  0.000000000000000E+00 0
 646   12910.00   12930.00  0.000000000000000E+00  0.000000000000000E+00 0
 647   12930.00   12950.00  0.000000000000000E+00  0.000000000000000E+00 0
 648   12950.00   12970.00  0.000000000000000E+00  0.000000000000000E+00 0
 649   12970.00   12990.00  0.000000000000000E+00  0.000000000000000E+00 0
 650   12990.00   13010.00  0.000000000000000E+00  0.000000000000000E+00 0
# Underflow:                 0.0000000000000000E+00  0.0000000000000000E+00 0
# Overflow:                  0.0000000000000000E+00  0.0000000000000000E+00 0
#-------------------------------------------------------------------------------------
# Sum:                       4.4797116669081934E-02  7.4836664701863139E-06 467479000
#=====================================================================================
