# title = Transverse Mass Positron--anti-Muon System
# xlabel = $M_{\text{T},\text{e}^+\mu^+}\,$[GeV]
# ylabel = $\frac{\text{d}\sigma}{\text{d}M_{\text{T},\text{e}^+\mu^+}}\,\left[\frac{\text{fb}}{\text{GeV}}\right]$
# xmin=  0.000E+00
# xmax=  8.000E+02
# ymin=  1.000E-06
# ymax=  1.000E-02
# kmin= -3.000E+01
# kmax=  1.000E+01
# logscale = true
# Renormalization and factorization scale scaled by: 1.0000000000
# Renormalization scaled by: 1.0000000000
# Number of generated events: 3619765
#
#=====================================================================================
# No.       Left      Right                   Value                   Error Hits
#-------------------------------------------------------------------------------------
   1       0.00      40.00  2.018907426204785E-03  1.063134756184153E-05 374791625
   2      40.00      80.00  6.610118928995029E-03  3.674971126099160E-05 1113143984
   3      80.00     120.00  7.163115348124099E-03  2.448606007931488E-05 1114742040
   4     120.00     160.00  5.175507730032764E-03  2.375919231637619E-05 887326688
   5     160.00     200.00  3.478638327094614E-03  1.821698876480831E-05 693815488
   6     200.00     240.00  2.297456804678388E-03  1.460845525753038E-05 547798601
   7     240.00     280.00  1.573425023916705E-03  1.089952582438164E-05 438870315
   8     280.00     320.00  1.063912151491422E-03  1.338086326284978E-05 356638309
   9     320.00     360.00  7.459859886266372E-04  6.621866156903753E-06 293570764
  10     360.00     400.00  5.292086569362260E-04  6.049863786768109E-06 244423153
  11     400.00     440.00  3.766057551300580E-04  5.137562496595848E-06 205521707
  12     440.00     480.00  2.747809231098811E-04  4.948892516707337E-06 174370052
  13     480.00     520.00  2.027113440164419E-04  3.416140125959285E-06 149073253
  14     520.00     560.00  1.501687750595641E-04  2.890697850070554E-06 128358171
  15     560.00     600.00  1.128655732561162E-04  2.691320516144749E-06 111174147
  16     600.00     640.00  7.504944828495373E-05  6.642281282226635E-06 96838198
  17     640.00     680.00  6.375224469706951E-05  2.187712108506267E-06 84786552
  18     680.00     720.00  4.910572466853849E-05  2.284390021053761E-06 74571119
  19     720.00     760.00  4.049589599575105E-05  1.074981858458960E-06 65863531
  20     760.00     800.00  2.789764518032327E-05  1.470062987048128E-06 58392373
  21     800.00     840.00  2.396795671010758E-05  1.215123852216161E-06 51961585
  22     840.00     880.00  1.935005149059945E-05  7.490324419771427E-07 46380065
  23     880.00     920.00  1.500015100601258E-05  6.384464067127873E-07 41512121
  24     920.00     960.00  1.119128298872927E-05  8.091731166903440E-07 37267124
  25     960.00    1000.00  8.567897023574927E-06  6.226104473473645E-07 33533423
  26    1000.00    1040.00  7.808124930673159E-06  4.534938961501202E-07 30260192
  27    1040.00    1080.00  5.564680640499854E-06  5.348348418669887E-07 27367249
  28    1080.00    1120.00  5.191338704696258E-06  2.968834376540411E-07 24802967
  29    1120.00    1160.00  4.463954782006279E-06  2.943343442266917E-07 22528751
  30    1160.00    1200.00  2.855206336058548E-06  3.709315931604733E-07 20500220
  31    1200.00    1240.00  2.943495117556201E-06  1.773911580518641E-07 18677965
  32    1240.00    1280.00  2.201574281769812E-06  2.227107306855245E-07 17056080
  33    1280.00    1320.00  1.969974194969264E-06  1.279489347962731E-07 15593036
  34    1320.00    1360.00  1.547637940540022E-06  1.096442363592602E-07 14285484
  35    1360.00    1400.00  1.260755628576627E-06  1.644022053017319E-07 13097498
  36    1400.00    1440.00  1.052504653009256E-06  1.047253163941764E-07 12025842
  37    1440.00    1480.00  1.008580699825650E-06  7.760617922847893E-08 11061510
  38    1480.00    1520.00  8.285176929985699E-07  7.271706678020307E-08 10186663
  39    1520.00    1560.00  4.534135468051421E-07  1.766993535727932E-07 9387037
  40    1560.00    1600.00  5.405205392917574E-07  7.285503715529341E-08 8662440
  41    1600.00    1640.00  3.774403044016763E-07  6.616772458112697E-08 8006452
  42    1640.00    1680.00  4.204208140944842E-07  3.802394323548330E-08 7406050
  43    1680.00    1720.00  2.813545371375429E-07  4.868094469491497E-08 6856505
  44    1720.00    1760.00  1.914673846684314E-07  4.672100637790699E-08 6351232
  45    1760.00    1800.00  3.393787973045617E-08  1.820638090869260E-07 5893641
  46    1800.00    1840.00  2.276930499119412E-08  1.732099738490140E-07 5471252
  47    1840.00    1880.00  1.526846808838374E-07  2.175076372976755E-08 5084177
  48    1880.00    1920.00  1.291947286393193E-07  4.464894777898734E-08 4730565
  49    1920.00    1960.00  7.593669537622672E-08  3.739510596303140E-08 4398653
  50    1960.00    2000.00  1.202865298693746E-07  1.353808420736142E-08 4100625
  51    2000.00    2040.00  6.279074429753681E-08  1.613009609524220E-08 3822178
  52    2040.00    2080.00  5.587221894201680E-08  1.623414352979891E-08 3563195
  53    2080.00    2120.00  1.341470885952054E-08  2.681984643435836E-08 3328300
  54    2120.00    2160.00  5.548643054154734E-08  6.587426936143748E-09 3106258
  55    2160.00    2200.00  2.504149277378360E-08  1.614230715418295E-08 2902687
  56    2200.00    2240.00  4.044091810626043E-08  7.739563916892929E-09 2713669
  57    2240.00    2280.00  2.561218964100010E-08  5.617716044881108E-09 2536962
  58    2280.00    2320.00  3.096116314701922E-08  3.853009173780455E-09 2376303
  59    2320.00    2360.00 -7.788719825936547E-10  2.130767378203911E-08 2227436
  60    2360.00    2400.00  2.244226847961168E-08  3.352271855343489E-09 2084042
  61    2400.00    2440.00  1.397827430436735E-08  5.802006261993725E-09 1956732
  62    2440.00    2480.00  1.748138500675589E-08  1.957652239439956E-09 1835027
  63    2480.00    2520.00  5.522170719690932E-09  8.541846326163313E-09 1722275
  64    2520.00    2560.00  1.171298887752131E-08  2.437301873258394E-09 1620574
  65    2560.00    2600.00 -1.806161288374834E-08  1.428707798707649E-08 1519667
  66    2600.00    2640.00  1.027998948568209E-08  1.299928569884272E-09 1428013
  67    2640.00    2680.00  3.746283571651897E-09  5.616416054714042E-09 1343033
  68    2680.00    2720.00  3.654986737698789E-09  3.616368015791558E-09 1264670
  69    2720.00    2760.00  4.017669691514835E-09  3.190337197213983E-09 1188951
  70    2760.00    2800.00 -9.727474651534322E-10  5.900471198047054E-09 1122709
  71    2800.00    2840.00  1.499142669092054E-09  3.115646712893844E-09 1056795
  72    2840.00    2880.00  2.922251236846540E-09  1.337152079123352E-09 996402
  73    2880.00    2920.00  3.649848637777511E-09  5.843528957133630E-10 938227
  74    2920.00    2960.00  4.725896165274237E-10  2.296322853838436E-09 886151
  75    2960.00    3000.00  2.013410343174406E-10  2.775457786046412E-09 835601
  76    3000.00    3040.00  1.833280344502204E-09  6.422045253295407E-10 788698
  77    3040.00    3080.00  1.463479670550605E-09  6.488170533181527E-10 744959
  78    3080.00    3120.00  1.753065190180089E-09  1.984557707923913E-10 703305
  79    3120.00    3160.00  1.527538488013885E-09  2.846494512588460E-10 664385
  80    3160.00    3200.00  1.705112826897025E-09  2.344727405964132E-10 627475
  81    3200.00    3240.00  1.125046340521710E-09  2.722418464629712E-10 592619
  82    3240.00    3280.00  8.114725651022231E-10  4.385736962360443E-10 560448
  83    3280.00    3320.00  5.456180010409156E-10  3.291577079078752E-10 529801
  84    3320.00    3360.00  1.062876121454654E-09  1.134027765260197E-10 502108
  85    3360.00    3400.00 -5.867433006343706E-10  8.253832110743899E-10 473841
  86    3400.00    3440.00  1.791224843033932E-10  3.170163905050439E-10 449049
  87    3440.00    3480.00  1.486505449097806E-10  3.199441530632147E-10 427065
  88    3480.00    3520.00  7.463117304813561E-11  3.385204328970921E-10 403391
  89    3520.00    3560.00  2.035703386646831E-10  2.333820457082052E-10 382612
  90    3560.00    3600.00  4.667748296961393E-10  1.326662653099087E-10 362366
  91    3600.00    3640.00 -8.631028942355002E-11  3.539333149713962E-10 345094
  92    3640.00    3680.00 -3.411493340796835E-10  3.263568688655650E-10 324107
  93    3680.00    3720.00  2.033366912551987E-10  6.746717057393965E-11 308977
  94    3720.00    3760.00 -1.022500127698196E-10  2.618648321172082E-10 293202
  95    3760.00    3800.00 -2.363646559365099E-10  4.136102412817283E-10 278289
  96    3800.00    3840.00  5.396103999679128E-11  1.406607899043451E-10 264033
  97    3840.00    3880.00  2.491122450316478E-11  9.275832766749778E-11 250714
  98    3880.00    3920.00  1.107621369271810E-10  2.557470586730231E-11 238033
  99    3920.00    3960.00  1.381897881946369E-10  3.485601869915750E-11 226363
 100    3960.00    4000.00 -1.116515293851265E-11  4.993774479458908E-11 215175
 101    4000.00    4040.00  7.062904107555531E-11  1.990892315422137E-11 204437
 102    4040.00    4080.00 -9.136212598419649E-11  1.088879740811960E-10 194761
 103    4080.00    4120.00  2.140720594051459E-11  3.618987400219818E-11 184682
 104    4120.00    4160.00 -1.053152109968345E-10  1.122286445956660E-10 175292
 105    4160.00    4200.00  4.579691835581056E-11  1.231596341724207E-11 167327
 106    4200.00    4240.00  3.688444412330408E-11  2.239101195201336E-11 158694
 107    4240.00    4280.00  3.079800157068391E-11  2.202502618247929E-11 150906
 108    4280.00    4320.00  3.475319878879682E-11  8.911514551130704E-12 144099
 109    4320.00    4360.00  2.652033776185761E-11  8.783910522711053E-12 137464
 110    4360.00    4400.00 -1.349817496789942E-11  3.097840509679631E-11 130469
 111    4400.00    4440.00  2.792618723218263E-11  1.432729945126496E-11 123873
 112    4440.00    4480.00  1.627502073408339E-11  4.919472717827143E-11 118272
 113    4480.00    4520.00 -2.166839803065811E-11  4.302319106509951E-11 112868
 114    4520.00    4560.00 -1.622829531659678E-11  2.120293440118945E-11 107391
 115    4560.00    4600.00  2.678085185503128E-11  7.091922874048097E-12 102700
 116    4600.00    4640.00 -3.814903425091971E-12  1.116600505660543E-11 97721
 117    4640.00    4680.00  2.427869366531536E-11  9.604409710285137E-12 93341
 118    4680.00    4720.00 -1.214202562335798E-12  1.320595687630642E-11 88761
 119    4720.00    4760.00  1.193286153355947E-11  3.131858406957602E-12 85225
 120    4760.00    4800.00  8.542000442531813E-12  3.464373484363832E-12 80709
 121    4800.00    4840.00  7.529932353955767E-12  1.644516568956177E-12 77294
 122    4840.00    4880.00  3.909261320204314E-12  2.307945548910713E-12 73266
 123    4880.00    4920.00  1.441762890999800E-12  5.134245313024023E-12 70151
 124    4920.00    4960.00  1.688821732569822E-11  1.413719450053884E-11 66837
 125    4960.00    5000.00  5.003409863622179E-12  2.168013831715572E-12 63988
 126    5000.00    5040.00  2.198582116511022E-12  1.381562631648418E-12 61512
 127    5040.00    5080.00  4.192974699337522E-12  8.292703432378085E-13 58194
 128    5080.00    5120.00 -2.282859834450914E-12  5.904084955696015E-12 55921
 129    5120.00    5160.00 -8.423879796839762E-12  7.834686994332700E-12 53347
 130    5160.00    5200.00  1.438706227154553E-12  1.461794541669501E-12 50806
 131    5200.00    5240.00  1.045622697158514E-12  1.425174609957761E-12 48675
 132    5240.00    5280.00  1.835168923710279E-12  1.097101529152557E-12 46674
 133    5280.00    5320.00  2.291912742749917E-12  1.063532714799025E-12 44465
 134    5320.00    5360.00  2.061363099234450E-12  7.293929250908317E-13 42813
 135    5360.00    5400.00  1.201386032744687E-12  5.397614029227312E-13 41051
 136    5400.00    5440.00  7.620100559490229E-13  6.725330462333211E-13 38788
 137    5440.00    5480.00  1.047006680401823E-12  2.656275949872988E-13 37278
 138    5480.00    5520.00  1.213531363624494E-12  1.828894505628683E-12 35848
 139    5520.00    5560.00 -8.244820201245115E-12  8.951745525560117E-12 34245
 140    5560.00    5600.00 -2.438684954833957E-12  3.008160594688713E-12 32635
 141    5600.00    5640.00 -1.823901592657250E-13  2.373222667923920E-13 31349
 142    5640.00    5680.00  6.045726336360398E-13  1.993503982241251E-13 29406
 143    5680.00    5720.00  4.409610590671642E-13  6.311939473035161E-13 28526
 144    5720.00    5760.00  2.011248842080303E-13  3.214081856812851E-13 27324
 145    5760.00    5800.00  2.006707134034098E-13  2.046772955568125E-13 26211
 146    5800.00    5840.00  3.249401995448260E-13  1.260746004571510E-13 24950
 147    5840.00    5880.00  3.842206637389554E-13  1.711540659489717E-13 24272
 148    5880.00    5920.00 -3.219957662725453E-13  4.378651459200544E-13 23171
 149    5920.00    5960.00 -4.077835281893947E-14  1.661314464412983E-13 21911
 150    5960.00    6000.00  4.862103858952291E-13  1.710500400583687E-13 21105
 151    6000.00    6040.00  1.419848709849691E-13  4.991908986890048E-14 20164
 152    6040.00    6080.00  2.563147424023803E-13  1.898844749874077E-13 19695
 153    6080.00    6120.00  1.907335717468752E-14  1.155877967320513E-13 18641
 154    6120.00    6160.00 -5.372631003078931E-13  6.499604656716550E-13 17680
 155    6160.00    6200.00  1.113384107821484E-13  4.062787137170117E-14 17029
 156    6200.00    6240.00 -6.905800206323213E-14  3.444350519924416E-13 16602
 157    6240.00    6280.00  4.984532621024006E-14  2.397013011785909E-14 15788
 158    6280.00    6320.00  9.369117602784977E-14  5.849414464819951E-14 15160
 159    6320.00    6360.00  7.061544752553286E-15  4.193983109631669E-14 14676
 160    6360.00    6400.00  1.394565629059207E-12  1.335991338847382E-12 13651
 161    6400.00    6440.00  6.172022070160976E-14  1.642016884229834E-14 13242
 162    6440.00    6480.00  7.439861257681907E-14  2.607987492821983E-14 12963
 163    6480.00    6520.00 -7.281610811510656E-14  8.775165846403353E-14 12355
 164    6520.00    6560.00  4.700294329246094E-14  2.238484567936139E-14 11919
 165    6560.00    6600.00  7.856728475326419E-14  3.848723997548416E-14 11343
 166    6600.00    6640.00  7.945814295453009E-15  1.231210454533316E-14 10774
 167    6640.00    6680.00 -4.202323083990769E-13  4.271465782351241E-13 10382
 168    6680.00    6720.00  2.702161325045223E-14  1.057058664843539E-14 10184
 169    6720.00    6760.00  1.240081223876494E-14  8.806282784892247E-15 9675
 170    6760.00    6800.00  2.318286451951688E-14  6.653140357584929E-15 9294
 171    6800.00    6840.00  2.889694791817461E-14  7.740985245193087E-15 8948
 172    6840.00    6880.00  1.323884520532062E-14  1.013577453121049E-14 8509
 173    6880.00    6920.00  1.855849423174319E-14  1.010829872745519E-14 8189
 174    6920.00    6960.00  4.547487475929751E-15  3.288282932377656E-15 7792
 175    6960.00    7000.00  1.990100134753215E-14  7.327517352847639E-15 7461
 176    7000.00    7040.00  1.013737941729709E-14  3.245530631918126E-15 7330
 177    7040.00    7080.00 -2.549391737130592E-14  3.701958798186866E-14 7081
 178    7080.00    7120.00  7.398167865541628E-15  5.700849317230985E-15 6760
 179    7120.00    7160.00  1.046124397890852E-14  3.764062809795250E-15 6530
 180    7160.00    7200.00  2.389125787283268E-15  4.917628100526671E-15 6176
 181    7200.00    7240.00  8.313209738415020E-15  7.976456268589176E-15 5839
 182    7240.00    7280.00 -3.374606909080381E-14  3.276342519608621E-14 5660
 183    7280.00    7320.00 -1.946842180336731E-13  1.953443074039375E-13 5420
 184    7320.00    7360.00  3.150569092742525E-15  1.370970702811514E-15 5211
 185    7360.00    7400.00  8.403093071595696E-15  6.461670147777294E-15 4961
 186    7400.00    7440.00  2.090751485071728E-19  1.214502873891395E-15 4867
 187    7440.00    7480.00  5.026794060162275E-15  1.357815760727998E-15 4733
 188    7480.00    7520.00 -1.456883001405030E-15  1.841626412093101E-15 4535
 189    7520.00    7560.00  4.506438936473093E-15  1.668723992647882E-15 4188
 190    7560.00    7600.00 -2.823130528328465E-15  2.389128644251179E-15 4125
 191    7600.00    7640.00 -2.073942880437638E-15  3.708454394567148E-15 3966
 192    7640.00    7680.00  1.047586377691286E-15  6.745404074540547E-16 3831
 193    7680.00    7720.00 -1.598216107140243E-16  1.931448549875560E-15 3680
 194    7720.00    7760.00  2.033628621657035E-15  8.655133772992371E-16 3429
 195    7760.00    7800.00 -1.295906738104784E-15  2.634464956761917E-15 3369
 196    7800.00    7840.00  2.264868482344832E-16  3.217615958510601E-15 3256
 197    7840.00    7880.00  1.254250210644068E-15  7.916551606758869E-16 3109
 198    7880.00    7920.00  2.439446116859665E-15  1.275738914216746E-15 2998
 199    7920.00    7960.00  1.455879537680375E-15  7.712776389126574E-16 2905
 200    7960.00    8000.00 -1.339341813718521E-14  1.535045829554322E-14 2816
 201    8000.00    8040.00  2.619625978918762E-16  4.902403272791219E-16 2685
 202    8040.00    8080.00  1.038193529642356E-15  3.255742933280590E-16 2604
 203    8080.00    8120.00  9.325317328288671E-16  4.010190969894750E-16 2432
 204    8120.00    8160.00  7.043086364595179E-16  7.293688565213484E-16 2379
 205    8160.00    8200.00  3.168886240109460E-16  1.872455542376058E-16 2345
 206    8200.00    8240.00  4.082936658981710E-17  2.289710209510214E-16 2242
 207    8240.00    8280.00  4.464617732778899E-16  2.312318237149801E-16 2053
 208    8280.00    8320.00  4.690167694382654E-16  2.811075138356473E-16 2057
 209    8320.00    8360.00  1.383201445003076E-16  9.657808656942565E-17 1941
 210    8360.00    8400.00  6.819792360386916E-17  1.036683304507555E-16 1857
 211    8400.00    8440.00  2.185317724297174E-16  2.022585416661635E-16 1743
 212    8440.00    8480.00 -5.055014405577605E-17  7.127291075955264E-17 1758
 213    8480.00    8520.00  6.662105683225561E-16  5.618531636454041E-16 1678
 214    8520.00    8560.00  1.440784478865805E-16  7.441517171275057E-17 1632
 215    8560.00    8600.00  3.480377402279683E-16  3.190881517345679E-16 1499
 216    8600.00    8640.00  9.749573616246163E-16  7.176195476441528E-16 1503
 217    8640.00    8680.00  1.307958497809973E-16  1.171376489248516E-16 1416
 218    8680.00    8720.00 -1.909608811789396E-18  6.572250950811666E-17 1328
 219    8720.00    8760.00 -3.867615119685766E-17  2.917095234768507E-17 1301
 220    8760.00    8800.00  4.103489039195965E-17  1.063110503327393E-16 1234
 221    8800.00    8840.00  3.219142556065728E-17  2.255075543600765E-17 1133
 222    8840.00    8880.00  1.018937613978821E-16  7.718791738271445E-17 1143
 223    8880.00    8920.00 -4.526230600529828E-18  7.012821607640096E-18 1041
 224    8920.00    8960.00  1.011775310581865E-17  2.061205542984266E-17 1007
 225    8960.00    9000.00  9.650349414344682E-18  5.519414639603143E-17 997
 226    9000.00    9040.00 -7.290066224454495E-18  3.770044393063484E-17 959
 227    9040.00    9080.00 -8.712802147574362E-19  6.489584004961324E-18 894
 228    9080.00    9120.00  3.080023263908770E-16  3.131400179339077E-16 876
 229    9120.00    9160.00  3.263806799871984E-17  3.408516218676678E-17 794
 230    9160.00    9200.00 -6.469421377175312E-18  4.781211359154552E-18 742
 231    9200.00    9240.00  5.901507786055024E-17  5.776876368544552E-17 769
 232    9240.00    9280.00  1.130553962388144E-17  9.244704034294156E-18 744
 233    9280.00    9320.00  7.563050610476071E-18  6.167364993612950E-18 679
 234    9320.00    9360.00 -1.122129173156049E-18  1.382472098165659E-17 620
 235    9360.00    9400.00  2.950821527142029E-16  2.238263606796605E-16 595
 236    9400.00    9440.00  2.925596816434329E-17  2.550600886947389E-17 609
 237    9440.00    9480.00  1.114187122402308E-18  1.938284486670767E-18 602
 238    9480.00    9520.00  3.675444401975173E-17  3.704546953355347E-17 532
 239    9520.00    9560.00  8.439563510519628E-18  1.513725134583297E-17 511
 240    9560.00    9600.00  2.806400584931429E-17  2.429302327179409E-17 508
 241    9600.00    9640.00 -1.099339920182294E-17  1.173407459402868E-17 496
 242    9640.00    9680.00  5.249592804693691E-18  7.761982477505971E-18 463
 243    9680.00    9720.00  1.439038648440493E-17  1.275763086981451E-17 454
 244    9720.00    9760.00 -1.011147340503110E-18  8.101818745693869E-19 443
 245    9760.00    9800.00 -3.956003676545540E-18  4.115601583257736E-18 388
 246    9800.00    9840.00 -7.290975124273701E-18  7.150711248565424E-18 368
 247    9840.00    9880.00  9.538575460761802E-20  3.880464097116222E-19 324
 248    9880.00    9920.00  1.224926345878723E-18  8.654161857064923E-19 312
 249    9920.00    9960.00 -2.272781373987599E-19  1.110604514503357E-18 321
 250    9960.00   10000.00 -3.638857823581500E-20  5.048685302394041E-20 320
 251   10000.00   10040.00  5.410900236767922E-20  7.303283067818826E-20 272
 252   10040.00   10080.00 -2.435406635549569E-19  2.956521795030993E-19 266
 253   10080.00   10120.00 -8.657345652824619E-19  6.501606440498673E-19 244
 254   10120.00   10160.00 -1.051869359416586E-18  1.071293603361128E-18 239
 255   10160.00   10200.00  1.019487624655472E-18  9.897247270269467E-19 241
 256   10200.00   10240.00 -1.974833702670303E-18  1.425339447821273E-18 230
 257   10240.00   10280.00  2.240947024306691E-19  1.603378330252865E-19 203
 258   10280.00   10320.00  6.814350232775658E-18  9.036164883037911E-18 192
 259   10320.00   10360.00 -1.041335110569179E-19  1.020613587228451E-19 171
 260   10360.00   10400.00 -1.095761383422684E-19  1.095439746811512E-19 165
 261   10400.00   10440.00 -1.187912094203561E-19  1.795899599547445E-19 150
 262   10440.00   10480.00 -7.067794951272593E-20  4.134881332178141E-20 143
 263   10480.00   10520.00 -1.203398757953974E-21  1.286331437070096E-21 126
 264   10520.00   10560.00 -2.218435708096793E-19  1.572555887727589E-19 141
 265   10560.00   10600.00 -1.772048198858489E-20  1.363168491914802E-20 122
 266   10600.00   10640.00 -1.435004023341270E-21  1.432706976096989E-21 101
 267   10640.00   10680.00  2.108365199013900E-21  2.099984444479889E-21 108
 268   10680.00   10720.00  3.544245224346133E-23  3.543893559457530E-23 97
 269   10720.00   10760.00  1.160338938138658E-19  1.160339018058892E-19 88
 270   10760.00   10800.00  1.356546852797734E-23  1.378961550169910E-23 76
 271   10800.00   10840.00  4.108705264293966E-25  3.596768822291039E-25 85
 272   10840.00   10880.00 -9.740247198217598E-22  9.733262056034178E-22 79
 273   10880.00   10920.00 -4.008096333032707E-27  1.074984253220166E-26 71
 274   10920.00   10960.00 -1.476576551427866E-26  1.488584458423930E-26 75
 275   10960.00   11000.00 -7.169439598149425E-28  7.634406464982417E-28 50
 276   11000.00   11040.00 -1.033356931129066E-26  1.036118887903821E-26 48
 277   11040.00   11080.00 -3.060234475242503E-24  3.059272317168882E-24 48
 278   11080.00   11120.00  2.702838502804962E-28  1.861911452405807E-28 51
 279   11120.00   11160.00 -4.081879781735108E-31  9.510446986868229E-29 38
 280   11160.00   11200.00 -2.417840365042478E-28  2.783773937433628E-28 34
 281   11200.00   11240.00  7.353692443119653E-20  7.353692445627658E-20 29
 282   11240.00   11280.00  2.959076257307256E-26  2.946277250858600E-26 32
 283   11280.00   11320.00 -2.068959218987128E-28  2.309534427550958E-28 31
 284   11320.00   11360.00 -4.118873304192012E-29  4.055627022077068E-29 22
 285   11360.00   11400.00 -1.396867806940441E-30  1.147077936890900E-30 16
 286   11400.00   11440.00 -1.460181548211708E-30  1.968299768261135E-30 23
 287   11440.00   11480.00 -8.065169361085761E-29  7.961486074111345E-29 20
 288   11480.00   11520.00  2.201666627752128E-31  2.108981509635440E-31 16
 289   11520.00   11560.00 -6.352915897987574E-32  5.258255937944974E-32 5
 290   11560.00   11600.00 -1.220789253396785E-34  9.633005106232840E-35 8
 291   11600.00   11640.00  1.968362739086805E-34  3.038428821073260E-34 10
 292   11640.00   11680.00  1.425394184237411E-34  3.010940505025774E-34 6
 293   11680.00   11720.00  2.238051641545523E-31  2.210184994717150E-31 5
 294   11720.00   11760.00 -4.706640349884801E-32  4.303603580924064E-32 2
 295   11760.00   11800.00  8.890264525276538E-32  1.303274963983977E-31 2
 296   11800.00   11840.00  0.000000000000000E+00  0.000000000000000E+00 0
 297   11840.00   11880.00 -3.679178188927472E-39  3.679178186306728E-39 1
 298   11880.00   11920.00  5.363582332017198E-39  5.356908667923566E-39 2
 299   11920.00   11960.00 -4.946586506521240E-33  4.946586503371073E-33 1
 300   11960.00   12000.00 -9.595852006229847E-42  9.595851998706416E-42 1
 301   12000.00   12040.00  0.000000000000000E+00  0.000000000000000E+00 0
 302   12040.00   12080.00 -1.084687528542907E-33  1.084687527847219E-33 1
 303   12080.00   12120.00  1.046305725888198E-29  1.046305725221872E-29 1
 304   12120.00   12160.00  3.208830032588981E-33  3.208830030530930E-33 1
 305   12160.00   12200.00  0.000000000000000E+00  0.000000000000000E+00 0
 306   12200.00   12240.00  0.000000000000000E+00  0.000000000000000E+00 0
 307   12240.00   12280.00  0.000000000000000E+00  0.000000000000000E+00 0
 308   12280.00   12320.00  0.000000000000000E+00  0.000000000000000E+00 0
 309   12320.00   12360.00  0.000000000000000E+00  0.000000000000000E+00 0
 310   12360.00   12400.00  0.000000000000000E+00  0.000000000000000E+00 0
 311   12400.00   12440.00  0.000000000000000E+00  0.000000000000000E+00 0
 312   12440.00   12480.00  0.000000000000000E+00  0.000000000000000E+00 0
 313   12480.00   12520.00  0.000000000000000E+00  0.000000000000000E+00 0
 314   12520.00   12560.00  0.000000000000000E+00  0.000000000000000E+00 0
 315   12560.00   12600.00  0.000000000000000E+00  0.000000000000000E+00 0
 316   12600.00   12640.00  0.000000000000000E+00  0.000000000000000E+00 0
 317   12640.00   12680.00  0.000000000000000E+00  0.000000000000000E+00 0
 318   12680.00   12720.00  0.000000000000000E+00  0.000000000000000E+00 0
 319   12720.00   12760.00  0.000000000000000E+00  0.000000000000000E+00 0
 320   12760.00   12800.00  0.000000000000000E+00  0.000000000000000E+00 0
 321   12800.00   12840.00  0.000000000000000E+00  0.000000000000000E+00 0
 322   12840.00   12880.00  0.000000000000000E+00  0.000000000000000E+00 0
 323   12880.00   12920.00  0.000000000000000E+00  0.000000000000000E+00 0
 324   12920.00   12960.00  0.000000000000000E+00  0.000000000000000E+00 0
 325   12960.00   13000.00  0.000000000000000E+00  0.000000000000000E+00 0
# Underflow:                 0.0000000000000000E+00  0.0000000000000000E+00 0
# Overflow:                  0.0000000000000000E+00  0.0000000000000000E+00 0
#-------------------------------------------------------------------------------------
# Sum:                      -5.1493147386101803E-03  4.8402139258225064E-05 206000
#=====================================================================================
