# title = Missing Transverse Momentum
# xlabel = $p_{\text{T},\text{miss}}\,$[GeV]
# ylabel = $\frac{\text{d}\sigma}{\text{d}p_{\text{T},\text{miss}}}\,\left[\frac{\text{fb}}{\text{GeV}}\right]$
# xmin=  0.000E+00
# xmax=  8.000E+02
# ymin=  1.000E-06
# ymax=  1.000E-01
# kmin= -5.000E+01
# kmax=  1.000E+01
# logscale = true
# Renormalization and factorization scale scaled by: 1.0000000000
# Renormalization scaled by: 1.0000000000
# Number of generated events: 5283716945
#
#=====================================================================================
# No.       Left      Right                   Value                   Error Hits
#-------------------------------------------------------------------------------------
   1       0.00      20.00  0.000000000000000E+00  0.000000000000000E+00 0
   2      20.00      40.00  0.000000000000000E+00  0.000000000000000E+00 0
   3      40.00      60.00  1.500833769908059E-02  3.256105239426365E-06 792862643
   4      60.00      80.00  1.392357048011624E-02  3.298449748654818E-06 713847554
   5      80.00     100.00  1.113864902882934E-02  3.104910070719255E-06 549868299
   6     100.00     120.00  8.329564810684510E-03  2.769823354235335E-06 423675899
   7     120.00     140.00  6.165234314291277E-03  2.423182447347120E-06 337267133
   8     140.00     160.00  4.624539591330231E-03  2.106919487903084E-06 275651948
   9     160.00     180.00  3.520340807524642E-03  1.828079815578750E-06 229487148
  10     180.00     200.00  2.724668104604144E-03  1.592209790208492E-06 193683536
  11     200.00     220.00  2.133872075804374E-03  1.388360278947872E-06 165264735
  12     220.00     240.00  1.686527388748877E-03  1.222180521869371E-06 142284429
  13     240.00     260.00  1.342372093682900E-03  1.065337201648478E-06 123416453
  14     260.00     280.00  1.075412767287370E-03  9.348853300050102E-07 107820508
  15     280.00     300.00  8.669157910039927E-04  8.256660171336729E-07 94754746
  16     300.00     320.00  7.030463619119693E-04  7.256079388038255E-07 83723117
  17     320.00     340.00  5.745229046743927E-04  6.417781235733912E-07 74336061
  18     340.00     360.00  4.707263618322236E-04  5.712454068586622E-07 66292329
  19     360.00     380.00  3.865327920154762E-04  5.000281932100636E-07 59376126
  20     380.00     400.00  3.199276979869563E-04  4.515414096651898E-07 53363057
  21     400.00     420.00  2.657165161191381E-04  3.974907530782646E-07 48129899
  22     420.00     440.00  2.215476055970943E-04  3.805404084527855E-07 43546618
  23     440.00     460.00  1.848934881804699E-04  3.174990253825341E-07 39496848
  24     460.00     480.00  1.554494300164223E-04  2.843587142522270E-07 35933538
  25     480.00     500.00  1.303233445969751E-04  2.500195059169197E-07 32769089
  26     500.00     520.00  1.103696534792431E-04  2.221047344821305E-07 29951719
  27     520.00     540.00  9.381457522745191E-05  2.046845223424521E-07 27426310
  28     540.00     560.00  7.974361689882298E-05  1.822800550615610E-07 25183691
  29     560.00     580.00  6.767806364458229E-05  1.624269120544238E-07 23153797
  30     580.00     600.00  5.778786101960573E-05  1.507000354471617E-07 21323473
  31     600.00     620.00  4.936873069549859E-05  1.330185849005688E-07 19675756
  32     620.00     640.00  4.238692635684687E-05  1.223530478070356E-07 18178554
  33     640.00     660.00  3.670205344867791E-05  1.093351103769854E-07 16821987
  34     660.00     680.00  3.170277090316765E-05  1.004028739343086E-07 15589740
  35     680.00     700.00  2.709837648627288E-05  8.854941381071023E-08 14454862
  36     700.00     720.00  2.353019411094060E-05  8.176676425332755E-08 13435909
  37     720.00     740.00  2.044781972661704E-05  7.401236379897241E-08 12500794
  38     740.00     760.00  1.769686886526918E-05  6.615719097672120E-08 11634148
  39     760.00     780.00  1.541309236016533E-05  6.039246387132182E-08 10844463
  40     780.00     800.00  1.342274182454656E-05  5.878523406983467E-08 10121375
  41     800.00     820.00  1.165230047338003E-05  4.983079227056163E-08 9453639
  42     820.00     840.00  1.020028535408788E-05  4.596255024734013E-08 8836123
  43     840.00     860.00  8.966067067753507E-06  4.658418726525034E-08 8267259
  44     860.00     880.00  7.848675904076810E-06  3.861151750002076E-08 7744570
  45     880.00     900.00  6.889894605332738E-06  3.549400455601980E-08 7260352
  46     900.00     920.00  6.082952467059957E-06  3.243461861727319E-08 6805385
  47     920.00     940.00  5.361471618255554E-06  3.006286266737640E-08 6391505
  48     940.00     960.00  4.688114602898359E-06  2.862004974815310E-08 5998988
  49     960.00     980.00  4.120769338703538E-06  2.429081093812621E-08 5640549
  50     980.00    1000.00  3.683911011744665E-06  2.314907497271870E-08 5307762
  51    1000.00    1020.00  3.236079177766529E-06  2.028320480732935E-08 4999726
  52    1020.00    1040.00  2.880300845962328E-06  2.008476875977057E-08 4704921
  53    1040.00    1060.00  2.515183097710940E-06  1.677109269990650E-08 4433819
  54    1060.00    1080.00  2.205064693281108E-06  1.601848457416027E-08 4187733
  55    1080.00    1100.00  1.959213410779006E-06  1.498686972805161E-08 3943479
  56    1100.00    1120.00  1.785461610313602E-06  1.384180661597172E-08 3726039
  57    1120.00    1140.00  1.546912862089905E-06  1.255841756420557E-08 3514807
  58    1140.00    1160.00  1.390454296537500E-06  1.119184356471446E-08 3323408
  59    1160.00    1180.00  1.233958590846552E-06  1.074548070677094E-08 3142703
  60    1180.00    1200.00  1.089331983745695E-06  1.124899178008272E-08 2973045
  61    1200.00    1220.00  9.814670740563091E-07  8.783209002064377E-09 2814537
  62    1220.00    1240.00  8.619400820378403E-07  8.293230672726672E-09 2660145
  63    1240.00    1260.00  7.822361237889186E-07  7.425497433919487E-09 2522994
  64    1260.00    1280.00  7.019414444035044E-07  6.735692414245649E-09 2389583
  65    1280.00    1300.00  6.306909821144143E-07  7.073956866636912E-09 2262970
  66    1300.00    1320.00  5.621215794376710E-07  6.357288394611582E-09 2147448
  67    1320.00    1340.00  4.956758335579560E-07  5.066277103726172E-09 2035303
  68    1340.00    1360.00  4.463643080517787E-07  5.401739758789621E-09 1932195
  69    1360.00    1380.00  3.897337137945418E-07  4.909680978299108E-09 1834020
  70    1380.00    1400.00  3.560500521243073E-07  4.306046688054241E-09 1739880
  71    1400.00    1420.00  3.200300446898560E-07  3.891885424605612E-09 1654702
  72    1420.00    1440.00  2.839771676420886E-07  5.474443489129684E-09 1572239
  73    1440.00    1460.00  2.509376951904903E-07  3.536383429427502E-09 1495034
  74    1460.00    1480.00  2.351771623248451E-07  3.465620336204327E-09 1419316
  75    1480.00    1500.00  2.129514172164256E-07  7.042491368481388E-09 1350293
  76    1500.00    1520.00  1.818645881797720E-07  2.696824351370017E-09 1284613
  77    1520.00    1540.00  1.661209104079176E-07  2.278414489496837E-09 1222589
  78    1540.00    1560.00  1.505598212294901E-07  2.287173412599888E-09 1165096
  79    1560.00    1580.00  1.390114664393083E-07  2.681922891585088E-09 1106322
  80    1580.00    1600.00  1.188668759261848E-07  1.770216644577960E-09 1057285
  81    1600.00    1620.00  1.114011128522556E-07  2.805067320820153E-09 1002226
  82    1620.00    1640.00  9.469178456321547E-08  1.526335997738019E-09 956033
  83    1640.00    1660.00  8.775166400995183E-08  1.606308889271075E-09 911678
  84    1660.00    1680.00  8.086673966559063E-08  1.519673317560638E-09 866155
  85    1680.00    1700.00  7.210275901855481E-08  1.433429179664570E-09 827778
  86    1700.00    1720.00  6.260418264153209E-08  1.211907375827917E-09 788045
  87    1720.00    1740.00  5.790649988888774E-08  1.021092222009049E-09 752507
  88    1740.00    1760.00  5.346805841784167E-08  1.987987436800951E-09 717357
  89    1760.00    1780.00  4.629928945476878E-08  9.727180105953270E-10 684958
  90    1780.00    1800.00  4.270970570142326E-08  8.979150234170404E-10 653726
  91    1800.00    1820.00  3.914728193734415E-08  1.075719307399440E-09 622561
  92    1820.00    1840.00  3.393080097500684E-08  7.623388234153536E-10 595029
  93    1840.00    1860.00  3.023374673366417E-08  6.550271305961878E-10 566456
  94    1860.00    1880.00  2.637727127077456E-08  5.501641925978511E-10 541284
  95    1880.00    1900.00  2.476153749818644E-08  5.276767173756148E-10 517021
  96    1900.00    1920.00  2.308751264959422E-08  6.097286507021363E-10 495041
  97    1920.00    1940.00  2.098571522363980E-08  5.797053910448552E-10 471813
  98    1940.00    1960.00  1.864145517961481E-08  5.270138321048629E-10 450758
  99    1960.00    1980.00  1.682939728940559E-08  4.512890895595332E-10 429463
 100    1980.00    2000.00  1.483600228810324E-08  4.271974372226771E-10 411544
 101    2000.00    2020.00  1.380970853503310E-08  3.617788145536203E-10 393341
 102    2020.00    2040.00  1.260176265731541E-08  4.481044229062005E-10 376057
 103    2040.00    2060.00  1.143466864460131E-08  3.139680627690030E-10 359280
 104    2060.00    2080.00  1.020448374407242E-08  4.285177363134864E-10 341624
 105    2080.00    2100.00  8.698383381159310E-09  2.493031531780248E-10 327871
 106    2100.00    2120.00  8.341445589794598E-09  2.888859136224409E-10 313788
 107    2120.00    2140.00  7.116326549941768E-09  1.983234264455685E-10 299254
 108    2140.00    2160.00  6.558883182448496E-09  2.037364135223026E-10 287018
 109    2160.00    2180.00  5.750525992687932E-09  1.887725536203486E-10 273899
 110    2180.00    2200.00  5.396642814927257E-09  2.066261331906817E-10 261692
 111    2200.00    2220.00  4.992037694620721E-09  1.847961197873525E-10 249866
 112    2220.00    2240.00  4.835371463625857E-09  3.621900579887821E-10 240784
 113    2240.00    2260.00  3.714894638421939E-09  1.362060343617086E-10 228553
 114    2260.00    2280.00  3.653104518310911E-09  1.266279608112773E-10 219336
 115    2280.00    2300.00  3.398185596621763E-09  1.205443967978443E-10 209726
 116    2300.00    2320.00  3.010816942276544E-09  1.476407347558792E-10 199790
 117    2320.00    2340.00  2.839498458312310E-09  1.090466610422470E-10 192367
 118    2340.00    2360.00  2.609568493778281E-09  1.618378171352643E-10 184181
 119    2360.00    2380.00  2.097564916219422E-09  8.710430190198957E-11 175559
 120    2380.00    2400.00  2.031054369346853E-09  9.925513396345368E-11 168936
 121    2400.00    2420.00  1.778792739425465E-09  7.797598543267972E-11 162351
 122    2420.00    2440.00  1.560296924520650E-09  6.979920445814890E-11 154226
 123    2440.00    2460.00  1.463790614144363E-09  6.501307976755793E-11 146891
 124    2460.00    2480.00  1.272746914376713E-09  5.588932063881380E-11 141408
 125    2480.00    2500.00  1.203205713623282E-09  6.056397098932851E-11 135737
 126    2500.00    2520.00  1.034507827269522E-09  4.797389422763425E-11 129136
 127    2520.00    2540.00  1.008959583312623E-09  4.737133690924387E-11 124039
 128    2540.00    2560.00  8.261415119602830E-10  4.539776147265950E-11 118680
 129    2560.00    2580.00  8.019334952942290E-10  3.720908379016116E-11 113609
 130    2580.00    2600.00  6.882110201001004E-10  3.249431648894242E-11 108259
 131    2600.00    2620.00  5.861743860169458E-10  3.179782675920468E-11 104420
 132    2620.00    2640.00  6.879442450047342E-10  1.299995911529587E-10 99402
 133    2640.00    2660.00  5.166278438249700E-10  2.852925771701077E-11 95304
 134    2660.00    2680.00  4.386686708954758E-10  2.581473652466565E-11 91123
 135    2680.00    2700.00  4.412317444979301E-10  3.156821398637307E-11 87144
 136    2700.00    2720.00  3.806203903285865E-10  2.245814507612338E-11 83145
 137    2720.00    2740.00  3.308853753692542E-10  2.319524577857372E-11 80205
 138    2740.00    2760.00  3.109462761911618E-10  1.924630195499932E-11 76349
 139    2760.00    2780.00  2.806991572214680E-10  1.771527371279648E-11 73348
 140    2780.00    2800.00  2.421378999858849E-10  1.674333943322325E-11 70091
 141    2800.00    2820.00  2.234419621565330E-10  1.425941709038489E-11 67519
 142    2820.00    2840.00  2.462328698454205E-10  2.483199650425742E-11 64415
 143    2840.00    2860.00  2.059789690107984E-10  1.739883080590809E-11 61338
 144    2860.00    2880.00  1.576675677201728E-10  1.076263699880731E-11 59124
 145    2880.00    2900.00  1.735665901070244E-10  2.993016950327587E-11 56538
 146    2900.00    2920.00  1.338818527664818E-10  9.323633893278662E-12 54085
 147    2920.00    2940.00  1.293505530518602E-10  1.481420619711380E-11 51761
 148    2940.00    2960.00  1.000645732196213E-10  7.726131692981620E-12 49443
 149    2960.00    2980.00  9.421436732548056E-11  7.356685104242123E-12 47613
 150    2980.00    3000.00  9.826683104892324E-11  7.470651934889505E-12 45360
 151    3000.00    3020.00  9.492592776677982E-11  1.135268968344973E-11 43288
 152    3020.00    3040.00  6.623139667566231E-11  5.814750684522010E-12 41560
 153    3040.00    3060.00  6.454588685560418E-11  6.064163669936334E-12 39380
 154    3060.00    3080.00  5.113579757228201E-11  4.933495122682356E-12 37949
 155    3080.00    3100.00  5.466732790117135E-11  5.326670457189195E-12 36495
 156    3100.00    3120.00  4.941003481650138E-11  5.054730651276616E-12 34798
 157    3120.00    3140.00  4.477234651729297E-11  4.064290759335238E-12 33423
 158    3140.00    3160.00  3.931178918022134E-11  3.677017976680701E-12 31754
 159    3160.00    3180.00  3.016741686660947E-11  3.166637849826992E-12 30446
 160    3180.00    3200.00  3.582281451089218E-11  4.848351647363834E-12 29283
 161    3200.00    3220.00  2.699374107445222E-11  2.603374357041303E-12 28039
 162    3220.00    3240.00  2.371319453963439E-11  2.375081462338647E-12 26631
 163    3240.00    3260.00  2.049988198451544E-11  2.075639788894483E-12 25529
 164    3260.00    3280.00  1.526927971605410E-11  1.712890986639159E-12 24130
 165    3280.00    3300.00  1.491571624881966E-11  1.454252368039901E-12 23499
 166    3300.00    3320.00  1.544872447982903E-11  1.764661469706161E-12 22339
 167    3320.00    3340.00  1.139349031559062E-11  1.269423357201373E-12 21200
 168    3340.00    3360.00  1.077713928788221E-11  1.151804410666417E-12 20537
 169    3360.00    3380.00  1.038326421319342E-11  1.481956285364546E-12 19528
 170    3380.00    3400.00  1.140499874857695E-11  1.529156077255266E-12 18536
 171    3400.00    3420.00  7.992649675991670E-12  1.148382499919886E-12 17621
 172    3420.00    3440.00  7.802292744892519E-12  1.105547291284464E-12 16825
 173    3440.00    3460.00  5.169934276780036E-12  6.809679887288468E-13 16305
 174    3460.00    3480.00  6.839319188185237E-12  9.278341625053646E-13 15447
 175    3480.00    3500.00  5.463401155167664E-12  7.037946173388783E-13 14947
 176    3500.00    3520.00  4.262749167131564E-12  5.555683347886721E-13 14236
 177    3520.00    3540.00  3.871099747031812E-12  6.050531089818088E-13 13553
 178    3540.00    3560.00  4.011872656424938E-12  7.149829418889243E-13 13133
 179    3560.00    3580.00  3.419347928665492E-12  5.363952969789411E-13 12437
 180    3580.00    3600.00  3.702161148311088E-12  5.356717297541089E-13 11824
 181    3600.00    3620.00  3.679370663290065E-12  6.820901219303574E-13 11380
 182    3620.00    3640.00  2.206737666866483E-12  3.007821987074443E-13 10801
 183    3640.00    3660.00  1.895391930616904E-12  2.924133797017373E-13 10324
 184    3660.00    3680.00  2.002234127479902E-12  5.011509393917209E-13 9790
 185    3680.00    3700.00  1.482771623890858E-12  3.189905579351555E-13 9347
 186    3700.00    3720.00  1.823321896990348E-12  3.343925786992106E-13 8778
 187    3720.00    3740.00  1.093648306953951E-12  2.179946892980022E-13 8667
 188    3740.00    3760.00  9.117924515143893E-13  1.517695951717565E-13 8023
 189    3760.00    3780.00  8.998592551306638E-13  1.744277065357228E-13 7727
 190    3780.00    3800.00  5.135529532378226E-13  8.590995596017875E-14 7322
 191    3800.00    3820.00  8.280083502581042E-13  1.657438429038691E-13 6999
 192    3820.00    3840.00  3.122021996920352E-13  5.533278702907570E-14 6611
 193    3840.00    3860.00  3.991885086659924E-13  7.162159289644465E-14 6283
 194    3860.00    3880.00  4.151445118863241E-13  1.263008548123937E-13 6079
 195    3880.00    3900.00  3.580802414094634E-13  7.505869567832868E-14 5706
 196    3900.00    3920.00  2.767055348174675E-13  5.344850060056761E-14 5504
 197    3920.00    3940.00  2.248807169255131E-13  3.739014288920451E-14 5072
 198    3940.00    3960.00  1.350297307996266E-13  2.131014563168890E-14 4983
 199    3960.00    3980.00  2.394661743893355E-13  5.304478548092081E-14 4649
 200    3980.00    4000.00  3.700263029504533E-13  1.092093830438232E-13 4457
 201    4000.00    4020.00  3.317315998587748E-13  1.060081199936509E-13 4290
 202    4020.00    4040.00  1.402235771341465E-13  3.397071504887221E-14 4103
 203    4040.00    4060.00  1.549249426129302E-13  4.310386567294767E-14 3796
 204    4060.00    4080.00  1.132694973063235E-13  2.395608642306383E-14 3636
 205    4080.00    4100.00  1.934206066934043E-13  1.386757044514863E-13 3493
 206    4100.00    4120.00  9.850750849190336E-14  2.305774281316885E-14 3273
 207    4120.00    4140.00  8.698407456146010E-14  2.735277973310668E-14 3108
 208    4140.00    4160.00  5.173776749654639E-14  1.303830253200400E-14 2976
 209    4160.00    4180.00  7.344779800743853E-14  2.793854402175357E-14 2868
 210    4180.00    4200.00  2.977202355650925E-14  8.164206899606238E-15 2614
 211    4200.00    4220.00  4.325944379683979E-14  1.682707006339610E-14 2505
 212    4220.00    4240.00  5.259449244434016E-14  1.903576593633605E-14 2436
 213    4240.00    4260.00  2.890930859841562E-14  9.184025342517379E-15 2305
 214    4260.00    4280.00  2.776058116671471E-14  9.096688011082373E-15 2181
 215    4280.00    4300.00  2.289947394861991E-14  8.766468745458769E-15 2055
 216    4300.00    4320.00  3.509929917408593E-14  1.600012995992691E-14 2001
 217    4320.00    4340.00  2.264113940838201E-14  6.961034331658180E-15 1844
 218    4340.00    4360.00  1.083827580489608E-14  3.396124568377841E-15 1718
 219    4360.00    4380.00  1.482933084463760E-14  4.130429542489399E-15 1596
 220    4380.00    4400.00  5.052492174977907E-15  1.285598225950807E-15 1568
 221    4400.00    4420.00  1.452150259364170E-14  5.093810688731429E-15 1469
 222    4420.00    4440.00  4.501509311149486E-15  1.415628404913835E-15 1340
 223    4440.00    4460.00  5.067922079656040E-15  1.714138186492531E-15 1312
 224    4460.00    4480.00  7.327754353968828E-15  2.836219115150308E-15 1274
 225    4480.00    4500.00  1.358244387015936E-14  6.197305800939237E-15 1159
 226    4500.00    4520.00  5.686589764431921E-15  2.813876562358073E-15 1125
 227    4520.00    4540.00  1.837024033965463E-15  8.404146072306629E-16 1031
 228    4540.00    4560.00  2.619151329888770E-15  8.419161906563666E-16 961
 229    4560.00    4580.00  9.577689420062318E-16  3.411580205971834E-16 950
 230    4580.00    4600.00  8.461971049035836E-16  3.903257915173415E-16 934
 231    4600.00    4620.00  4.166840712890603E-15  2.138006888051778E-15 834
 232    4620.00    4640.00  7.767965521993960E-16  2.800807235306291E-16 760
 233    4640.00    4660.00  6.632612852954768E-16  1.839643351770978E-16 757
 234    4660.00    4680.00  1.765919444540578E-15  9.016058862683876E-16 686
 235    4680.00    4700.00  5.260630480168022E-16  2.433256535502305E-16 617
 236    4700.00    4720.00  8.478294939160136E-16  5.115876018954253E-16 555
 237    4720.00    4740.00  4.778601223591889E-16  2.749088040271147E-16 547
 238    4740.00    4760.00  6.263464470102205E-16  5.164171892149452E-16 541
 239    4760.00    4780.00  1.295874531552448E-15  8.341316705316049E-16 464
 240    4780.00    4800.00  4.964567747180997E-16  2.556252423267541E-16 472
 241    4800.00    4820.00  1.417446519519369E-16  8.615011948801867E-17 425
 242    4820.00    4840.00  3.322066733704005E-15  3.036315640212815E-15 367
 243    4840.00    4860.00  1.741511552081111E-16  1.583856989159665E-16 366
 244    4860.00    4880.00  4.812760556850522E-16  4.461134342374226E-16 342
 245    4880.00    4900.00  4.042152942862807E-16  3.846156338629308E-16 319
 246    4900.00    4920.00  7.172214000381809E-17  4.083152369042109E-17 308
 247    4920.00    4940.00  3.600962712472933E-17  1.798880091882433E-17 285
 248    4940.00    4960.00  3.678737870656533E-17  2.800008642491992E-17 263
 249    4960.00    4980.00 -2.465775935123236E-17  3.441505193643632E-17 251
 250    4980.00    5000.00  2.631904711556171E-18  2.041037289902817E-18 205
 251    5000.00    5020.00  8.673574599275505E-18  4.109100908166308E-18 200
 252    5020.00    5040.00  2.333146844785994E-17  1.349790885096804E-17 205
 253    5040.00    5060.00  2.445135895671241E-18  1.592685159932944E-18 187
 254    5060.00    5080.00  1.663809710345619E-17  1.256910944810653E-17 176
 255    5080.00    5100.00  9.046681930360752E-17  7.218981945985632E-17 175
 256    5100.00    5120.00  5.906444877032761E-17  3.769182036400440E-17 157
 257    5120.00    5140.00  1.323731263700213E-17  1.129065953811993E-17 141
 258    5140.00    5160.00  7.033764631642322E-18  4.411645526004515E-18 118
 259    5160.00    5180.00 -6.460211756797909E-19  9.077904806982753E-19 95
 260    5180.00    5200.00  2.464856113994575E-17  1.794926299297708E-17 94
 261    5200.00    5220.00  8.143810880442179E-20  6.235711986195664E-20 87
 262    5220.00    5240.00  9.635852981089091E-19  9.434766343870768E-19 90
 263    5240.00    5260.00  1.483473916218637E-18  2.466395975974672E-18 71
 264    5260.00    5280.00 -1.650518114161161E-18  2.376502321580800E-18 69
 265    5280.00    5300.00 -5.821058751152456E-21  1.004988696385799E-19 65
 266    5300.00    5320.00 -2.098980277335635E-19  1.473432189406452E-19 57
 267    5320.00    5340.00 -1.522104932787970E-19  1.527181414545295E-19 51
 268    5340.00    5360.00  3.971985815578786E-19  4.410552048077737E-19 50
 269    5360.00    5380.00  2.213098355681711E-18  2.236772990219738E-18 41
 270    5380.00    5400.00 -7.193879414076693E-20  8.934535944258099E-20 40
 271    5400.00    5420.00  1.882482413047710E-19  1.904920992897148E-19 31
 272    5420.00    5440.00  9.014047397659615E-21  1.221537240942469E-20 41
 273    5440.00    5460.00 -1.608088593880698E-19  1.338509066882538E-19 29
 274    5460.00    5480.00  3.910509880476452E-20  3.775155903517282E-20 20
 275    5480.00    5500.00 -1.850742041382907E-20  2.307912171549086E-20 18
 276    5500.00    5520.00  3.109991491284674E-21  1.333424979135956E-20 18
 277    5520.00    5540.00 -2.919385581374922E-21  1.639519464728699E-21 25
 278    5540.00    5560.00  4.815915903841998E-22  3.569687754588941E-22 15
 279    5560.00    5580.00 -3.888428918208873E-21  4.710450254953116E-21 9
 280    5580.00    5600.00 -9.658825834119164E-22  1.391147289025135E-21 9
 281    5600.00    5620.00  1.739475738382076E-23  1.612154102030800E-23 9
 282    5620.00    5640.00 -3.010334585655380E-22  3.907303464343121E-22 11
 283    5640.00    5660.00 -5.545345632454159E-22  3.541571492240037E-22 12
 284    5660.00    5680.00  2.821864377129258E-21  3.780691951563723E-21 6
 285    5680.00    5700.00  1.266199472950727E-20  1.271661429402960E-20 7
 286    5700.00    5720.00 -1.331414890178261E-22  1.335116509558499E-22 2
 287    5720.00    5740.00 -3.354551860859349E-24  6.300676487055916E-24 5
 288    5740.00    5760.00  2.281742360827391E-24  2.281742360625240E-24 1
 289    5760.00    5780.00  1.884872756952577E-23  1.505679375930663E-23 6
 290    5780.00    5800.00  8.589777573918338E-24  8.249272279997829E-24 4
 291    5800.00    5820.00  1.790694651310156E-22  1.273661588919542E-22 3
 292    5820.00    5840.00 -4.703783315255814E-24  4.703783314880579E-24 1
 293    5840.00    5860.00  0.000000000000000E+00  0.000000000000000E+00 0
 294    5860.00    5880.00  0.000000000000000E+00  0.000000000000000E+00 0
 295    5880.00    5900.00 -7.324549716149727E-25  5.341064213232276E-25 2
 296    5900.00    5920.00  0.000000000000000E+00  0.000000000000000E+00 0
 297    5920.00    5940.00  1.692684584951381E-24  1.692684584801418E-24 1
 298    5940.00    5960.00  0.000000000000000E+00  0.000000000000000E+00 0
 299    5960.00    5980.00  0.000000000000000E+00  0.000000000000000E+00 0
 300    5980.00    6000.00  0.000000000000000E+00  0.000000000000000E+00 0
 301    6000.00    6020.00 -2.283896404708198E-25  2.283896404475488E-25 1
 302    6020.00    6040.00  0.000000000000000E+00  0.000000000000000E+00 0
 303    6040.00    6060.00  0.000000000000000E+00  0.000000000000000E+00 0
 304    6060.00    6080.00  0.000000000000000E+00  0.000000000000000E+00 0
 305    6080.00    6100.00  0.000000000000000E+00  0.000000000000000E+00 0
 306    6100.00    6120.00 -3.268547547800044E-25  3.268547547490740E-25 1
 307    6120.00    6140.00  0.000000000000000E+00  0.000000000000000E+00 0
 308    6140.00    6160.00  0.000000000000000E+00  0.000000000000000E+00 0
 309    6160.00    6180.00  0.000000000000000E+00  0.000000000000000E+00 0
 310    6180.00    6200.00  0.000000000000000E+00  0.000000000000000E+00 0
 311    6200.00    6220.00  0.000000000000000E+00  0.000000000000000E+00 0
 312    6220.00    6240.00  0.000000000000000E+00  0.000000000000000E+00 0
 313    6240.00    6260.00  0.000000000000000E+00  0.000000000000000E+00 0
 314    6260.00    6280.00  0.000000000000000E+00  0.000000000000000E+00 0
 315    6280.00    6300.00  0.000000000000000E+00  0.000000000000000E+00 0
 316    6300.00    6320.00  0.000000000000000E+00  0.000000000000000E+00 0
 317    6320.00    6340.00  0.000000000000000E+00  0.000000000000000E+00 0
 318    6340.00    6360.00  0.000000000000000E+00  0.000000000000000E+00 0
 319    6360.00    6380.00  0.000000000000000E+00  0.000000000000000E+00 0
 320    6380.00    6400.00  0.000000000000000E+00  0.000000000000000E+00 0
 321    6400.00    6420.00  0.000000000000000E+00  0.000000000000000E+00 0
 322    6420.00    6440.00  0.000000000000000E+00  0.000000000000000E+00 0
 323    6440.00    6460.00  0.000000000000000E+00  0.000000000000000E+00 0
 324    6460.00    6480.00  0.000000000000000E+00  0.000000000000000E+00 0
 325    6480.00    6500.00  0.000000000000000E+00  0.000000000000000E+00 0
 326    6500.00    6520.00  0.000000000000000E+00  0.000000000000000E+00 0
 327    6520.00    6540.00  0.000000000000000E+00  0.000000000000000E+00 0
 328    6540.00    6560.00  0.000000000000000E+00  0.000000000000000E+00 0
 329    6560.00    6580.00  0.000000000000000E+00  0.000000000000000E+00 0
 330    6580.00    6600.00  0.000000000000000E+00  0.000000000000000E+00 0
 331    6600.00    6620.00  0.000000000000000E+00  0.000000000000000E+00 0
 332    6620.00    6640.00  0.000000000000000E+00  0.000000000000000E+00 0
 333    6640.00    6660.00  0.000000000000000E+00  0.000000000000000E+00 0
 334    6660.00    6680.00  0.000000000000000E+00  0.000000000000000E+00 0
 335    6680.00    6700.00  0.000000000000000E+00  0.000000000000000E+00 0
 336    6700.00    6720.00  0.000000000000000E+00  0.000000000000000E+00 0
 337    6720.00    6740.00  0.000000000000000E+00  0.000000000000000E+00 0
 338    6740.00    6760.00  0.000000000000000E+00  0.000000000000000E+00 0
 339    6760.00    6780.00  0.000000000000000E+00  0.000000000000000E+00 0
 340    6780.00    6800.00  0.000000000000000E+00  0.000000000000000E+00 0
 341    6800.00    6820.00  0.000000000000000E+00  0.000000000000000E+00 0
 342    6820.00    6840.00  0.000000000000000E+00  0.000000000000000E+00 0
 343    6840.00    6860.00  0.000000000000000E+00  0.000000000000000E+00 0
 344    6860.00    6880.00  0.000000000000000E+00  0.000000000000000E+00 0
 345    6880.00    6900.00  0.000000000000000E+00  0.000000000000000E+00 0
 346    6900.00    6920.00  0.000000000000000E+00  0.000000000000000E+00 0
 347    6920.00    6940.00  0.000000000000000E+00  0.000000000000000E+00 0
 348    6940.00    6960.00  0.000000000000000E+00  0.000000000000000E+00 0
 349    6960.00    6980.00  0.000000000000000E+00  0.000000000000000E+00 0
 350    6980.00    7000.00  0.000000000000000E+00  0.000000000000000E+00 0
 351    7000.00    7020.00  0.000000000000000E+00  0.000000000000000E+00 0
 352    7020.00    7040.00  0.000000000000000E+00  0.000000000000000E+00 0
 353    7040.00    7060.00  0.000000000000000E+00  0.000000000000000E+00 0
 354    7060.00    7080.00  0.000000000000000E+00  0.000000000000000E+00 0
 355    7080.00    7100.00  0.000000000000000E+00  0.000000000000000E+00 0
 356    7100.00    7120.00  0.000000000000000E+00  0.000000000000000E+00 0
 357    7120.00    7140.00  0.000000000000000E+00  0.000000000000000E+00 0
 358    7140.00    7160.00  0.000000000000000E+00  0.000000000000000E+00 0
 359    7160.00    7180.00  0.000000000000000E+00  0.000000000000000E+00 0
 360    7180.00    7200.00  0.000000000000000E+00  0.000000000000000E+00 0
 361    7200.00    7220.00  0.000000000000000E+00  0.000000000000000E+00 0
 362    7220.00    7240.00  0.000000000000000E+00  0.000000000000000E+00 0
 363    7240.00    7260.00  0.000000000000000E+00  0.000000000000000E+00 0
 364    7260.00    7280.00  0.000000000000000E+00  0.000000000000000E+00 0
 365    7280.00    7300.00  0.000000000000000E+00  0.000000000000000E+00 0
 366    7300.00    7320.00  0.000000000000000E+00  0.000000000000000E+00 0
 367    7320.00    7340.00  0.000000000000000E+00  0.000000000000000E+00 0
 368    7340.00    7360.00  0.000000000000000E+00  0.000000000000000E+00 0
 369    7360.00    7380.00  0.000000000000000E+00  0.000000000000000E+00 0
 370    7380.00    7400.00  0.000000000000000E+00  0.000000000000000E+00 0
 371    7400.00    7420.00  0.000000000000000E+00  0.000000000000000E+00 0
 372    7420.00    7440.00  0.000000000000000E+00  0.000000000000000E+00 0
 373    7440.00    7460.00  0.000000000000000E+00  0.000000000000000E+00 0
 374    7460.00    7480.00  0.000000000000000E+00  0.000000000000000E+00 0
 375    7480.00    7500.00  0.000000000000000E+00  0.000000000000000E+00 0
 376    7500.00    7520.00  0.000000000000000E+00  0.000000000000000E+00 0
 377    7520.00    7540.00  0.000000000000000E+00  0.000000000000000E+00 0
 378    7540.00    7560.00  0.000000000000000E+00  0.000000000000000E+00 0
 379    7560.00    7580.00  0.000000000000000E+00  0.000000000000000E+00 0
 380    7580.00    7600.00  0.000000000000000E+00  0.000000000000000E+00 0
 381    7600.00    7620.00  0.000000000000000E+00  0.000000000000000E+00 0
 382    7620.00    7640.00  0.000000000000000E+00  0.000000000000000E+00 0
 383    7640.00    7660.00  0.000000000000000E+00  0.000000000000000E+00 0
 384    7660.00    7680.00  0.000000000000000E+00  0.000000000000000E+00 0
 385    7680.00    7700.00  0.000000000000000E+00  0.000000000000000E+00 0
 386    7700.00    7720.00  0.000000000000000E+00  0.000000000000000E+00 0
 387    7720.00    7740.00  0.000000000000000E+00  0.000000000000000E+00 0
 388    7740.00    7760.00  0.000000000000000E+00  0.000000000000000E+00 0
 389    7760.00    7780.00  0.000000000000000E+00  0.000000000000000E+00 0
 390    7780.00    7800.00  0.000000000000000E+00  0.000000000000000E+00 0
 391    7800.00    7820.00  0.000000000000000E+00  0.000000000000000E+00 0
 392    7820.00    7840.00  0.000000000000000E+00  0.000000000000000E+00 0
 393    7840.00    7860.00  0.000000000000000E+00  0.000000000000000E+00 0
 394    7860.00    7880.00  0.000000000000000E+00  0.000000000000000E+00 0
 395    7880.00    7900.00  0.000000000000000E+00  0.000000000000000E+00 0
 396    7900.00    7920.00  0.000000000000000E+00  0.000000000000000E+00 0
 397    7920.00    7940.00  0.000000000000000E+00  0.000000000000000E+00 0
 398    7940.00    7960.00  0.000000000000000E+00  0.000000000000000E+00 0
 399    7960.00    7980.00  0.000000000000000E+00  0.000000000000000E+00 0
 400    7980.00    8000.00  0.000000000000000E+00  0.000000000000000E+00 0
 401    8000.00    8020.00  0.000000000000000E+00  0.000000000000000E+00 0
 402    8020.00    8040.00  0.000000000000000E+00  0.000000000000000E+00 0
 403    8040.00    8060.00  0.000000000000000E+00  0.000000000000000E+00 0
 404    8060.00    8080.00  0.000000000000000E+00  0.000000000000000E+00 0
 405    8080.00    8100.00  0.000000000000000E+00  0.000000000000000E+00 0
 406    8100.00    8120.00  0.000000000000000E+00  0.000000000000000E+00 0
 407    8120.00    8140.00  0.000000000000000E+00  0.000000000000000E+00 0
 408    8140.00    8160.00  0.000000000000000E+00  0.000000000000000E+00 0
 409    8160.00    8180.00  0.000000000000000E+00  0.000000000000000E+00 0
 410    8180.00    8200.00  0.000000000000000E+00  0.000000000000000E+00 0
 411    8200.00    8220.00  0.000000000000000E+00  0.000000000000000E+00 0
 412    8220.00    8240.00  0.000000000000000E+00  0.000000000000000E+00 0
 413    8240.00    8260.00  0.000000000000000E+00  0.000000000000000E+00 0
 414    8260.00    8280.00  0.000000000000000E+00  0.000000000000000E+00 0
 415    8280.00    8300.00  0.000000000000000E+00  0.000000000000000E+00 0
 416    8300.00    8320.00  0.000000000000000E+00  0.000000000000000E+00 0
 417    8320.00    8340.00  0.000000000000000E+00  0.000000000000000E+00 0
 418    8340.00    8360.00  0.000000000000000E+00  0.000000000000000E+00 0
 419    8360.00    8380.00  0.000000000000000E+00  0.000000000000000E+00 0
 420    8380.00    8400.00  0.000000000000000E+00  0.000000000000000E+00 0
 421    8400.00    8420.00  0.000000000000000E+00  0.000000000000000E+00 0
 422    8420.00    8440.00  0.000000000000000E+00  0.000000000000000E+00 0
 423    8440.00    8460.00  0.000000000000000E+00  0.000000000000000E+00 0
 424    8460.00    8480.00  0.000000000000000E+00  0.000000000000000E+00 0
 425    8480.00    8500.00  0.000000000000000E+00  0.000000000000000E+00 0
 426    8500.00    8520.00  0.000000000000000E+00  0.000000000000000E+00 0
 427    8520.00    8540.00  0.000000000000000E+00  0.000000000000000E+00 0
 428    8540.00    8560.00  0.000000000000000E+00  0.000000000000000E+00 0
 429    8560.00    8580.00  0.000000000000000E+00  0.000000000000000E+00 0
 430    8580.00    8600.00  0.000000000000000E+00  0.000000000000000E+00 0
 431    8600.00    8620.00  0.000000000000000E+00  0.000000000000000E+00 0
 432    8620.00    8640.00  0.000000000000000E+00  0.000000000000000E+00 0
 433    8640.00    8660.00  0.000000000000000E+00  0.000000000000000E+00 0
 434    8660.00    8680.00  0.000000000000000E+00  0.000000000000000E+00 0
 435    8680.00    8700.00  0.000000000000000E+00  0.000000000000000E+00 0
 436    8700.00    8720.00  0.000000000000000E+00  0.000000000000000E+00 0
 437    8720.00    8740.00  0.000000000000000E+00  0.000000000000000E+00 0
 438    8740.00    8760.00  0.000000000000000E+00  0.000000000000000E+00 0
 439    8760.00    8780.00  0.000000000000000E+00  0.000000000000000E+00 0
 440    8780.00    8800.00  0.000000000000000E+00  0.000000000000000E+00 0
 441    8800.00    8820.00  0.000000000000000E+00  0.000000000000000E+00 0
 442    8820.00    8840.00  0.000000000000000E+00  0.000000000000000E+00 0
 443    8840.00    8860.00  0.000000000000000E+00  0.000000000000000E+00 0
 444    8860.00    8880.00  0.000000000000000E+00  0.000000000000000E+00 0
 445    8880.00    8900.00  0.000000000000000E+00  0.000000000000000E+00 0
 446    8900.00    8920.00  0.000000000000000E+00  0.000000000000000E+00 0
 447    8920.00    8940.00  0.000000000000000E+00  0.000000000000000E+00 0
 448    8940.00    8960.00  0.000000000000000E+00  0.000000000000000E+00 0
 449    8960.00    8980.00  0.000000000000000E+00  0.000000000000000E+00 0
 450    8980.00    9000.00  0.000000000000000E+00  0.000000000000000E+00 0
 451    9000.00    9020.00  0.000000000000000E+00  0.000000000000000E+00 0
 452    9020.00    9040.00  0.000000000000000E+00  0.000000000000000E+00 0
 453    9040.00    9060.00  0.000000000000000E+00  0.000000000000000E+00 0
 454    9060.00    9080.00  0.000000000000000E+00  0.000000000000000E+00 0
 455    9080.00    9100.00  0.000000000000000E+00  0.000000000000000E+00 0
 456    9100.00    9120.00  0.000000000000000E+00  0.000000000000000E+00 0
 457    9120.00    9140.00  0.000000000000000E+00  0.000000000000000E+00 0
 458    9140.00    9160.00  0.000000000000000E+00  0.000000000000000E+00 0
 459    9160.00    9180.00  0.000000000000000E+00  0.000000000000000E+00 0
 460    9180.00    9200.00  0.000000000000000E+00  0.000000000000000E+00 0
 461    9200.00    9220.00  0.000000000000000E+00  0.000000000000000E+00 0
 462    9220.00    9240.00  0.000000000000000E+00  0.000000000000000E+00 0
 463    9240.00    9260.00  0.000000000000000E+00  0.000000000000000E+00 0
 464    9260.00    9280.00  0.000000000000000E+00  0.000000000000000E+00 0
 465    9280.00    9300.00  0.000000000000000E+00  0.000000000000000E+00 0
 466    9300.00    9320.00  0.000000000000000E+00  0.000000000000000E+00 0
 467    9320.00    9340.00  0.000000000000000E+00  0.000000000000000E+00 0
 468    9340.00    9360.00  0.000000000000000E+00  0.000000000000000E+00 0
 469    9360.00    9380.00  0.000000000000000E+00  0.000000000000000E+00 0
 470    9380.00    9400.00  0.000000000000000E+00  0.000000000000000E+00 0
 471    9400.00    9420.00  0.000000000000000E+00  0.000000000000000E+00 0
 472    9420.00    9440.00  0.000000000000000E+00  0.000000000000000E+00 0
 473    9440.00    9460.00  0.000000000000000E+00  0.000000000000000E+00 0
 474    9460.00    9480.00  0.000000000000000E+00  0.000000000000000E+00 0
 475    9480.00    9500.00  0.000000000000000E+00  0.000000000000000E+00 0
 476    9500.00    9520.00  0.000000000000000E+00  0.000000000000000E+00 0
 477    9520.00    9540.00  0.000000000000000E+00  0.000000000000000E+00 0
 478    9540.00    9560.00  0.000000000000000E+00  0.000000000000000E+00 0
 479    9560.00    9580.00  0.000000000000000E+00  0.000000000000000E+00 0
 480    9580.00    9600.00  0.000000000000000E+00  0.000000000000000E+00 0
 481    9600.00    9620.00  0.000000000000000E+00  0.000000000000000E+00 0
 482    9620.00    9640.00  0.000000000000000E+00  0.000000000000000E+00 0
 483    9640.00    9660.00  0.000000000000000E+00  0.000000000000000E+00 0
 484    9660.00    9680.00  0.000000000000000E+00  0.000000000000000E+00 0
 485    9680.00    9700.00  0.000000000000000E+00  0.000000000000000E+00 0
 486    9700.00    9720.00  0.000000000000000E+00  0.000000000000000E+00 0
 487    9720.00    9740.00  0.000000000000000E+00  0.000000000000000E+00 0
 488    9740.00    9760.00  0.000000000000000E+00  0.000000000000000E+00 0
 489    9760.00    9780.00  0.000000000000000E+00  0.000000000000000E+00 0
 490    9780.00    9800.00  0.000000000000000E+00  0.000000000000000E+00 0
 491    9800.00    9820.00  0.000000000000000E+00  0.000000000000000E+00 0
 492    9820.00    9840.00  0.000000000000000E+00  0.000000000000000E+00 0
 493    9840.00    9860.00  0.000000000000000E+00  0.000000000000000E+00 0
 494    9860.00    9880.00  0.000000000000000E+00  0.000000000000000E+00 0
 495    9880.00    9900.00  0.000000000000000E+00  0.000000000000000E+00 0
 496    9900.00    9920.00  0.000000000000000E+00  0.000000000000000E+00 0
 497    9920.00    9940.00  0.000000000000000E+00  0.000000000000000E+00 0
 498    9940.00    9960.00  0.000000000000000E+00  0.000000000000000E+00 0
 499    9960.00    9980.00  0.000000000000000E+00  0.000000000000000E+00 0
 500    9980.00   10000.00  0.000000000000000E+00  0.000000000000000E+00 0
 501   10000.00   10020.00  0.000000000000000E+00  0.000000000000000E+00 0
 502   10020.00   10040.00  0.000000000000000E+00  0.000000000000000E+00 0
 503   10040.00   10060.00  0.000000000000000E+00  0.000000000000000E+00 0
 504   10060.00   10080.00  0.000000000000000E+00  0.000000000000000E+00 0
 505   10080.00   10100.00  0.000000000000000E+00  0.000000000000000E+00 0
 506   10100.00   10120.00  0.000000000000000E+00  0.000000000000000E+00 0
 507   10120.00   10140.00  0.000000000000000E+00  0.000000000000000E+00 0
 508   10140.00   10160.00  0.000000000000000E+00  0.000000000000000E+00 0
 509   10160.00   10180.00  0.000000000000000E+00  0.000000000000000E+00 0
 510   10180.00   10200.00  0.000000000000000E+00  0.000000000000000E+00 0
 511   10200.00   10220.00  0.000000000000000E+00  0.000000000000000E+00 0
 512   10220.00   10240.00  0.000000000000000E+00  0.000000000000000E+00 0
 513   10240.00   10260.00  0.000000000000000E+00  0.000000000000000E+00 0
 514   10260.00   10280.00  0.000000000000000E+00  0.000000000000000E+00 0
 515   10280.00   10300.00  0.000000000000000E+00  0.000000000000000E+00 0
 516   10300.00   10320.00  0.000000000000000E+00  0.000000000000000E+00 0
 517   10320.00   10340.00  0.000000000000000E+00  0.000000000000000E+00 0
 518   10340.00   10360.00  0.000000000000000E+00  0.000000000000000E+00 0
 519   10360.00   10380.00  0.000000000000000E+00  0.000000000000000E+00 0
 520   10380.00   10400.00  0.000000000000000E+00  0.000000000000000E+00 0
 521   10400.00   10420.00  0.000000000000000E+00  0.000000000000000E+00 0
 522   10420.00   10440.00  0.000000000000000E+00  0.000000000000000E+00 0
 523   10440.00   10460.00  0.000000000000000E+00  0.000000000000000E+00 0
 524   10460.00   10480.00  0.000000000000000E+00  0.000000000000000E+00 0
 525   10480.00   10500.00  0.000000000000000E+00  0.000000000000000E+00 0
 526   10500.00   10520.00  0.000000000000000E+00  0.000000000000000E+00 0
 527   10520.00   10540.00  0.000000000000000E+00  0.000000000000000E+00 0
 528   10540.00   10560.00  0.000000000000000E+00  0.000000000000000E+00 0
 529   10560.00   10580.00  0.000000000000000E+00  0.000000000000000E+00 0
 530   10580.00   10600.00  0.000000000000000E+00  0.000000000000000E+00 0
 531   10600.00   10620.00  0.000000000000000E+00  0.000000000000000E+00 0
 532   10620.00   10640.00  0.000000000000000E+00  0.000000000000000E+00 0
 533   10640.00   10660.00  0.000000000000000E+00  0.000000000000000E+00 0
 534   10660.00   10680.00  0.000000000000000E+00  0.000000000000000E+00 0
 535   10680.00   10700.00  0.000000000000000E+00  0.000000000000000E+00 0
 536   10700.00   10720.00  0.000000000000000E+00  0.000000000000000E+00 0
 537   10720.00   10740.00  0.000000000000000E+00  0.000000000000000E+00 0
 538   10740.00   10760.00  0.000000000000000E+00  0.000000000000000E+00 0
 539   10760.00   10780.00  0.000000000000000E+00  0.000000000000000E+00 0
 540   10780.00   10800.00  0.000000000000000E+00  0.000000000000000E+00 0
 541   10800.00   10820.00  0.000000000000000E+00  0.000000000000000E+00 0
 542   10820.00   10840.00  0.000000000000000E+00  0.000000000000000E+00 0
 543   10840.00   10860.00  0.000000000000000E+00  0.000000000000000E+00 0
 544   10860.00   10880.00  0.000000000000000E+00  0.000000000000000E+00 0
 545   10880.00   10900.00  0.000000000000000E+00  0.000000000000000E+00 0
 546   10900.00   10920.00  0.000000000000000E+00  0.000000000000000E+00 0
 547   10920.00   10940.00  0.000000000000000E+00  0.000000000000000E+00 0
 548   10940.00   10960.00  0.000000000000000E+00  0.000000000000000E+00 0
 549   10960.00   10980.00  0.000000000000000E+00  0.000000000000000E+00 0
 550   10980.00   11000.00  0.000000000000000E+00  0.000000000000000E+00 0
 551   11000.00   11020.00  0.000000000000000E+00  0.000000000000000E+00 0
 552   11020.00   11040.00  0.000000000000000E+00  0.000000000000000E+00 0
 553   11040.00   11060.00  0.000000000000000E+00  0.000000000000000E+00 0
 554   11060.00   11080.00  0.000000000000000E+00  0.000000000000000E+00 0
 555   11080.00   11100.00  0.000000000000000E+00  0.000000000000000E+00 0
 556   11100.00   11120.00  0.000000000000000E+00  0.000000000000000E+00 0
 557   11120.00   11140.00  0.000000000000000E+00  0.000000000000000E+00 0
 558   11140.00   11160.00  0.000000000000000E+00  0.000000000000000E+00 0
 559   11160.00   11180.00  0.000000000000000E+00  0.000000000000000E+00 0
 560   11180.00   11200.00  0.000000000000000E+00  0.000000000000000E+00 0
 561   11200.00   11220.00  0.000000000000000E+00  0.000000000000000E+00 0
 562   11220.00   11240.00  0.000000000000000E+00  0.000000000000000E+00 0
 563   11240.00   11260.00  0.000000000000000E+00  0.000000000000000E+00 0
 564   11260.00   11280.00  0.000000000000000E+00  0.000000000000000E+00 0
 565   11280.00   11300.00  0.000000000000000E+00  0.000000000000000E+00 0
 566   11300.00   11320.00  0.000000000000000E+00  0.000000000000000E+00 0
 567   11320.00   11340.00  0.000000000000000E+00  0.000000000000000E+00 0
 568   11340.00   11360.00  0.000000000000000E+00  0.000000000000000E+00 0
 569   11360.00   11380.00  0.000000000000000E+00  0.000000000000000E+00 0
 570   11380.00   11400.00  0.000000000000000E+00  0.000000000000000E+00 0
 571   11400.00   11420.00  0.000000000000000E+00  0.000000000000000E+00 0
 572   11420.00   11440.00  0.000000000000000E+00  0.000000000000000E+00 0
 573   11440.00   11460.00  0.000000000000000E+00  0.000000000000000E+00 0
 574   11460.00   11480.00  0.000000000000000E+00  0.000000000000000E+00 0
 575   11480.00   11500.00  0.000000000000000E+00  0.000000000000000E+00 0
 576   11500.00   11520.00  0.000000000000000E+00  0.000000000000000E+00 0
 577   11520.00   11540.00  0.000000000000000E+00  0.000000000000000E+00 0
 578   11540.00   11560.00  0.000000000000000E+00  0.000000000000000E+00 0
 579   11560.00   11580.00  0.000000000000000E+00  0.000000000000000E+00 0
 580   11580.00   11600.00  0.000000000000000E+00  0.000000000000000E+00 0
 581   11600.00   11620.00  0.000000000000000E+00  0.000000000000000E+00 0
 582   11620.00   11640.00  0.000000000000000E+00  0.000000000000000E+00 0
 583   11640.00   11660.00  0.000000000000000E+00  0.000000000000000E+00 0
 584   11660.00   11680.00  0.000000000000000E+00  0.000000000000000E+00 0
 585   11680.00   11700.00  0.000000000000000E+00  0.000000000000000E+00 0
 586   11700.00   11720.00  0.000000000000000E+00  0.000000000000000E+00 0
 587   11720.00   11740.00  0.000000000000000E+00  0.000000000000000E+00 0
 588   11740.00   11760.00  0.000000000000000E+00  0.000000000000000E+00 0
 589   11760.00   11780.00  0.000000000000000E+00  0.000000000000000E+00 0
 590   11780.00   11800.00  0.000000000000000E+00  0.000000000000000E+00 0
 591   11800.00   11820.00  0.000000000000000E+00  0.000000000000000E+00 0
 592   11820.00   11840.00  0.000000000000000E+00  0.000000000000000E+00 0
 593   11840.00   11860.00  0.000000000000000E+00  0.000000000000000E+00 0
 594   11860.00   11880.00  0.000000000000000E+00  0.000000000000000E+00 0
 595   11880.00   11900.00  0.000000000000000E+00  0.000000000000000E+00 0
 596   11900.00   11920.00  0.000000000000000E+00  0.000000000000000E+00 0
 597   11920.00   11940.00  0.000000000000000E+00  0.000000000000000E+00 0
 598   11940.00   11960.00  0.000000000000000E+00  0.000000000000000E+00 0
 599   11960.00   11980.00  0.000000000000000E+00  0.000000000000000E+00 0
 600   11980.00   12000.00  0.000000000000000E+00  0.000000000000000E+00 0
 601   12000.00   12020.00  0.000000000000000E+00  0.000000000000000E+00 0
 602   12020.00   12040.00  0.000000000000000E+00  0.000000000000000E+00 0
 603   12040.00   12060.00  0.000000000000000E+00  0.000000000000000E+00 0
 604   12060.00   12080.00  0.000000000000000E+00  0.000000000000000E+00 0
 605   12080.00   12100.00  0.000000000000000E+00  0.000000000000000E+00 0
 606   12100.00   12120.00  0.000000000000000E+00  0.000000000000000E+00 0
 607   12120.00   12140.00  0.000000000000000E+00  0.000000000000000E+00 0
 608   12140.00   12160.00  0.000000000000000E+00  0.000000000000000E+00 0
 609   12160.00   12180.00  0.000000000000000E+00  0.000000000000000E+00 0
 610   12180.00   12200.00  0.000000000000000E+00  0.000000000000000E+00 0
 611   12200.00   12220.00  0.000000000000000E+00  0.000000000000000E+00 0
 612   12220.00   12240.00  0.000000000000000E+00  0.000000000000000E+00 0
 613   12240.00   12260.00  0.000000000000000E+00  0.000000000000000E+00 0
 614   12260.00   12280.00  0.000000000000000E+00  0.000000000000000E+00 0
 615   12280.00   12300.00  0.000000000000000E+00  0.000000000000000E+00 0
 616   12300.00   12320.00  0.000000000000000E+00  0.000000000000000E+00 0
 617   12320.00   12340.00  0.000000000000000E+00  0.000000000000000E+00 0
 618   12340.00   12360.00  0.000000000000000E+00  0.000000000000000E+00 0
 619   12360.00   12380.00  0.000000000000000E+00  0.000000000000000E+00 0
 620   12380.00   12400.00  0.000000000000000E+00  0.000000000000000E+00 0
 621   12400.00   12420.00  0.000000000000000E+00  0.000000000000000E+00 0
 622   12420.00   12440.00  0.000000000000000E+00  0.000000000000000E+00 0
 623   12440.00   12460.00  0.000000000000000E+00  0.000000000000000E+00 0
 624   12460.00   12480.00  0.000000000000000E+00  0.000000000000000E+00 0
 625   12480.00   12500.00  0.000000000000000E+00  0.000000000000000E+00 0
 626   12500.00   12520.00  0.000000000000000E+00  0.000000000000000E+00 0
 627   12520.00   12540.00  0.000000000000000E+00  0.000000000000000E+00 0
 628   12540.00   12560.00  0.000000000000000E+00  0.000000000000000E+00 0
 629   12560.00   12580.00  0.000000000000000E+00  0.000000000000000E+00 0
 630   12580.00   12600.00  0.000000000000000E+00  0.000000000000000E+00 0
 631   12600.00   12620.00  0.000000000000000E+00  0.000000000000000E+00 0
 632   12620.00   12640.00  0.000000000000000E+00  0.000000000000000E+00 0
 633   12640.00   12660.00  0.000000000000000E+00  0.000000000000000E+00 0
 634   12660.00   12680.00  0.000000000000000E+00  0.000000000000000E+00 0
 635   12680.00   12700.00  0.000000000000000E+00  0.000000000000000E+00 0
 636   12700.00   12720.00  0.000000000000000E+00  0.000000000000000E+00 0
 637   12720.00   12740.00  0.000000000000000E+00  0.000000000000000E+00 0
 638   12740.00   12760.00  0.000000000000000E+00  0.000000000000000E+00 0
 639   12760.00   12780.00  0.000000000000000E+00  0.000000000000000E+00 0
 640   12780.00   12800.00  0.000000000000000E+00  0.000000000000000E+00 0
 641   12800.00   12820.00  0.000000000000000E+00  0.000000000000000E+00 0
 642   12820.00   12840.00  0.000000000000000E+00  0.000000000000000E+00 0
 643   12840.00   12860.00  0.000000000000000E+00  0.000000000000000E+00 0
 644   12860.00   12880.00  0.000000000000000E+00  0.000000000000000E+00 0
 645   12880.00   12900.00  0.000000000000000E+00  0.000000000000000E+00 0
 646   12900.00   12920.00  0.000000000000000E+00  0.000000000000000E+00 0
 647   12920.00   12940.00  0.000000000000000E+00  0.000000000000000E+00 0
 648   12940.00   12960.00  0.000000000000000E+00  0.000000000000000E+00 0
 649   12960.00   12980.00  0.000000000000000E+00  0.000000000000000E+00 0
 650   12980.00   13000.00  0.000000000000000E+00  0.000000000000000E+00 0
# Underflow:                 0.0000000000000000E+00  0.0000000000000000E+00 0
# Overflow:                  0.0000000000000000E+00  0.0000000000000000E+00 0
#-------------------------------------------------------------------------------------
# Sum:                       4.4797116669081434E-02  7.4820628304894147E-06 467479000
#=====================================================================================
