# title = Transverse Momentum anti--Muon-Positron
# xlabel = $p_{\text{T},\mu^+\text{e}^+}\,$[GeV]
# ylabel = $\frac{\text{d}\sigma}{\text{d}p_{\text{T},\mu^+\text{e}^+}}\,\left[\frac{\text{fb}}{\text{GeV}}\right]$
# xmin=  0.000E+00
# xmax=  8.000E+02
# ymin=  1.000E-06
# ymax=  1.000E-02
# kmin= -5.000E+01
# kmax=  1.000E+01
# logscale = true
# Renormalization and factorization scale scaled by: 1.0000000000
# Renormalization scaled by: 1.0000000000
# Number of generated events: 5283716945
#
#=====================================================================================
# No.       Left      Right                   Value                   Error Hits
#-------------------------------------------------------------------------------------
   1       0.00      20.00  3.386650437198875E-03  1.900694097952994E-06 134926616
   2      20.00      40.00  8.276685770606541E-03  2.927769087446098E-06 333706993
   3      40.00      60.00  1.204906907055575E-02  3.462653708574465E-06 516544196
   4      60.00      80.00  1.257346297690299E-02  3.405359096544259E-06 571477150
   5      80.00     100.00  1.046841943935109E-02  2.983903666151822E-06 482121721
   6     100.00     120.00  7.884582665932012E-03  2.479266527525506E-06 394231150
   7     120.00     140.00  5.722604129407986E-03  2.044962690605767E-06 325890759
   8     140.00     160.00  4.113271962884169E-03  1.658265228512857E-06 272483422
   9     160.00     180.00  2.980273757606445E-03  1.351756822090329E-06 230299586
  10     180.00     200.00  2.182085575089867E-03  1.107248697273827E-06 196425500
  11     200.00     220.00  1.623084775439012E-03  9.187997122384281E-07 168951128
  12     220.00     240.00  1.216867180011962E-03  7.588588278228147E-07 146292272
  13     240.00     260.00  9.212563005000503E-04  6.269649556591862E-07 127450489
  14     260.00     280.00  7.040263268783748E-04  5.272464335010260E-07 111652110
  15     280.00     300.00  5.420015640576737E-04  4.516696866507695E-07 98327433
  16     300.00     320.00  4.211605974520795E-04  3.823585702086554E-07 87028142
  17     320.00     340.00  3.288301984334901E-04  3.189852791482603E-07 77361724
  18     340.00     360.00  2.589779680625604E-04  2.688025741813033E-07 69059804
  19     360.00     380.00  2.047009834617665E-04  2.309623087397586E-07 61886332
  20     380.00     400.00  1.633041103576805E-04  2.020426866666089E-07 55655341
  21     400.00     420.00  1.304238106917248E-04  1.757456290333795E-07 50186649
  22     420.00     440.00  1.046142316151530E-04  1.473864463137338E-07 45416061
  23     440.00     460.00  8.462643869834034E-05  1.305813672989778E-07 41206690
  24     460.00     480.00  6.858355377880931E-05  1.113311732764083E-07 37482847
  25     480.00     500.00  5.593396642692105E-05  9.532165359782632E-08 34184087
  26     500.00     520.00  4.574730053796855E-05  8.358809118974597E-08 31221859
  27     520.00     540.00  3.751987433216172E-05  7.109200522142077E-08 28605840
  28     540.00     560.00  3.090644855857478E-05  6.292560774260442E-08 26247084
  29     560.00     580.00  2.551634237303024E-05  5.809759004273135E-08 24126138
  30     580.00     600.00  2.110098497810196E-05  5.187083002213338E-08 22210208
  31     600.00     620.00  1.752295634409519E-05  4.239574168294421E-08 20489428
  32     620.00     640.00  1.470138640399063E-05  3.886812307903618E-08 18913782
  33     640.00     660.00  1.220378392260541E-05  3.221264140473096E-08 17510747
  34     660.00     680.00  1.026885765387967E-05  2.867663124431194E-08 16206376
  35     680.00     700.00  8.592622147184006E-06  2.562966297234035E-08 15042846
  36     700.00     720.00  7.239574427652557E-06  2.539655166877602E-08 13966790
  37     720.00     740.00  6.090698010629679E-06  2.309260193624917E-08 12982247
  38     740.00     760.00  5.184281914139057E-06  1.766716058474095E-08 12092182
  39     760.00     780.00  4.373221285904885E-06  1.523285730511932E-08 11256657
  40     780.00     800.00  3.676413836198696E-06  1.357872856852908E-08 10501170
  41     800.00     820.00  3.171715979641498E-06  1.253193582123660E-08 9806906
  42     820.00     840.00  2.690092600443328E-06  1.089465684756467E-08 9157866
  43     840.00     860.00  2.305276633847717E-06  1.017540118162427E-08 8567574
  44     860.00     880.00  1.949306216138269E-06  9.290161396843490E-09 8028494
  45     880.00     900.00  1.687624530581679E-06  8.838781530704996E-09 7519885
  46     900.00     920.00  1.445281840655912E-06  7.577375834581860E-09 7054050
  47     920.00     940.00  1.234751754901073E-06  6.307265522120175E-09 6617608
  48     940.00     960.00  1.061732844438988E-06  6.239742644058243E-09 6214788
  49     960.00     980.00  9.110269606389859E-07  4.946788060853126E-09 5836940
  50     980.00    1000.00  7.810453551420211E-07  4.463594095108061E-09 5492292
  51    1000.00    1020.00  6.806683684161020E-07  4.533026030694772E-09 5167544
  52    1020.00    1040.00  5.868395536134114E-07  3.501218364663272E-09 4864074
  53    1040.00    1060.00  5.070580067742619E-07  3.193974156988325E-09 4583389
  54    1060.00    1080.00  4.407885476863104E-07  3.471969720039329E-09 4319438
  55    1080.00    1100.00  3.797642570543818E-07  2.632448044960560E-09 4074262
  56    1100.00    1120.00  3.325044878342852E-07  2.695560446928485E-09 3847736
  57    1120.00    1140.00  2.869413186208543E-07  2.376361044872439E-09 3629638
  58    1140.00    1160.00  2.497831073381425E-07  1.962612647592589E-09 3433284
  59    1160.00    1180.00  2.188310003554161E-07  1.863355175543416E-09 3244824
  60    1180.00    1200.00  1.855979843724229E-07  1.590245257067248E-09 3067075
  61    1200.00    1220.00  1.642912490536625E-07  1.530464955146158E-09 2898967
  62    1220.00    1240.00  1.417232248422626E-07  1.315937558167262E-09 2747095
  63    1240.00    1260.00  1.239796282304335E-07  1.132454555965301E-09 2604082
  64    1260.00    1280.00  1.088199226685978E-07  1.117336295907831E-09 2465582
  65    1280.00    1300.00  9.522528369618820E-08  9.400404543363100E-10 2335762
  66    1300.00    1320.00  8.451888435852442E-08  9.633263009226979E-10 2212215
  67    1320.00    1340.00  7.059135006584396E-08  7.076823888906305E-10 2098932
  68    1340.00    1360.00  6.251402616790463E-08  6.376800181262734E-10 1990951
  69    1360.00    1380.00  5.531487256701852E-08  6.336114333955616E-10 1886877
  70    1380.00    1400.00  4.948290811410965E-08  7.199790271855725E-10 1794627
  71    1400.00    1420.00  4.267271469830661E-08  5.112460934757382E-10 1704885
  72    1420.00    1440.00  3.638842078659408E-08  4.417850322706678E-10 1618058
  73    1440.00    1460.00  3.253228395932575E-08  3.872249441771970E-10 1535847
  74    1460.00    1480.00  2.841199774282814E-08  4.027931885538997E-10 1461565
  75    1480.00    1500.00  2.524072701816803E-08  3.137257436500673E-10 1388342
  76    1500.00    1520.00  2.247590863812047E-08  3.446570671335155E-10 1321059
  77    1520.00    1540.00  1.975858883821329E-08  2.864856574020426E-10 1257622
  78    1540.00    1560.00  1.717360222300325E-08  2.440738825591200E-10 1196827
  79    1560.00    1580.00  1.516317316678776E-08  3.211013390366139E-10 1137853
  80    1580.00    1600.00  1.318655343087889E-08  2.225356753855446E-10 1083623
  81    1600.00    1620.00  1.200666388985503E-08  2.612625120765773E-10 1032898
  82    1620.00    1640.00  1.029772389595770E-08  1.906712487274000E-10 983214
  83    1640.00    1660.00  9.052943890440762E-09  1.567687232722195E-10 937220
  84    1660.00    1680.00  7.831364502432925E-09  1.286889710674652E-10 891647
  85    1680.00    1700.00  7.557958496716080E-09  3.389220562475766E-10 849901
  86    1700.00    1720.00  6.136726309510494E-09  1.379061519507098E-10 811169
  87    1720.00    1740.00  5.409649427448990E-09  9.304797271414665E-11 773270
  88    1740.00    1760.00  4.877067869177798E-09  9.162558533557530E-11 737431
  89    1760.00    1780.00  4.350827725144688E-09  1.176487712699534E-10 704569
  90    1780.00    1800.00  3.724661590857853E-09  8.123432844586009E-11 670258
  91    1800.00    1820.00  3.374820766646795E-09  7.574472259053495E-11 640235
  92    1820.00    1840.00  2.874524137612107E-09  6.982397870278794E-11 611047
  93    1840.00    1860.00  2.590338093189784E-09  5.365802639481057E-11 582403
  94    1860.00    1880.00  2.284203794804973E-09  5.814343893079723E-11 556049
  95    1880.00    1900.00  1.952233429033635E-09  4.413213916320218E-11 529220
  96    1900.00    1920.00  1.886128424803878E-09  8.160338763574625E-11 506903
  97    1920.00    1940.00  1.525430753547101E-09  3.421493969855657E-11 484032
  98    1940.00    1960.00  1.417428876519346E-09  3.623468717637354E-11 461154
  99    1960.00    1980.00  1.254376609513812E-09  3.307945488081539E-11 441857
 100    1980.00    2000.00  1.100436874831256E-09  3.080602094012431E-11 421527
 101    2000.00    2020.00  9.733845811359859E-10  3.461836135826817E-11 403360
 102    2020.00    2040.00  8.609173688792575E-10  2.268158683818452E-11 385499
 103    2040.00    2060.00  8.478072056237623E-10  3.120470951598747E-11 367566
 104    2060.00    2080.00  6.939884623297164E-10  1.971296237594187E-11 351668
 105    2080.00    2100.00  5.825352177446050E-10  1.690879740084623E-11 335818
 106    2100.00    2120.00  5.283822439695073E-10  1.693192791091571E-11 321966
 107    2120.00    2140.00  4.704884550774651E-10  1.849161470598262E-11 308467
 108    2140.00    2160.00  4.088633257172657E-10  1.447840328251689E-11 293568
 109    2160.00    2180.00  3.807327272339995E-10  1.180347719568336E-11 281204
 110    2180.00    2200.00  3.294417049506181E-10  1.090468314015976E-11 268956
 111    2200.00    2220.00  2.892781774299871E-10  9.676975587415666E-12 256490
 112    2220.00    2240.00  2.579623136108163E-10  1.013402010493490E-11 245097
 113    2240.00    2260.00  2.384508908580500E-10  7.906778173764118E-12 234434
 114    2260.00    2280.00  2.025018018297445E-10  6.810164092479883E-12 225513
 115    2280.00    2300.00  1.710037819013905E-10  7.672626171912821E-12 215308
 116    2300.00    2320.00  1.715230283525038E-10  8.806559156992960E-12 205716
 117    2320.00    2340.00  1.439527979855336E-10  5.784956609589072E-12 196523
 118    2340.00    2360.00  1.233727795638527E-10  4.968294637896160E-12 187872
 119    2360.00    2380.00  1.163624535598830E-10  6.172296287402878E-12 179570
 120    2380.00    2400.00  9.792465920000771E-11  3.765845065596264E-12 172115
 121    2400.00    2420.00  8.827854989564496E-11  3.649699641258394E-12 164914
 122    2420.00    2440.00  8.232737404597322E-11  4.078397018672092E-12 157422
 123    2440.00    2460.00  7.084725198177316E-11  3.032828324416828E-12 151054
 124    2460.00    2480.00  6.853332168537719E-11  3.298185312871163E-12 144432
 125    2480.00    2500.00  5.132514520330241E-11  2.239624969715987E-12 137373
 126    2500.00    2520.00  4.759816039180257E-11  2.230627212278652E-12 131960
 127    2520.00    2540.00  4.685755898254014E-11  2.704054541951816E-12 127341
 128    2540.00    2560.00  3.576268467820591E-11  2.065644663760126E-12 121296
 129    2560.00    2580.00  3.402608006117017E-11  1.570998521532271E-12 116431
 130    2580.00    2600.00  2.831197667821838E-11  1.540068917584868E-12 111376
 131    2600.00    2620.00  2.744045955151068E-11  1.396784909915042E-12 106229
 132    2620.00    2640.00  2.348495105514215E-11  1.200018103498010E-12 102501
 133    2640.00    2660.00  2.495252866104764E-11  1.259204704873563E-12 97425
 134    2660.00    2680.00  2.028066233463884E-11  1.265837933934627E-12 93647
 135    2680.00    2700.00  1.745031210555925E-11  9.674905810875399E-13 89784
 136    2700.00    2720.00  1.459043101254199E-11  8.343541479205918E-13 85723
 137    2720.00    2740.00  1.352316961517534E-11  7.593606310240947E-13 82055
 138    2740.00    2760.00  1.268135273441215E-11  1.611415485078945E-12 78602
 139    2760.00    2780.00  9.267638393028974E-12  5.183686333098392E-13 74953
 140    2780.00    2800.00  1.025204926139494E-11  8.802983822323938E-13 71317
 141    2800.00    2820.00  7.656852728650388E-12  4.579656244480754E-13 68564
 142    2820.00    2840.00  7.169068291006744E-12  4.459061737671846E-13 65678
 143    2840.00    2860.00  6.066489447613031E-12  4.708277543988961E-13 63389
 144    2860.00    2880.00  5.976818120740353E-12  4.551041972185090E-13 60431
 145    2880.00    2900.00  5.379383739257788E-12  3.324819698754511E-13 57720
 146    2900.00    2920.00  4.421488558202234E-12  2.670630911350566E-13 55671
 147    2920.00    2940.00  4.319456941812904E-12  2.861601728729529E-13 52828
 148    2940.00    2960.00  3.918690532454584E-12  4.213225218235807E-13 50688
 149    2960.00    2980.00  2.879565729495311E-12  2.230417189950403E-13 48364
 150    2980.00    3000.00  3.068036305790983E-12  2.684481299504395E-13 46536
 151    3000.00    3020.00  2.808033327541239E-12  2.157177440065942E-13 44270
 152    3020.00    3040.00  2.809752986900623E-12  2.429219107406309E-13 42561
 153    3040.00    3060.00  1.990770584402111E-12  1.732179004515503E-13 40454
 154    3060.00    3080.00  1.913971403803726E-12  1.372618371758298E-13 38747
 155    3080.00    3100.00  1.755930717054145E-12  1.440757572767753E-13 37249
 156    3100.00    3120.00  1.516350154908467E-12  1.087951583032985E-13 35393
 157    3120.00    3140.00  1.187305579128192E-12  1.032132842247877E-13 33864
 158    3140.00    3160.00  1.044360161775562E-12  7.875331013981693E-14 32543
 159    3160.00    3180.00  1.071820368076139E-12  1.184119412919860E-13 30807
 160    3180.00    3200.00  9.588721642529463E-13  9.631085504469764E-14 30140
 161    3200.00    3220.00  9.506590264884343E-13  7.609626873982452E-14 28489
 162    3220.00    3240.00  7.017450122182470E-13  7.640302840330547E-14 27267
 163    3240.00    3260.00  6.443756324138362E-13  4.745790479860103E-14 26169
 164    3260.00    3280.00  6.740031735661290E-13  5.938832981351598E-14 24846
 165    3280.00    3300.00  4.978806739303335E-13  4.743716022407863E-14 23447
 166    3300.00    3320.00  5.839542371147210E-13  5.217067520978705E-14 22797
 167    3320.00    3340.00  4.911331019718972E-13  5.027092795621067E-14 21912
 168    3340.00    3360.00  3.612970728448795E-13  3.985245328396473E-14 20658
 169    3360.00    3380.00  3.598563082675378E-13  3.588265465620591E-14 19816
 170    3380.00    3400.00  3.113452491960527E-13  3.369608251872416E-14 18855
 171    3400.00    3420.00  2.361735221492929E-13  2.517592290531555E-14 18062
 172    3420.00    3440.00  2.552773017993545E-13  3.071353386448231E-14 17409
 173    3440.00    3460.00  2.116906719123928E-13  2.600457776249694E-14 16388
 174    3460.00    3480.00  2.092463424553385E-13  2.281830347795810E-14 15876
 175    3480.00    3500.00  1.594176636480280E-13  1.763341823131726E-14 15195
 176    3500.00    3520.00  1.718950788072621E-13  2.065682146247782E-14 14344
 177    3520.00    3540.00  1.550275423563424E-13  1.493135328469143E-14 13777
 178    3540.00    3560.00  1.055589614434768E-13  1.163590418008594E-14 13047
 179    3560.00    3580.00  1.117399326181569E-13  1.249768851045352E-14 12529
 180    3580.00    3600.00  8.496422675098383E-14  1.239948950576711E-14 12055
 181    3600.00    3620.00  7.870535449898584E-14  9.395157073095355E-15 11458
 182    3620.00    3640.00  6.703614844427747E-14  1.050952152461252E-14 10906
 183    3640.00    3660.00  5.914951356124410E-14  6.606689015059903E-15 10621
 184    3660.00    3680.00  6.589882029479013E-14  7.501089858313111E-15 10101
 185    3680.00    3700.00  5.644945924197559E-14  6.375389546196635E-15 9384
 186    3700.00    3720.00  5.651831180858193E-14  8.828578554120268E-15 9143
 187    3720.00    3740.00  4.430259397143262E-14  8.875513046791087E-15 8545
 188    3740.00    3760.00  4.127920548633575E-14  8.080302613993554E-15 8202
 189    3760.00    3780.00  3.984021480307859E-14  4.871351120112026E-15 7773
 190    3780.00    3800.00  2.731140793817297E-14  5.200921096450781E-15 7370
 191    3800.00    3820.00  2.404572786656329E-14  4.224414431681692E-15 6966
 192    3820.00    3840.00  2.517419713852969E-14  6.337109922398506E-15 6693
 193    3840.00    3860.00  2.598807665361514E-14  4.144601090089039E-15 6418
 194    3860.00    3880.00  2.616800340858686E-14  6.927678249130394E-15 6151
 195    3880.00    3900.00  1.091553731573267E-14  1.918602371788345E-15 5839
 196    3900.00    3920.00  1.539546542591830E-14  2.895044521117974E-15 5619
 197    3920.00    3940.00  1.759978671744504E-14  5.528508437237276E-15 5360
 198    3940.00    3960.00  1.914546905231485E-14  4.466417693225143E-15 5036
 199    3960.00    3980.00  1.091404719635721E-14  1.922840439235398E-15 4893
 200    3980.00    4000.00  1.148207552487857E-14  2.535709585653978E-15 4674
 201    4000.00    4020.00  5.830746719370360E-15  1.227538800407968E-15 4346
 202    4020.00    4040.00  7.595154149321490E-15  1.190365844595540E-15 4183
 203    4040.00    4060.00  6.222742873664741E-15  1.626444863289447E-15 3915
 204    4060.00    4080.00  7.594443803930907E-15  1.840582539436986E-15 3790
 205    4080.00    4100.00  6.176921883052124E-15  1.104553418355998E-15 3483
 206    4100.00    4120.00  3.613466265160767E-15  1.144535937318229E-15 3328
 207    4120.00    4140.00  3.424126528868513E-15  6.611545204468248E-16 3276
 208    4140.00    4160.00  3.797152878384396E-15  9.235934202685565E-16 3092
 209    4160.00    4180.00  2.577988571789423E-15  7.340271158979311E-16 2895
 210    4180.00    4200.00  2.339262738056426E-15  4.003622904365967E-16 2782
 211    4200.00    4220.00  1.844553775507467E-15  5.219731168107504E-16 2618
 212    4220.00    4240.00  2.397695583098181E-15  7.151621520374463E-16 2412
 213    4240.00    4260.00  1.156264137761188E-15  2.439757798742186E-16 2336
 214    4260.00    4280.00  2.739694131961419E-15  8.417573374387529E-16 2226
 215    4280.00    4300.00  1.987449528066675E-15  4.185975231589528E-16 2060
 216    4300.00    4320.00  1.309048078494130E-15  3.059348375256343E-16 2040
 217    4320.00    4340.00  1.957163855034927E-15  5.519150763807811E-16 1879
 218    4340.00    4360.00  1.777747059416751E-15  4.752881960673660E-16 1711
 219    4360.00    4380.00  1.444592474494454E-15  4.657800970034255E-16 1697
 220    4380.00    4400.00  1.013360624842026E-15  4.113296081246494E-16 1618
 221    4400.00    4420.00  1.475665162929762E-15  7.473791834409803E-16 1457
 222    4420.00    4440.00  5.895123524953286E-16  2.142290942570417E-16 1448
 223    4440.00    4460.00  5.484718285490814E-16  2.040645205780550E-16 1301
 224    4460.00    4480.00  5.608335578571625E-16  2.476708397328652E-16 1240
 225    4480.00    4500.00  2.488957399689132E-16  1.484456638188849E-16 1234
 226    4500.00    4520.00  4.690716288365871E-16  1.853638483747074E-16 1130
 227    4520.00    4540.00  4.269715182996127E-16  2.100630150380229E-16 1048
 228    4540.00    4560.00  1.689204460358096E-16  8.538022049302138E-17 998
 229    4560.00    4580.00  5.607362696165922E-16  2.549743908698688E-16 978
 230    4580.00    4600.00  1.994334974601527E-16  6.555988325572820E-17 927
 231    4600.00    4620.00  2.531613415566610E-16  9.596590824476942E-17 916
 232    4620.00    4640.00  8.586472444452515E-17  3.486835088950172E-17 827
 233    4640.00    4660.00 -6.607635181202429E-16  7.784153570161451E-16 683
 234    4660.00    4680.00  9.490485791544976E-17  3.014325188519161E-17 709
 235    4680.00    4700.00  8.268356176760680E-17  4.536184395902788E-17 644
 236    4700.00    4720.00  1.677713484300771E-16  8.481311791636468E-17 606
 237    4720.00    4740.00  1.500992417146821E-16  8.224436943861608E-17 554
 238    4740.00    4760.00  1.660130893161190E-16  1.161333858649511E-16 525
 239    4760.00    4780.00  2.787903296831200E-17  1.446921000690482E-17 484
 240    4780.00    4800.00  4.351612294037017E-17  3.581260874053898E-17 462
 241    4800.00    4820.00  4.274914188185205E-17  2.368651245608441E-17 453
 242    4820.00    4840.00  1.524010657796578E-17  1.210281783250542E-17 399
 243    4840.00    4860.00  7.388445277710400E-17  3.279627256339650E-17 338
 244    4860.00    4880.00  8.810709525268094E-18  1.013813830366149E-17 374
 245    4880.00    4900.00  1.866297990140992E-17  1.611420219113747E-17 334
 246    4900.00    4920.00  2.352351312228979E-17  1.123813858684855E-17 301
 247    4920.00    4940.00  7.359720671063055E-18  2.522428009892926E-17 268
 248    4940.00    4960.00  1.607963092140767E-17  8.782947262463819E-18 265
 249    4960.00    4980.00  9.335315312311154E-18  5.568922881628570E-18 196
 250    4980.00    5000.00 -1.989467093493505E-18  1.735090952822220E-17 239
 251    5000.00    5020.00  2.574537398580375E-18  1.175114643536411E-17 199
 252    5020.00    5040.00  5.488025211625145E-18  3.728465556479141E-18 189
 253    5040.00    5060.00  1.092296269699938E-17  7.857757884994604E-18 172
 254    5060.00    5080.00  2.557063983472524E-18  3.102223630790574E-18 186
 255    5080.00    5100.00  3.926883938947835E-18  5.413883623283007E-18 153
 256    5100.00    5120.00  6.387181397305060E-18  7.193773637800119E-18 151
 257    5120.00    5140.00  5.225924435628261E-18  4.958537312915584E-18 136
 258    5140.00    5160.00  5.757520122928785E-18  6.411185088830207E-18 112
 259    5160.00    5180.00 -9.172835654366803E-19  1.408283543654445E-18 108
 260    5180.00    5200.00 -1.476166347928512E-19  1.863745300988433E-18 95
 261    5200.00    5220.00  3.485072382024952E-18  2.754201327359792E-18 87
 262    5220.00    5240.00  9.176998237737617E-19  5.153162392840154E-19 81
 263    5240.00    5260.00 -1.474617151804679E-18  1.209539528792332E-17 83
 264    5260.00    5280.00  5.576327770654962E-19  8.066070886413513E-19 63
 265    5280.00    5300.00 -4.745175582308438E-19  1.108393501467307E-18 66
 266    5300.00    5320.00 -1.084081876121063E-18  7.505131655144279E-19 55
 267    5320.00    5340.00 -6.186289416026068E-19  2.926304277779783E-19 49
 268    5340.00    5360.00 -1.430310404721837E-19  1.733643235278112E-19 52
 269    5360.00    5380.00  2.468352733607636E-20  1.848608177339168E-20 40
 270    5380.00    5400.00 -1.167925612245535E-19  1.111540241345630E-19 40
 271    5400.00    5420.00  2.694269362184176E-19  2.086924201514689E-19 32
 272    5420.00    5440.00  3.079696216118210E-19  2.875855852401590E-19 35
 273    5440.00    5460.00 -1.289708895397601E-20  1.987430534361358E-19 37
 274    5460.00    5480.00 -7.178021215784995E-20  1.216436961074241E-19 41
 275    5480.00    5500.00  1.052516615807339E-19  9.170962308064196E-20 27
 276    5500.00    5520.00  1.833812716297779E-19  1.862803034242936E-19 16
 277    5520.00    5540.00 -8.557246616563894E-20  7.241986235463328E-20 19
 278    5540.00    5560.00 -3.139937662550813E-20  2.475704253873950E-20 17
 279    5560.00    5580.00  1.445380991662451E-20  1.391440886844967E-20 12
 280    5580.00    5600.00 -3.139249417070344E-20  2.193719476537133E-20 11
 281    5600.00    5620.00  1.762494772818283E-19  1.454005402779371E-19 15
 282    5620.00    5640.00 -3.545962234159614E-21  2.690055825062283E-21 8
 283    5640.00    5660.00 -2.250620274952434E-20  1.922709072475912E-20 9
 284    5660.00    5680.00  4.056610249662267E-25  4.982518695766977E-25 3
 285    5680.00    5700.00  1.626476458483373E-20  1.075509281733196E-20 9
 286    5700.00    5720.00 -8.280393643974884E-20  8.257157097170453E-20 5
 287    5720.00    5740.00 -1.649804905828821E-21  2.199157822200741E-21 3
 288    5740.00    5760.00 -5.764138677599922E-22  5.800152265640280E-22 4
 289    5760.00    5780.00  7.206995862426282E-23  5.188174227465097E-23 2
 290    5780.00    5800.00 -6.906486283647277E-25  2.067092468627998E-23 3
 291    5800.00    5820.00 -1.244151900545550E-22  2.502724374442210E-22 7
 292    5820.00    5840.00 -3.578854578148476E-25  3.263659987295715E-25 2
 293    5840.00    5860.00 -2.393087427507565E-21  2.396487451476611E-21 4
 294    5860.00    5880.00  6.464319605786637E-23  7.385207929183017E-23 2
 295    5880.00    5900.00 -5.059004210937048E-28  5.059004210421579E-28 1
 296    5900.00    5920.00 -1.546423957753344E-23  1.894029241355232E-23 3
 297    5920.00    5940.00  0.000000000000000E+00  0.000000000000000E+00 0
 298    5940.00    5960.00  0.000000000000000E+00  0.000000000000000E+00 0
 299    5960.00    5980.00  0.000000000000000E+00  0.000000000000000E+00 0
 300    5980.00    6000.00  0.000000000000000E+00  0.000000000000000E+00 0
 301    6000.00    6020.00  0.000000000000000E+00  0.000000000000000E+00 0
 302    6020.00    6040.00  0.000000000000000E+00  0.000000000000000E+00 0
 303    6040.00    6060.00  0.000000000000000E+00  0.000000000000000E+00 0
 304    6060.00    6080.00  0.000000000000000E+00  0.000000000000000E+00 0
 305    6080.00    6100.00  0.000000000000000E+00  0.000000000000000E+00 0
 306    6100.00    6120.00  0.000000000000000E+00  0.000000000000000E+00 0
 307    6120.00    6140.00  3.500381471248655E-22  3.500381470938539E-22 1
 308    6140.00    6160.00  0.000000000000000E+00  0.000000000000000E+00 0
 309    6160.00    6180.00  0.000000000000000E+00  0.000000000000000E+00 0
 310    6180.00    6200.00  0.000000000000000E+00  0.000000000000000E+00 0
 311    6200.00    6220.00  0.000000000000000E+00  0.000000000000000E+00 0
 312    6220.00    6240.00  0.000000000000000E+00  0.000000000000000E+00 0
 313    6240.00    6260.00  0.000000000000000E+00  0.000000000000000E+00 0
 314    6260.00    6280.00  0.000000000000000E+00  0.000000000000000E+00 0
 315    6280.00    6300.00  0.000000000000000E+00  0.000000000000000E+00 0
 316    6300.00    6320.00  0.000000000000000E+00  0.000000000000000E+00 0
 317    6320.00    6340.00  0.000000000000000E+00  0.000000000000000E+00 0
 318    6340.00    6360.00  0.000000000000000E+00  0.000000000000000E+00 0
 319    6360.00    6380.00  0.000000000000000E+00  0.000000000000000E+00 0
 320    6380.00    6400.00  0.000000000000000E+00  0.000000000000000E+00 0
 321    6400.00    6420.00  0.000000000000000E+00  0.000000000000000E+00 0
 322    6420.00    6440.00  0.000000000000000E+00  0.000000000000000E+00 0
 323    6440.00    6460.00  0.000000000000000E+00  0.000000000000000E+00 0
 324    6460.00    6480.00  0.000000000000000E+00  0.000000000000000E+00 0
 325    6480.00    6500.00  0.000000000000000E+00  0.000000000000000E+00 0
 326    6500.00    6520.00  0.000000000000000E+00  0.000000000000000E+00 0
 327    6520.00    6540.00  0.000000000000000E+00  0.000000000000000E+00 0
 328    6540.00    6560.00  0.000000000000000E+00  0.000000000000000E+00 0
 329    6560.00    6580.00  0.000000000000000E+00  0.000000000000000E+00 0
 330    6580.00    6600.00  0.000000000000000E+00  0.000000000000000E+00 0
 331    6600.00    6620.00  0.000000000000000E+00  0.000000000000000E+00 0
 332    6620.00    6640.00  0.000000000000000E+00  0.000000000000000E+00 0
 333    6640.00    6660.00  0.000000000000000E+00  0.000000000000000E+00 0
 334    6660.00    6680.00  0.000000000000000E+00  0.000000000000000E+00 0
 335    6680.00    6700.00  0.000000000000000E+00  0.000000000000000E+00 0
 336    6700.00    6720.00  0.000000000000000E+00  0.000000000000000E+00 0
 337    6720.00    6740.00  0.000000000000000E+00  0.000000000000000E+00 0
 338    6740.00    6760.00  0.000000000000000E+00  0.000000000000000E+00 0
 339    6760.00    6780.00  0.000000000000000E+00  0.000000000000000E+00 0
 340    6780.00    6800.00  0.000000000000000E+00  0.000000000000000E+00 0
 341    6800.00    6820.00  0.000000000000000E+00  0.000000000000000E+00 0
 342    6820.00    6840.00  0.000000000000000E+00  0.000000000000000E+00 0
 343    6840.00    6860.00  0.000000000000000E+00  0.000000000000000E+00 0
 344    6860.00    6880.00  0.000000000000000E+00  0.000000000000000E+00 0
 345    6880.00    6900.00  0.000000000000000E+00  0.000000000000000E+00 0
 346    6900.00    6920.00  0.000000000000000E+00  0.000000000000000E+00 0
 347    6920.00    6940.00  0.000000000000000E+00  0.000000000000000E+00 0
 348    6940.00    6960.00  0.000000000000000E+00  0.000000000000000E+00 0
 349    6960.00    6980.00  0.000000000000000E+00  0.000000000000000E+00 0
 350    6980.00    7000.00  0.000000000000000E+00  0.000000000000000E+00 0
 351    7000.00    7020.00  0.000000000000000E+00  0.000000000000000E+00 0
 352    7020.00    7040.00  0.000000000000000E+00  0.000000000000000E+00 0
 353    7040.00    7060.00  0.000000000000000E+00  0.000000000000000E+00 0
 354    7060.00    7080.00  0.000000000000000E+00  0.000000000000000E+00 0
 355    7080.00    7100.00  0.000000000000000E+00  0.000000000000000E+00 0
 356    7100.00    7120.00  0.000000000000000E+00  0.000000000000000E+00 0
 357    7120.00    7140.00  0.000000000000000E+00  0.000000000000000E+00 0
 358    7140.00    7160.00  0.000000000000000E+00  0.000000000000000E+00 0
 359    7160.00    7180.00  0.000000000000000E+00  0.000000000000000E+00 0
 360    7180.00    7200.00  0.000000000000000E+00  0.000000000000000E+00 0
 361    7200.00    7220.00  0.000000000000000E+00  0.000000000000000E+00 0
 362    7220.00    7240.00  0.000000000000000E+00  0.000000000000000E+00 0
 363    7240.00    7260.00  0.000000000000000E+00  0.000000000000000E+00 0
 364    7260.00    7280.00  0.000000000000000E+00  0.000000000000000E+00 0
 365    7280.00    7300.00  0.000000000000000E+00  0.000000000000000E+00 0
 366    7300.00    7320.00  0.000000000000000E+00  0.000000000000000E+00 0
 367    7320.00    7340.00  0.000000000000000E+00  0.000000000000000E+00 0
 368    7340.00    7360.00  0.000000000000000E+00  0.000000000000000E+00 0
 369    7360.00    7380.00  0.000000000000000E+00  0.000000000000000E+00 0
 370    7380.00    7400.00  0.000000000000000E+00  0.000000000000000E+00 0
 371    7400.00    7420.00  0.000000000000000E+00  0.000000000000000E+00 0
 372    7420.00    7440.00  0.000000000000000E+00  0.000000000000000E+00 0
 373    7440.00    7460.00  0.000000000000000E+00  0.000000000000000E+00 0
 374    7460.00    7480.00  0.000000000000000E+00  0.000000000000000E+00 0
 375    7480.00    7500.00  0.000000000000000E+00  0.000000000000000E+00 0
 376    7500.00    7520.00  0.000000000000000E+00  0.000000000000000E+00 0
 377    7520.00    7540.00  0.000000000000000E+00  0.000000000000000E+00 0
 378    7540.00    7560.00  0.000000000000000E+00  0.000000000000000E+00 0
 379    7560.00    7580.00  0.000000000000000E+00  0.000000000000000E+00 0
 380    7580.00    7600.00  0.000000000000000E+00  0.000000000000000E+00 0
 381    7600.00    7620.00  0.000000000000000E+00  0.000000000000000E+00 0
 382    7620.00    7640.00  0.000000000000000E+00  0.000000000000000E+00 0
 383    7640.00    7660.00  0.000000000000000E+00  0.000000000000000E+00 0
 384    7660.00    7680.00  0.000000000000000E+00  0.000000000000000E+00 0
 385    7680.00    7700.00  0.000000000000000E+00  0.000000000000000E+00 0
 386    7700.00    7720.00  0.000000000000000E+00  0.000000000000000E+00 0
 387    7720.00    7740.00  0.000000000000000E+00  0.000000000000000E+00 0
 388    7740.00    7760.00  0.000000000000000E+00  0.000000000000000E+00 0
 389    7760.00    7780.00  0.000000000000000E+00  0.000000000000000E+00 0
 390    7780.00    7800.00  0.000000000000000E+00  0.000000000000000E+00 0
 391    7800.00    7820.00  0.000000000000000E+00  0.000000000000000E+00 0
 392    7820.00    7840.00  0.000000000000000E+00  0.000000000000000E+00 0
 393    7840.00    7860.00  0.000000000000000E+00  0.000000000000000E+00 0
 394    7860.00    7880.00  0.000000000000000E+00  0.000000000000000E+00 0
 395    7880.00    7900.00  0.000000000000000E+00  0.000000000000000E+00 0
 396    7900.00    7920.00  0.000000000000000E+00  0.000000000000000E+00 0
 397    7920.00    7940.00  0.000000000000000E+00  0.000000000000000E+00 0
 398    7940.00    7960.00  0.000000000000000E+00  0.000000000000000E+00 0
 399    7960.00    7980.00  0.000000000000000E+00  0.000000000000000E+00 0
 400    7980.00    8000.00  0.000000000000000E+00  0.000000000000000E+00 0
 401    8000.00    8020.00  0.000000000000000E+00  0.000000000000000E+00 0
 402    8020.00    8040.00  0.000000000000000E+00  0.000000000000000E+00 0
 403    8040.00    8060.00  0.000000000000000E+00  0.000000000000000E+00 0
 404    8060.00    8080.00  0.000000000000000E+00  0.000000000000000E+00 0
 405    8080.00    8100.00  0.000000000000000E+00  0.000000000000000E+00 0
 406    8100.00    8120.00  0.000000000000000E+00  0.000000000000000E+00 0
 407    8120.00    8140.00  0.000000000000000E+00  0.000000000000000E+00 0
 408    8140.00    8160.00  0.000000000000000E+00  0.000000000000000E+00 0
 409    8160.00    8180.00  0.000000000000000E+00  0.000000000000000E+00 0
 410    8180.00    8200.00  0.000000000000000E+00  0.000000000000000E+00 0
 411    8200.00    8220.00  0.000000000000000E+00  0.000000000000000E+00 0
 412    8220.00    8240.00  0.000000000000000E+00  0.000000000000000E+00 0
 413    8240.00    8260.00  0.000000000000000E+00  0.000000000000000E+00 0
 414    8260.00    8280.00  0.000000000000000E+00  0.000000000000000E+00 0
 415    8280.00    8300.00  0.000000000000000E+00  0.000000000000000E+00 0
 416    8300.00    8320.00  0.000000000000000E+00  0.000000000000000E+00 0
 417    8320.00    8340.00  0.000000000000000E+00  0.000000000000000E+00 0
 418    8340.00    8360.00  0.000000000000000E+00  0.000000000000000E+00 0
 419    8360.00    8380.00  0.000000000000000E+00  0.000000000000000E+00 0
 420    8380.00    8400.00  0.000000000000000E+00  0.000000000000000E+00 0
 421    8400.00    8420.00  0.000000000000000E+00  0.000000000000000E+00 0
 422    8420.00    8440.00  0.000000000000000E+00  0.000000000000000E+00 0
 423    8440.00    8460.00  0.000000000000000E+00  0.000000000000000E+00 0
 424    8460.00    8480.00  0.000000000000000E+00  0.000000000000000E+00 0
 425    8480.00    8500.00  0.000000000000000E+00  0.000000000000000E+00 0
 426    8500.00    8520.00  0.000000000000000E+00  0.000000000000000E+00 0
 427    8520.00    8540.00  0.000000000000000E+00  0.000000000000000E+00 0
 428    8540.00    8560.00  0.000000000000000E+00  0.000000000000000E+00 0
 429    8560.00    8580.00  0.000000000000000E+00  0.000000000000000E+00 0
 430    8580.00    8600.00  0.000000000000000E+00  0.000000000000000E+00 0
 431    8600.00    8620.00  0.000000000000000E+00  0.000000000000000E+00 0
 432    8620.00    8640.00  0.000000000000000E+00  0.000000000000000E+00 0
 433    8640.00    8660.00  0.000000000000000E+00  0.000000000000000E+00 0
 434    8660.00    8680.00  0.000000000000000E+00  0.000000000000000E+00 0
 435    8680.00    8700.00  0.000000000000000E+00  0.000000000000000E+00 0
 436    8700.00    8720.00  0.000000000000000E+00  0.000000000000000E+00 0
 437    8720.00    8740.00  0.000000000000000E+00  0.000000000000000E+00 0
 438    8740.00    8760.00  0.000000000000000E+00  0.000000000000000E+00 0
 439    8760.00    8780.00  0.000000000000000E+00  0.000000000000000E+00 0
 440    8780.00    8800.00  0.000000000000000E+00  0.000000000000000E+00 0
 441    8800.00    8820.00  0.000000000000000E+00  0.000000000000000E+00 0
 442    8820.00    8840.00  0.000000000000000E+00  0.000000000000000E+00 0
 443    8840.00    8860.00  0.000000000000000E+00  0.000000000000000E+00 0
 444    8860.00    8880.00  0.000000000000000E+00  0.000000000000000E+00 0
 445    8880.00    8900.00  0.000000000000000E+00  0.000000000000000E+00 0
 446    8900.00    8920.00  0.000000000000000E+00  0.000000000000000E+00 0
 447    8920.00    8940.00  0.000000000000000E+00  0.000000000000000E+00 0
 448    8940.00    8960.00  0.000000000000000E+00  0.000000000000000E+00 0
 449    8960.00    8980.00  0.000000000000000E+00  0.000000000000000E+00 0
 450    8980.00    9000.00  0.000000000000000E+00  0.000000000000000E+00 0
 451    9000.00    9020.00  0.000000000000000E+00  0.000000000000000E+00 0
 452    9020.00    9040.00  0.000000000000000E+00  0.000000000000000E+00 0
 453    9040.00    9060.00  0.000000000000000E+00  0.000000000000000E+00 0
 454    9060.00    9080.00  0.000000000000000E+00  0.000000000000000E+00 0
 455    9080.00    9100.00  0.000000000000000E+00  0.000000000000000E+00 0
 456    9100.00    9120.00  0.000000000000000E+00  0.000000000000000E+00 0
 457    9120.00    9140.00  0.000000000000000E+00  0.000000000000000E+00 0
 458    9140.00    9160.00  0.000000000000000E+00  0.000000000000000E+00 0
 459    9160.00    9180.00  0.000000000000000E+00  0.000000000000000E+00 0
 460    9180.00    9200.00  0.000000000000000E+00  0.000000000000000E+00 0
 461    9200.00    9220.00  0.000000000000000E+00  0.000000000000000E+00 0
 462    9220.00    9240.00  0.000000000000000E+00  0.000000000000000E+00 0
 463    9240.00    9260.00  0.000000000000000E+00  0.000000000000000E+00 0
 464    9260.00    9280.00  0.000000000000000E+00  0.000000000000000E+00 0
 465    9280.00    9300.00  0.000000000000000E+00  0.000000000000000E+00 0
 466    9300.00    9320.00  0.000000000000000E+00  0.000000000000000E+00 0
 467    9320.00    9340.00  0.000000000000000E+00  0.000000000000000E+00 0
 468    9340.00    9360.00  0.000000000000000E+00  0.000000000000000E+00 0
 469    9360.00    9380.00  0.000000000000000E+00  0.000000000000000E+00 0
 470    9380.00    9400.00  0.000000000000000E+00  0.000000000000000E+00 0
 471    9400.00    9420.00  0.000000000000000E+00  0.000000000000000E+00 0
 472    9420.00    9440.00  0.000000000000000E+00  0.000000000000000E+00 0
 473    9440.00    9460.00  0.000000000000000E+00  0.000000000000000E+00 0
 474    9460.00    9480.00  0.000000000000000E+00  0.000000000000000E+00 0
 475    9480.00    9500.00  0.000000000000000E+00  0.000000000000000E+00 0
 476    9500.00    9520.00  0.000000000000000E+00  0.000000000000000E+00 0
 477    9520.00    9540.00  0.000000000000000E+00  0.000000000000000E+00 0
 478    9540.00    9560.00  0.000000000000000E+00  0.000000000000000E+00 0
 479    9560.00    9580.00  0.000000000000000E+00  0.000000000000000E+00 0
 480    9580.00    9600.00  0.000000000000000E+00  0.000000000000000E+00 0
 481    9600.00    9620.00  0.000000000000000E+00  0.000000000000000E+00 0
 482    9620.00    9640.00  0.000000000000000E+00  0.000000000000000E+00 0
 483    9640.00    9660.00  0.000000000000000E+00  0.000000000000000E+00 0
 484    9660.00    9680.00  0.000000000000000E+00  0.000000000000000E+00 0
 485    9680.00    9700.00  0.000000000000000E+00  0.000000000000000E+00 0
 486    9700.00    9720.00  0.000000000000000E+00  0.000000000000000E+00 0
 487    9720.00    9740.00  0.000000000000000E+00  0.000000000000000E+00 0
 488    9740.00    9760.00  0.000000000000000E+00  0.000000000000000E+00 0
 489    9760.00    9780.00  0.000000000000000E+00  0.000000000000000E+00 0
 490    9780.00    9800.00  0.000000000000000E+00  0.000000000000000E+00 0
 491    9800.00    9820.00  0.000000000000000E+00  0.000000000000000E+00 0
 492    9820.00    9840.00  0.000000000000000E+00  0.000000000000000E+00 0
 493    9840.00    9860.00  0.000000000000000E+00  0.000000000000000E+00 0
 494    9860.00    9880.00  0.000000000000000E+00  0.000000000000000E+00 0
 495    9880.00    9900.00  0.000000000000000E+00  0.000000000000000E+00 0
 496    9900.00    9920.00  0.000000000000000E+00  0.000000000000000E+00 0
 497    9920.00    9940.00  0.000000000000000E+00  0.000000000000000E+00 0
 498    9940.00    9960.00  0.000000000000000E+00  0.000000000000000E+00 0
 499    9960.00    9980.00  0.000000000000000E+00  0.000000000000000E+00 0
 500    9980.00   10000.00  0.000000000000000E+00  0.000000000000000E+00 0
 501   10000.00   10020.00  0.000000000000000E+00  0.000000000000000E+00 0
 502   10020.00   10040.00  0.000000000000000E+00  0.000000000000000E+00 0
 503   10040.00   10060.00  0.000000000000000E+00  0.000000000000000E+00 0
 504   10060.00   10080.00  0.000000000000000E+00  0.000000000000000E+00 0
 505   10080.00   10100.00  0.000000000000000E+00  0.000000000000000E+00 0
 506   10100.00   10120.00  0.000000000000000E+00  0.000000000000000E+00 0
 507   10120.00   10140.00  0.000000000000000E+00  0.000000000000000E+00 0
 508   10140.00   10160.00  0.000000000000000E+00  0.000000000000000E+00 0
 509   10160.00   10180.00  0.000000000000000E+00  0.000000000000000E+00 0
 510   10180.00   10200.00  0.000000000000000E+00  0.000000000000000E+00 0
 511   10200.00   10220.00  0.000000000000000E+00  0.000000000000000E+00 0
 512   10220.00   10240.00  0.000000000000000E+00  0.000000000000000E+00 0
 513   10240.00   10260.00  0.000000000000000E+00  0.000000000000000E+00 0
 514   10260.00   10280.00  0.000000000000000E+00  0.000000000000000E+00 0
 515   10280.00   10300.00  0.000000000000000E+00  0.000000000000000E+00 0
 516   10300.00   10320.00  0.000000000000000E+00  0.000000000000000E+00 0
 517   10320.00   10340.00  0.000000000000000E+00  0.000000000000000E+00 0
 518   10340.00   10360.00  0.000000000000000E+00  0.000000000000000E+00 0
 519   10360.00   10380.00  0.000000000000000E+00  0.000000000000000E+00 0
 520   10380.00   10400.00  0.000000000000000E+00  0.000000000000000E+00 0
 521   10400.00   10420.00  0.000000000000000E+00  0.000000000000000E+00 0
 522   10420.00   10440.00  0.000000000000000E+00  0.000000000000000E+00 0
 523   10440.00   10460.00  0.000000000000000E+00  0.000000000000000E+00 0
 524   10460.00   10480.00  0.000000000000000E+00  0.000000000000000E+00 0
 525   10480.00   10500.00  0.000000000000000E+00  0.000000000000000E+00 0
 526   10500.00   10520.00  0.000000000000000E+00  0.000000000000000E+00 0
 527   10520.00   10540.00  0.000000000000000E+00  0.000000000000000E+00 0
 528   10540.00   10560.00  0.000000000000000E+00  0.000000000000000E+00 0
 529   10560.00   10580.00  0.000000000000000E+00  0.000000000000000E+00 0
 530   10580.00   10600.00  0.000000000000000E+00  0.000000000000000E+00 0
 531   10600.00   10620.00  0.000000000000000E+00  0.000000000000000E+00 0
 532   10620.00   10640.00  0.000000000000000E+00  0.000000000000000E+00 0
 533   10640.00   10660.00  0.000000000000000E+00  0.000000000000000E+00 0
 534   10660.00   10680.00  0.000000000000000E+00  0.000000000000000E+00 0
 535   10680.00   10700.00  0.000000000000000E+00  0.000000000000000E+00 0
 536   10700.00   10720.00  0.000000000000000E+00  0.000000000000000E+00 0
 537   10720.00   10740.00  0.000000000000000E+00  0.000000000000000E+00 0
 538   10740.00   10760.00  0.000000000000000E+00  0.000000000000000E+00 0
 539   10760.00   10780.00  0.000000000000000E+00  0.000000000000000E+00 0
 540   10780.00   10800.00  0.000000000000000E+00  0.000000000000000E+00 0
 541   10800.00   10820.00  0.000000000000000E+00  0.000000000000000E+00 0
 542   10820.00   10840.00  0.000000000000000E+00  0.000000000000000E+00 0
 543   10840.00   10860.00  0.000000000000000E+00  0.000000000000000E+00 0
 544   10860.00   10880.00  0.000000000000000E+00  0.000000000000000E+00 0
 545   10880.00   10900.00  0.000000000000000E+00  0.000000000000000E+00 0
 546   10900.00   10920.00  0.000000000000000E+00  0.000000000000000E+00 0
 547   10920.00   10940.00  0.000000000000000E+00  0.000000000000000E+00 0
 548   10940.00   10960.00  0.000000000000000E+00  0.000000000000000E+00 0
 549   10960.00   10980.00  0.000000000000000E+00  0.000000000000000E+00 0
 550   10980.00   11000.00  0.000000000000000E+00  0.000000000000000E+00 0
 551   11000.00   11020.00  0.000000000000000E+00  0.000000000000000E+00 0
 552   11020.00   11040.00  0.000000000000000E+00  0.000000000000000E+00 0
 553   11040.00   11060.00  0.000000000000000E+00  0.000000000000000E+00 0
 554   11060.00   11080.00  0.000000000000000E+00  0.000000000000000E+00 0
 555   11080.00   11100.00  0.000000000000000E+00  0.000000000000000E+00 0
 556   11100.00   11120.00  0.000000000000000E+00  0.000000000000000E+00 0
 557   11120.00   11140.00  0.000000000000000E+00  0.000000000000000E+00 0
 558   11140.00   11160.00  0.000000000000000E+00  0.000000000000000E+00 0
 559   11160.00   11180.00  0.000000000000000E+00  0.000000000000000E+00 0
 560   11180.00   11200.00  0.000000000000000E+00  0.000000000000000E+00 0
 561   11200.00   11220.00  0.000000000000000E+00  0.000000000000000E+00 0
 562   11220.00   11240.00  0.000000000000000E+00  0.000000000000000E+00 0
 563   11240.00   11260.00  0.000000000000000E+00  0.000000000000000E+00 0
 564   11260.00   11280.00  0.000000000000000E+00  0.000000000000000E+00 0
 565   11280.00   11300.00  0.000000000000000E+00  0.000000000000000E+00 0
 566   11300.00   11320.00  0.000000000000000E+00  0.000000000000000E+00 0
 567   11320.00   11340.00  0.000000000000000E+00  0.000000000000000E+00 0
 568   11340.00   11360.00  0.000000000000000E+00  0.000000000000000E+00 0
 569   11360.00   11380.00  0.000000000000000E+00  0.000000000000000E+00 0
 570   11380.00   11400.00  0.000000000000000E+00  0.000000000000000E+00 0
 571   11400.00   11420.00  0.000000000000000E+00  0.000000000000000E+00 0
 572   11420.00   11440.00  0.000000000000000E+00  0.000000000000000E+00 0
 573   11440.00   11460.00  0.000000000000000E+00  0.000000000000000E+00 0
 574   11460.00   11480.00  0.000000000000000E+00  0.000000000000000E+00 0
 575   11480.00   11500.00  0.000000000000000E+00  0.000000000000000E+00 0
 576   11500.00   11520.00  0.000000000000000E+00  0.000000000000000E+00 0
 577   11520.00   11540.00  0.000000000000000E+00  0.000000000000000E+00 0
 578   11540.00   11560.00  0.000000000000000E+00  0.000000000000000E+00 0
 579   11560.00   11580.00  0.000000000000000E+00  0.000000000000000E+00 0
 580   11580.00   11600.00  0.000000000000000E+00  0.000000000000000E+00 0
 581   11600.00   11620.00  0.000000000000000E+00  0.000000000000000E+00 0
 582   11620.00   11640.00  0.000000000000000E+00  0.000000000000000E+00 0
 583   11640.00   11660.00  0.000000000000000E+00  0.000000000000000E+00 0
 584   11660.00   11680.00  0.000000000000000E+00  0.000000000000000E+00 0
 585   11680.00   11700.00  0.000000000000000E+00  0.000000000000000E+00 0
 586   11700.00   11720.00  0.000000000000000E+00  0.000000000000000E+00 0
 587   11720.00   11740.00  0.000000000000000E+00  0.000000000000000E+00 0
 588   11740.00   11760.00  0.000000000000000E+00  0.000000000000000E+00 0
 589   11760.00   11780.00  0.000000000000000E+00  0.000000000000000E+00 0
 590   11780.00   11800.00  0.000000000000000E+00  0.000000000000000E+00 0
 591   11800.00   11820.00  0.000000000000000E+00  0.000000000000000E+00 0
 592   11820.00   11840.00  0.000000000000000E+00  0.000000000000000E+00 0
 593   11840.00   11860.00  0.000000000000000E+00  0.000000000000000E+00 0
 594   11860.00   11880.00  0.000000000000000E+00  0.000000000000000E+00 0
 595   11880.00   11900.00  0.000000000000000E+00  0.000000000000000E+00 0
 596   11900.00   11920.00  0.000000000000000E+00  0.000000000000000E+00 0
 597   11920.00   11940.00  0.000000000000000E+00  0.000000000000000E+00 0
 598   11940.00   11960.00  0.000000000000000E+00  0.000000000000000E+00 0
 599   11960.00   11980.00  0.000000000000000E+00  0.000000000000000E+00 0
 600   11980.00   12000.00  0.000000000000000E+00  0.000000000000000E+00 0
 601   12000.00   12020.00  0.000000000000000E+00  0.000000000000000E+00 0
 602   12020.00   12040.00  0.000000000000000E+00  0.000000000000000E+00 0
 603   12040.00   12060.00  0.000000000000000E+00  0.000000000000000E+00 0
 604   12060.00   12080.00  0.000000000000000E+00  0.000000000000000E+00 0
 605   12080.00   12100.00  0.000000000000000E+00  0.000000000000000E+00 0
 606   12100.00   12120.00  0.000000000000000E+00  0.000000000000000E+00 0
 607   12120.00   12140.00  0.000000000000000E+00  0.000000000000000E+00 0
 608   12140.00   12160.00  0.000000000000000E+00  0.000000000000000E+00 0
 609   12160.00   12180.00  0.000000000000000E+00  0.000000000000000E+00 0
 610   12180.00   12200.00  0.000000000000000E+00  0.000000000000000E+00 0
 611   12200.00   12220.00  0.000000000000000E+00  0.000000000000000E+00 0
 612   12220.00   12240.00  0.000000000000000E+00  0.000000000000000E+00 0
 613   12240.00   12260.00  0.000000000000000E+00  0.000000000000000E+00 0
 614   12260.00   12280.00  0.000000000000000E+00  0.000000000000000E+00 0
 615   12280.00   12300.00  0.000000000000000E+00  0.000000000000000E+00 0
 616   12300.00   12320.00  0.000000000000000E+00  0.000000000000000E+00 0
 617   12320.00   12340.00  0.000000000000000E+00  0.000000000000000E+00 0
 618   12340.00   12360.00  0.000000000000000E+00  0.000000000000000E+00 0
 619   12360.00   12380.00  0.000000000000000E+00  0.000000000000000E+00 0
 620   12380.00   12400.00  0.000000000000000E+00  0.000000000000000E+00 0
 621   12400.00   12420.00  0.000000000000000E+00  0.000000000000000E+00 0
 622   12420.00   12440.00  0.000000000000000E+00  0.000000000000000E+00 0
 623   12440.00   12460.00  0.000000000000000E+00  0.000000000000000E+00 0
 624   12460.00   12480.00  0.000000000000000E+00  0.000000000000000E+00 0
 625   12480.00   12500.00  0.000000000000000E+00  0.000000000000000E+00 0
 626   12500.00   12520.00  0.000000000000000E+00  0.000000000000000E+00 0
 627   12520.00   12540.00  0.000000000000000E+00  0.000000000000000E+00 0
 628   12540.00   12560.00  0.000000000000000E+00  0.000000000000000E+00 0
 629   12560.00   12580.00  0.000000000000000E+00  0.000000000000000E+00 0
 630   12580.00   12600.00  0.000000000000000E+00  0.000000000000000E+00 0
 631   12600.00   12620.00  0.000000000000000E+00  0.000000000000000E+00 0
 632   12620.00   12640.00  0.000000000000000E+00  0.000000000000000E+00 0
 633   12640.00   12660.00  0.000000000000000E+00  0.000000000000000E+00 0
 634   12660.00   12680.00  0.000000000000000E+00  0.000000000000000E+00 0
 635   12680.00   12700.00  0.000000000000000E+00  0.000000000000000E+00 0
 636   12700.00   12720.00  0.000000000000000E+00  0.000000000000000E+00 0
 637   12720.00   12740.00  0.000000000000000E+00  0.000000000000000E+00 0
 638   12740.00   12760.00  0.000000000000000E+00  0.000000000000000E+00 0
 639   12760.00   12780.00  0.000000000000000E+00  0.000000000000000E+00 0
 640   12780.00   12800.00  0.000000000000000E+00  0.000000000000000E+00 0
 641   12800.00   12820.00  0.000000000000000E+00  0.000000000000000E+00 0
 642   12820.00   12840.00  0.000000000000000E+00  0.000000000000000E+00 0
 643   12840.00   12860.00  0.000000000000000E+00  0.000000000000000E+00 0
 644   12860.00   12880.00  0.000000000000000E+00  0.000000000000000E+00 0
 645   12880.00   12900.00  0.000000000000000E+00  0.000000000000000E+00 0
 646   12900.00   12920.00  0.000000000000000E+00  0.000000000000000E+00 0
 647   12920.00   12940.00  0.000000000000000E+00  0.000000000000000E+00 0
 648   12940.00   12960.00  0.000000000000000E+00  0.000000000000000E+00 0
 649   12960.00   12980.00  0.000000000000000E+00  0.000000000000000E+00 0
 650   12980.00   13000.00  0.000000000000000E+00  0.000000000000000E+00 0
# Underflow:                 0.0000000000000000E+00  0.0000000000000000E+00 0
# Overflow:                  0.0000000000000000E+00  0.0000000000000000E+00 0
#-------------------------------------------------------------------------------------
# Sum:                       4.4797116669081642E-02  7.4822437342236630E-06 467479000
#=====================================================================================
