# title = Transverse Momentum Positron
# xlabel = $p_{\text{T},\text{e}^+}\,$[GeV]
# ylabel = $\frac{\text{d}\sigma}{\text{d}p_{\text{T},\text{e}^+}}\,\left[\frac{\text{fb}}{\text{GeV}}\right]$
# xmin=  0.000E+00
# xmax=  8.000E+02
# ymin=  1.000E-06
# ymax=  1.000E-02
# kmin= -5.000E+01
# kmax=  1.000E+01
# logscale = true
# Renormalization and factorization scale scaled by: 1.0000000000
# Renormalization scaled by: 1.0000000000
# Number of generated events: 3619765
#
#=====================================================================================
# No.       Left      Right                   Value                   Error Hits
#-------------------------------------------------------------------------------------
   1       0.00      20.00  0.000000000000000E+00  0.000000000000000E+00 0
   2      20.00      40.00  2.034413674271894E-02  8.105972737998289E-05 1717193483
   3      40.00      60.00  1.466318004968593E-02  5.228639988097044E-05 1305949109
   4      60.00      80.00  9.395578352202472E-03  3.964044047330546E-05 859978669
   5      80.00     100.00  6.062785136365714E-03  3.073531263073129E-05 617291369
   6     100.00     120.00  4.013923091941744E-03  2.367108973947861E-05 465913098
   7     120.00     140.00  2.677036357827903E-03  2.550048472523525E-05 364137947
   8     140.00     160.00  1.868354849004099E-03  1.973085609955277E-05 291980080
   9     160.00     180.00  1.342356657894846E-03  1.439405499550515E-05 238873911
  10     180.00     200.00  9.125164177175194E-04  2.640026677848110E-05 198587309
  11     200.00     220.00  7.087581532585130E-04  9.559318931853283E-06 167300286
  12     220.00     240.00  5.343203994288908E-04  7.473535832819316E-06 142558930
  13     240.00     260.00  3.927232978513732E-04  7.741766839678356E-06 122634861
  14     260.00     280.00  3.024543887752729E-04  5.792037874097641E-06 106386547
  15     280.00     300.00  2.341345824484309E-04  4.547359807706556E-06 92938100
  16     300.00     320.00  1.744614474334494E-04  5.157003237993169E-06 81714807
  17     320.00     340.00  1.343263016810564E-04  5.392123066011261E-06 72257431
  18     340.00     360.00  1.062947301605776E-04  3.891983736110752E-06 64235802
  19     360.00     380.00  8.636372146412274E-05  3.107077912590613E-06 57358916
  20     380.00     400.00  6.857147441770750E-05  3.551915452122905E-06 51426403
  21     400.00     420.00  5.054715255679105E-05  3.224742472358308E-06 46273963
  22     420.00     440.00  3.942183594620432E-05  2.888573033419024E-06 41796328
  23     440.00     460.00  3.663100405622004E-05  1.561769755304634E-06 37859180
  24     460.00     480.00  2.618912856877893E-05  1.774071791883780E-06 34402067
  25     480.00     500.00  2.374185831922602E-05  1.056365174511645E-06 31332764
  26     500.00     520.00  1.773841717944318E-05  1.492131709149802E-06 28613447
  27     520.00     540.00  1.595545276047636E-05  1.054920223701656E-06 26182127
  28     540.00     560.00  1.114069976826428E-05  1.446928238236624E-06 24023042
  29     560.00     580.00  7.633895563094545E-06  1.750545992437713E-06 22085611
  30     580.00     600.00  8.063904822282914E-06  1.096634027693967E-06 20327856
  31     600.00     620.00  5.970153936820728E-06  9.227915250533750E-07 18759478
  32     620.00     640.00  5.457622114332690E-06  6.558149626480025E-07 17332118
  33     640.00     660.00  4.741103138476007E-06  4.960411409874494E-07 16035911
  34     660.00     680.00  4.705203113324030E-06  2.872808217139583E-07 14857551
  35     680.00     700.00  2.292118738917981E-06  5.028086126983503E-07 13797643
  36     700.00     720.00  2.281703151050571E-06  4.592968403402118E-07 12813711
  37     720.00     740.00  2.367111462047520E-06  3.115397643052700E-07 11928825
  38     740.00     760.00  1.705585001093700E-06  5.102336130838814E-07 11113290
  39     760.00     780.00  1.799277239830475E-06  1.995123850254263E-07 10358788
  40     780.00     800.00  9.752475439358187E-07  4.433814747518218E-07 9678697
  41     800.00     820.00  1.182685018078122E-06  2.358373624599125E-07 9045316
  42     820.00     840.00  1.133120196830671E-06  1.866073810695655E-07 8466021
  43     840.00     860.00  8.574722337048162E-07  1.792073361363804E-07 7924804
  44     860.00     880.00  7.550111393182481E-07  1.181397034952044E-07 7435707
  45     880.00     900.00  6.395997597839325E-07  1.785590559817853E-07 6972049
  46     900.00     920.00  5.441961671213180E-07  1.098630140903497E-07 6544664
  47     920.00     940.00  2.169928519122761E-07  3.729516128190629E-07 6152658
  48     940.00     960.00  4.272061182772926E-07  9.018081666707742E-08 5788136
  49     960.00     980.00  3.115315192446736E-07  1.169846244713965E-07 5443288
  50     980.00    1000.00  3.280954872661390E-07  5.137202265229867E-08 5131196
  51    1000.00    1020.00  1.549879570009645E-07  6.332093077164607E-08 4832810
  52    1020.00    1040.00  2.284620860424497E-07  5.875300694633674E-08 4562371
  53    1040.00    1060.00 -9.970262977135526E-08  1.709851758251289E-07 4306259
  54    1060.00    1080.00  2.139500639842548E-07  3.034162373317791E-08 4067871
  55    1080.00    1100.00  1.355318388308459E-07  3.489532674637538E-08 3843919
  56    1100.00    1120.00  1.126486291791502E-07  4.828223206303107E-08 3631587
  57    1120.00    1140.00  6.025131016064503E-08  4.686757327358653E-08 3437788
  58    1140.00    1160.00  1.150107050005165E-07  1.973957013007596E-08 3255476
  59    1160.00    1180.00  3.577650656484529E-08  5.583751337235823E-08 3082733
  60    1180.00    1200.00  1.361000483981823E-08  3.683986522190585E-08 2918223
  61    1200.00    1220.00  5.551010096333462E-08  2.384829180326723E-08 2766055
  62    1220.00    1240.00  5.024333395639028E-08  1.700593771180172E-08 2625230
  63    1240.00    1260.00  4.375154312609590E-08  1.557523857246348E-08 2492548
  64    1260.00    1280.00  4.538531832896225E-08  7.635441406493532E-09 2364170
  65    1280.00    1300.00  3.158774349274946E-08  1.190708600185228E-08 2246951
  66    1300.00    1320.00 -2.665436846703795E-08  5.093797318776831E-08 2135242
  67    1320.00    1340.00  1.120482631873646E-08  1.582446584765953E-08 2029868
  68    1340.00    1360.00  8.680256026218573E-09  1.452244174668759E-08 1929149
  69    1360.00    1380.00 -8.644620923486858E-09  2.681502478123930E-08 1834495
  70    1380.00    1400.00  2.911864361695444E-08  2.634131587996523E-09 1745336
  71    1400.00    1420.00  1.569127599793730E-08  6.619013635110979E-09 1661100
  72    1420.00    1440.00  2.300874059673049E-08  2.904433081787196E-09 1584616
  73    1440.00    1460.00  1.437531017008875E-08  3.258074780595413E-09 1507453
  74    1460.00    1480.00  1.564071269181456E-08  1.788165729964333E-09 1437156
  75    1480.00    1500.00  1.566746190833161E-10  1.015193179345818E-08 1369610
  76    1500.00    1520.00  1.164934491621235E-08  3.179548390593950E-09 1306239
  77    1520.00    1540.00  2.011123360815400E-09  6.660251391391108E-09 1245651
  78    1540.00    1560.00  6.413775789976270E-09  4.055464616890073E-09 1187993
  79    1560.00    1580.00 -5.992372551352668E-10  6.155596207680685E-09 1132339
  80    1580.00    1600.00  9.713835914493716E-09  2.095865369926183E-09 1082301
  81    1600.00    1620.00  7.696470869657484E-09  8.672532948123396E-10 1032650
  82    1620.00    1640.00  6.932053739607695E-09  8.090327218248745E-10 986504
  83    1640.00    1660.00  3.446969062245547E-09  1.438423447982968E-09 942342
  84    1660.00    1680.00  4.566416977843988E-09  7.239502510838733E-10 901283
  85    1680.00    1700.00  3.625686967552971E-09  1.676698082353566E-09 860711
  86    1700.00    1720.00  8.959547289152955E-10  1.865394468634637E-09 820773
  87    1720.00    1740.00 -2.552100670908986E-09  4.415750793763657E-09 784726
  88    1740.00    1760.00 -6.771027608034124E-09  9.308206785199315E-09 750851
  89    1760.00    1780.00  1.477205552066395E-09  1.584895975294319E-09 719265
  90    1780.00    1800.00  2.761314009694195E-09  4.202517442553421E-10 686451
  91    1800.00    1820.00  1.815960797217617E-09  4.177432625896938E-10 658804
  92    1820.00    1840.00  1.987568472417365E-09  3.495165585366654E-10 629336
  93    1840.00    1860.00  1.291751712998390E-09  3.275369737823407E-10 602601
  94    1860.00    1880.00  2.076584439436964E-09  3.410744759326227E-10 577162
  95    1880.00    1900.00  1.397392044445868E-09  1.513479307613517E-10 551569
  96    1900.00    1920.00  7.704356100188453E-10  3.546206725139657E-10 527394
  97    1920.00    1940.00  1.002621433070830E-09  2.017496544659133E-10 505927
  98    1940.00    1960.00  3.379136935864404E-10  5.709785831310628E-10 485320
  99    1960.00    1980.00  4.825130643815953E-10  4.185471568471477E-10 465338
 100    1980.00    2000.00 -2.266448110899999E-09  2.548420997379364E-09 445639
 101    2000.00    2020.00  6.091407665504145E-10  2.011026590209022E-10 425994
 102    2020.00    2040.00  2.870347835236560E-10  2.880775579513524E-10 408424
 103    2040.00    2060.00  6.626762782540161E-10  8.672094785254471E-11 391377
 104    2060.00    2080.00  5.423494852528176E-10  4.871846161234136E-11 376411
 105    2080.00    2100.00 -2.815610718575904E-10  6.942455610236537E-10 359924
 106    2100.00    2120.00 -2.098010133573171E-10  3.009798407018557E-10 345107
 107    2120.00    2140.00  3.490716161436554E-10  3.758671612391812E-11 331177
 108    2140.00    2160.00  3.061233677518542E-10  2.832834357585177E-11 318326
 109    2160.00    2180.00  1.591655958505272E-10  6.285815484464789E-11 303968
 110    2180.00    2200.00 -1.257428484939385E-09  1.551375335276061E-09 292493
 111    2200.00    2220.00  2.523250467628790E-10  2.320558627866348E-11 279768
 112    2220.00    2240.00  1.248239151035465E-10  4.732827800498402E-11 268073
 113    2240.00    2260.00  1.522739521558043E-10  2.013573989085675E-11 258125
 114    2260.00    2280.00  1.363386039561298E-10  1.641903353623999E-11 246857
 115    2280.00    2300.00  1.455826592171300E-10  2.354593542186807E-11 236830
 116    2300.00    2320.00  8.865998733520803E-11  1.438590269657587E-11 227237
 117    2320.00    2340.00 -8.804447394414165E-12  8.620697880603244E-11 218783
 118    2340.00    2360.00  2.794343230916300E-11  4.421100239640221E-11 209311
 119    2360.00    2380.00  6.696212109132777E-11  2.796065337760436E-11 201544
 120    2380.00    2400.00  3.281935740576487E-11  6.076779659415328E-11 192144
 121    2400.00    2420.00  5.404276616203346E-12  4.603567285357553E-11 185563
 122    2420.00    2440.00  3.847398335787778E-11  1.418472473858093E-11 177852
 123    2440.00    2460.00  4.536425648435117E-11  1.662905946547054E-11 171026
 124    2460.00    2480.00 -7.976447468145309E-12  4.309711065035550E-11 164103
 125    2480.00    2500.00  4.136098480909109E-11  6.255127215542404E-12 156681
 126    2500.00    2520.00  2.127080908500406E-11  1.688261277079262E-11 151298
 127    2520.00    2540.00  2.279153284700353E-11  5.615683213777297E-12 145275
 128    2540.00    2560.00  1.143173577497788E-11  1.220463060315688E-11 139341
 129    2560.00    2580.00  2.363982820444475E-11  4.402832165459089E-12 134371
 130    2580.00    2600.00  1.216839543280075E-10  9.306252401149698E-11 128486
 131    2600.00    2620.00  2.156524882251365E-11  2.182211593992005E-12 123150
 132    2620.00    2640.00  1.596136392822548E-11  4.096706024717352E-12 119102
 133    2640.00    2660.00  1.468000070139690E-11  3.556604217037117E-12 114135
 134    2660.00    2680.00  1.722149405182665E-11  1.975433447773471E-12 109564
 135    2680.00    2700.00 -6.681547558620579E-12  1.859324719282017E-11 105010
 136    2700.00    2720.00 -5.985526792563685E-13  7.028829867062526E-12 101450
 137    2720.00    2740.00  7.656612653154806E-12  1.770185399038235E-12 96962
 138    2740.00    2760.00 -8.756133232214284E-12  1.818180923833610E-11 92878
 139    2760.00    2780.00  1.556106632705720E-12  4.824355704821585E-12 89199
 140    2780.00    2800.00  7.199293080064544E-12  1.248615597975709E-12 85726
 141    2800.00    2820.00  6.457451715074432E-12  7.650148976386378E-13 82726
 142    2820.00    2840.00  6.980870154333567E-12  4.629620339015420E-12 79912
 143    2840.00    2860.00 -2.054219591198051E-12  4.325047769947072E-12 76290
 144    2860.00    2880.00 -2.032655531549945E-12  4.236807398086391E-12 73345
 145    2880.00    2900.00  9.888525367226049E-13  2.530567611324462E-12 70511
 146    2900.00    2920.00 -8.957817066234313E-13  4.125438213779336E-12 67420
 147    2920.00    2940.00  2.510977712704388E-12  6.531470913560639E-13 64741
 148    2940.00    2960.00  1.856638465316867E-12  6.441826793866999E-13 62352
 149    2960.00    2980.00  2.633737082224613E-12  6.193919679629279E-13 59338
 150    2980.00    3000.00  9.238705578604509E-13  2.017728074580312E-12 57248
 151    3000.00    3020.00  9.891254015949301E-13  5.748194721223088E-13 55182
 152    3020.00    3040.00  1.279773117370105E-12  6.974534725365308E-13 52581
 153    3040.00    3060.00 -2.362415369538185E-12  4.375203547381336E-12 50384
 154    3060.00    3080.00  3.202683472865516E-13  1.518893138618132E-12 48967
 155    3080.00    3100.00  1.236395655717848E-12  3.001395322754107E-13 46988
 156    3100.00    3120.00  2.650356211730660E-12  1.866606807375886E-12 45015
 157    3120.00    3140.00  8.525448987549455E-13  1.785248299599271E-13 43162
 158    3140.00    3160.00  8.629654432148540E-13  1.732638318242681E-13 41718
 159    3160.00    3180.00  1.024918841096166E-12  1.357221005461952E-13 39890
 160    3180.00    3200.00  1.841035620992026E-12  7.411510091493009E-13 38079
 161    3200.00    3220.00  4.049021485371849E-13  5.247864215344601E-13 36829
 162    3220.00    3240.00  1.150162550903177E-12  3.177337081619325E-13 35365
 163    3240.00    3260.00  6.449873084810264E-13  1.289374945767394E-13 34001
 164    3260.00    3280.00  1.619666485213529E-12  1.200822880052901E-12 32477
 165    3280.00    3300.00  4.226236885764614E-13  1.136274918415166E-13 31356
 166    3300.00    3320.00  2.822812805231729E-13  6.684762372030920E-14 29780
 167    3320.00    3340.00 -4.960153128067882E-14  3.380390713189303E-13 28475
 168    3340.00    3360.00  3.997372528879801E-13  1.910943603582614E-13 27671
 169    3360.00    3380.00  3.196961167608227E-13  1.018064798392634E-13 26121
 170    3380.00    3400.00  4.112719052005995E-14  9.833553979317583E-14 25591
 171    3400.00    3420.00  3.527364650854415E-13  2.401436145599542E-13 24531
 172    3420.00    3440.00 -2.487398996981711E-13  4.243476446484422E-13 23435
 173    3440.00    3460.00  3.861185796894587E-13  1.498141490100240E-13 22475
 174    3460.00    3480.00  1.908011529583904E-13  5.600717482998185E-14 21459
 175    3480.00    3500.00  1.388187729403565E-13  2.367391450910260E-14 20485
 176    3500.00    3520.00  1.302483405512048E-13  2.804468123168778E-14 19734
 177    3520.00    3540.00  5.995060915599199E-14  4.666078897234123E-14 19076
 178    3540.00    3560.00  1.119913105004093E-13  1.845093909497836E-14 18274
 179    3560.00    3580.00  5.504774404415959E-14  3.542467550940143E-14 17650
 180    3580.00    3600.00  9.597916129151770E-14  1.656126072690058E-14 16629
 181    3600.00    3620.00  4.612209292253353E-14  3.687293728088130E-14 15890
 182    3620.00    3640.00  5.532417947999674E-14  3.149413219656021E-14 15144
 183    3640.00    3660.00  5.342924499279484E-14  1.600352689490148E-14 14631
 184    3660.00    3680.00 -8.609977168973981E-15  3.432651659366648E-14 14166
 185    3680.00    3700.00  5.348104190093651E-14  1.175675151936262E-14 13484
 186    3700.00    3720.00  2.768282128466761E-14  5.782976970781291E-15 12794
 187    3720.00    3740.00  3.848325608242686E-14  8.491198518001452E-15 12472
 188    3740.00    3760.00  3.482215288181905E-14  1.063201332633888E-14 11886
 189    3760.00    3780.00 -1.058712136644696E-13  1.367096060713503E-13 11182
 190    3780.00    3800.00  4.989155839903382E-14  1.423454314525258E-14 10835
 191    3800.00    3820.00  2.166857137236568E-14  5.142552727911444E-15 10393
 192    3820.00    3840.00  1.446481899096633E-14  3.511640709962133E-15 10053
 193    3840.00    3860.00  1.482390848957166E-14  3.433682523791630E-15 9596
 194    3860.00    3880.00  2.217770101851728E-14  1.901831446495799E-14 9163
 195    3880.00    3900.00  1.863631374113300E-14  7.485245164508447E-15 8597
 196    3900.00    3920.00  7.733975996672777E-15  1.062723154045767E-14 8309
 197    3920.00    3940.00  3.931117009128342E-15  5.096544124764111E-15 7933
 198    3940.00    3960.00  1.487924194780962E-14  3.194790088656625E-15 7574
 199    3960.00    3980.00  1.217170606339229E-15  4.698320012098795E-15 7142
 200    3980.00    4000.00  4.485186871816818E-14  2.445984949407246E-14 6854
 201    4000.00    4020.00  9.188608664063850E-15  2.729402551487836E-15 6522
 202    4020.00    4040.00  3.434462207988462E-15  2.661388951404053E-15 6305
 203    4040.00    4060.00  4.361917459567319E-15  2.385613165993368E-15 6107
 204    4060.00    4080.00  6.503796599039980E-16  5.050759435141327E-15 5735
 205    4080.00    4100.00  4.587558787376133E-15  2.168487475202759E-15 5573
 206    4100.00    4120.00  1.635811733939256E-14  8.836151616298840E-15 5171
 207    4120.00    4140.00  1.989332459437837E-14  1.583331879791601E-14 5084
 208    4140.00    4160.00  1.892612853550868E-15  1.675934713728583E-15 4761
 209    4160.00    4180.00  2.718530057232918E-15  6.620439815113131E-16 4580
 210    4180.00    4200.00  1.519747812567347E-15  7.219442827568721E-16 4358
 211    4200.00    4220.00  3.066889830679284E-15  3.201658361334779E-15 4094
 212    4220.00    4240.00  1.417136553178991E-15  4.167733092342156E-16 3937
 213    4240.00    4260.00  7.186369072871366E-16  4.744660203072899E-16 3757
 214    4260.00    4280.00  1.871750580969262E-15  5.857881795598837E-16 3613
 215    4280.00    4300.00  1.554036964541358E-15  9.217388959140141E-16 3316
 216    4300.00    4320.00  1.444457802200397E-15  8.030827886690932E-16 3123
 217    4320.00    4340.00  9.013846300990671E-16  3.697818020302845E-16 3069
 218    4340.00    4360.00  9.353196097795048E-16  5.422629899718227E-16 3033
 219    4360.00    4380.00 -7.194214347705898E-15  8.619297550385662E-15 2802
 220    4380.00    4400.00  1.973388014689843E-15  9.936195939648209E-16 2613
 221    4400.00    4420.00  8.915091926774134E-16  4.080174042836147E-16 2449
 222    4420.00    4440.00  4.532010530746154E-16  3.623130061080164E-16 2317
 223    4440.00    4460.00 -2.124258094502559E-15  2.380851801820744E-15 2298
 224    4460.00    4480.00  4.966193736094550E-16  2.339269220429402E-16 2156
 225    4480.00    4500.00  1.168705774776271E-16  3.586658925286393E-16 2027
 226    4500.00    4520.00  5.478624952381379E-16  2.843234766885361E-16 2014
 227    4520.00    4540.00  6.528848560173086E-16  2.779835760695337E-16 1892
 228    4540.00    4560.00 -2.210283222285452E-17  2.132733369601828E-16 1835
 229    4560.00    4580.00  1.655090212597303E-16  1.043615248854689E-16 1657
 230    4580.00    4600.00  2.702831219202142E-16  9.072290344599303E-17 1581
 231    4600.00    4620.00  2.644238839835120E-17  1.122129446109913E-16 1463
 232    4620.00    4640.00 -1.281833694263527E-16  2.281483722253803E-16 1375
 233    4640.00    4660.00  1.110877840427185E-16  1.136130186999659E-16 1252
 234    4660.00    4680.00  2.323685125122584E-17  3.514691085318011E-17 1198
 235    4680.00    4700.00  8.512825431722854E-17  3.539863912110531E-17 1105
 236    4700.00    4720.00  6.375937571038213E-17  4.482929694266964E-17 1143
 237    4720.00    4740.00  2.203205620435132E-18  6.279341165904058E-17 1021
 238    4740.00    4760.00  2.714610126574613E-17  1.232342558971788E-17 965
 239    4760.00    4780.00  9.239106616146597E-17  8.629094514928144E-17 947
 240    4780.00    4800.00 -7.919885637329352E-18  3.518295123026004E-17 862
 241    4800.00    4820.00  7.716891959906636E-17  3.620189541920990E-17 787
 242    4820.00    4840.00 -3.628757777394571E-18  1.023896610159410E-17 762
 243    4840.00    4860.00 -2.177470046953835E-18  2.063276406289916E-17 741
 244    4860.00    4880.00 -1.694745060726903E-17  1.888527229721078E-17 694
 245    4880.00    4900.00  6.229835993501389E-17  4.448218082377687E-17 628
 246    4900.00    4920.00  1.576800828791685E-17  9.583572704556838E-18 578
 247    4920.00    4940.00  1.278102245845031E-17  4.572075254951077E-18 584
 248    4940.00    4960.00  8.742728913972899E-18  5.895464965235321E-18 521
 249    4960.00    4980.00 -5.457887818156582E-18  1.207267138038663E-17 539
 250    4980.00    5000.00  9.516532160937501E-18  1.074646513841330E-17 487
 251    5000.00    5020.00  2.904245187941071E-19  6.028086713897379E-18 468
 252    5020.00    5040.00  8.610415458549422E-18  5.002116291875682E-18 399
 253    5040.00    5060.00 -2.934651396020191E-18  3.986943564585683E-18 371
 254    5060.00    5080.00 -8.172526651523172E-19  1.942785251486492E-18 335
 255    5080.00    5100.00 -1.339596010226057E-18  2.310044628558104E-18 333
 256    5100.00    5120.00  3.385008634724249E-18  2.803878003688308E-18 324
 257    5120.00    5140.00  7.948842489038461E-18  9.703267216471114E-18 325
 258    5140.00    5160.00  4.913062229567879E-19  1.226160270613514E-18 280
 259    5160.00    5180.00  3.733010471074298E-18  3.767474630906945E-18 256
 260    5180.00    5200.00 -1.655556288356980E-16  1.655403973880926E-16 240
 261    5200.00    5220.00  1.463135577415229E-17  1.941352768646625E-17 210
 262    5220.00    5240.00  1.557819610278624E-18  1.437885851983659E-18 206
 263    5240.00    5260.00  3.446787454464078E-19  5.564699873434363E-19 182
 264    5260.00    5280.00 -1.308233826058745E-18  1.253912833642783E-18 179
 265    5280.00    5300.00  5.875874117025455E-19  6.623663589665975E-19 129
 266    5300.00    5320.00 -2.270525879660646E-19  5.662576719755215E-19 123
 267    5320.00    5340.00 -2.834938869329477E-19  3.711023680092228E-19 121
 268    5340.00    5360.00 -2.427509495394392E-20  8.356400070369977E-19 108
 269    5360.00    5380.00 -7.581755328030219E-19  6.261692329547765E-19 102
 270    5380.00    5400.00 -1.002157117719647E-18  7.239977883915895E-19 106
 271    5400.00    5420.00  1.376665272962858E-18  1.486499086368187E-18 89
 272    5420.00    5440.00 -3.769471527541884E-19  3.622059380970978E-19 67
 273    5440.00    5460.00 -4.820219045616870E-20  6.882373507831632E-20 73
 274    5460.00    5480.00  1.368464973183174E-20  1.090281257150609E-19 79
 275    5480.00    5500.00  4.504038717878779E-19  4.610922910613758E-19 60
 276    5500.00    5520.00  1.427976733880598E-19  9.823792633868448E-20 52
 277    5520.00    5540.00  3.670542352702718E-17  3.637581266978576E-17 47
 278    5540.00    5560.00  1.644745688991312E-22  1.258506360455030E-22 39
 279    5560.00    5580.00  5.455112217782587E-21  4.984989795747603E-21 32
 280    5580.00    5600.00  1.772516642219194E-20  1.239022555928460E-20 36
 281    5600.00    5620.00 -1.236265268604922E-20  1.050406485604092E-20 32
 282    5620.00    5640.00 -9.731677736086081E-20  9.591363044690192E-20 26
 283    5640.00    5660.00 -2.672892435033460E-21  2.708597980323797E-21 29
 284    5660.00    5680.00  5.786716725077120E-21  9.551575630019266E-21 16
 285    5680.00    5700.00  6.715897593926855E-20  5.056931654908035E-20 17
 286    5700.00    5720.00 -4.629872088373358E-24  4.247802126549444E-24 12
 287    5720.00    5740.00 -1.929915637338345E-19  1.908009869102104E-19 15
 288    5740.00    5760.00  5.822527378488398E-25  5.821492250602732E-25 6
 289    5760.00    5780.00  2.248062331550153E-21  2.272410857535795E-21 11
 290    5780.00    5800.00 -7.352036624629348E-22  7.981403706477014E-22 14
 291    5800.00    5820.00  4.203688383903562E-23  3.586250049393532E-23 9
 292    5820.00    5840.00  4.504180563020614E-23  4.504180796058228E-23 4
 293    5840.00    5860.00 -1.879658639071708E-24  1.879658637732802E-24 2
 294    5860.00    5880.00 -5.902382553198439E-23  5.902246468956817E-23 5
 295    5880.00    5900.00 -3.872806882120538E-30  4.285394720414581E-30 4
 296    5900.00    5920.00 -2.908769497727459E-24  2.908769299473801E-24 4
 297    5920.00    5940.00  2.546978019015924E-23  2.546978018787447E-23 3
 298    5940.00    5960.00  1.914306275050746E-24  1.920341256968329E-24 2
 299    5960.00    5980.00 -8.215721105420162E-30  8.215721100188092E-30 1
 300    5980.00    6000.00 -1.255897910303926E-28  1.255897909409328E-28 1
 301    6000.00    6020.00  2.206720399790766E-29  2.206720398912370E-29 1
 302    6020.00    6040.00 -2.133079181782170E-29  2.133079180933086E-29 1
 303    6040.00    6060.00  0.000000000000000E+00  0.000000000000000E+00 0
 304    6060.00    6080.00  0.000000000000000E+00  0.000000000000000E+00 0
 305    6080.00    6100.00  0.000000000000000E+00  0.000000000000000E+00 0
 306    6100.00    6120.00  0.000000000000000E+00  0.000000000000000E+00 0
 307    6120.00    6140.00  0.000000000000000E+00  0.000000000000000E+00 0
 308    6140.00    6160.00  0.000000000000000E+00  0.000000000000000E+00 0
 309    6160.00    6180.00  0.000000000000000E+00  0.000000000000000E+00 0
 310    6180.00    6200.00  0.000000000000000E+00  0.000000000000000E+00 0
 311    6200.00    6220.00  0.000000000000000E+00  0.000000000000000E+00 0
 312    6220.00    6240.00  0.000000000000000E+00  0.000000000000000E+00 0
 313    6240.00    6260.00  0.000000000000000E+00  0.000000000000000E+00 0
 314    6260.00    6280.00  0.000000000000000E+00  0.000000000000000E+00 0
 315    6280.00    6300.00  0.000000000000000E+00  0.000000000000000E+00 0
 316    6300.00    6320.00  0.000000000000000E+00  0.000000000000000E+00 0
 317    6320.00    6340.00  0.000000000000000E+00  0.000000000000000E+00 0
 318    6340.00    6360.00  0.000000000000000E+00  0.000000000000000E+00 0
 319    6360.00    6380.00  0.000000000000000E+00  0.000000000000000E+00 0
 320    6380.00    6400.00  0.000000000000000E+00  0.000000000000000E+00 0
 321    6400.00    6420.00  0.000000000000000E+00  0.000000000000000E+00 0
 322    6420.00    6440.00  0.000000000000000E+00  0.000000000000000E+00 0
 323    6440.00    6460.00  0.000000000000000E+00  0.000000000000000E+00 0
 324    6460.00    6480.00  0.000000000000000E+00  0.000000000000000E+00 0
 325    6480.00    6500.00  0.000000000000000E+00  0.000000000000000E+00 0
 326    6500.00    6520.00  0.000000000000000E+00  0.000000000000000E+00 0
 327    6520.00    6540.00  0.000000000000000E+00  0.000000000000000E+00 0
 328    6540.00    6560.00  0.000000000000000E+00  0.000000000000000E+00 0
 329    6560.00    6580.00  0.000000000000000E+00  0.000000000000000E+00 0
 330    6580.00    6600.00  0.000000000000000E+00  0.000000000000000E+00 0
 331    6600.00    6620.00  0.000000000000000E+00  0.000000000000000E+00 0
 332    6620.00    6640.00  0.000000000000000E+00  0.000000000000000E+00 0
 333    6640.00    6660.00  0.000000000000000E+00  0.000000000000000E+00 0
 334    6660.00    6680.00  0.000000000000000E+00  0.000000000000000E+00 0
 335    6680.00    6700.00  0.000000000000000E+00  0.000000000000000E+00 0
 336    6700.00    6720.00  0.000000000000000E+00  0.000000000000000E+00 0
 337    6720.00    6740.00  0.000000000000000E+00  0.000000000000000E+00 0
 338    6740.00    6760.00  0.000000000000000E+00  0.000000000000000E+00 0
 339    6760.00    6780.00  0.000000000000000E+00  0.000000000000000E+00 0
 340    6780.00    6800.00  0.000000000000000E+00  0.000000000000000E+00 0
 341    6800.00    6820.00  0.000000000000000E+00  0.000000000000000E+00 0
 342    6820.00    6840.00  0.000000000000000E+00  0.000000000000000E+00 0
 343    6840.00    6860.00  0.000000000000000E+00  0.000000000000000E+00 0
 344    6860.00    6880.00  0.000000000000000E+00  0.000000000000000E+00 0
 345    6880.00    6900.00  0.000000000000000E+00  0.000000000000000E+00 0
 346    6900.00    6920.00  0.000000000000000E+00  0.000000000000000E+00 0
 347    6920.00    6940.00  0.000000000000000E+00  0.000000000000000E+00 0
 348    6940.00    6960.00  0.000000000000000E+00  0.000000000000000E+00 0
 349    6960.00    6980.00  0.000000000000000E+00  0.000000000000000E+00 0
 350    6980.00    7000.00  0.000000000000000E+00  0.000000000000000E+00 0
 351    7000.00    7020.00  0.000000000000000E+00  0.000000000000000E+00 0
 352    7020.00    7040.00  0.000000000000000E+00  0.000000000000000E+00 0
 353    7040.00    7060.00  0.000000000000000E+00  0.000000000000000E+00 0
 354    7060.00    7080.00  0.000000000000000E+00  0.000000000000000E+00 0
 355    7080.00    7100.00  0.000000000000000E+00  0.000000000000000E+00 0
 356    7100.00    7120.00  0.000000000000000E+00  0.000000000000000E+00 0
 357    7120.00    7140.00  0.000000000000000E+00  0.000000000000000E+00 0
 358    7140.00    7160.00  0.000000000000000E+00  0.000000000000000E+00 0
 359    7160.00    7180.00  0.000000000000000E+00  0.000000000000000E+00 0
 360    7180.00    7200.00  0.000000000000000E+00  0.000000000000000E+00 0
 361    7200.00    7220.00  0.000000000000000E+00  0.000000000000000E+00 0
 362    7220.00    7240.00  0.000000000000000E+00  0.000000000000000E+00 0
 363    7240.00    7260.00  0.000000000000000E+00  0.000000000000000E+00 0
 364    7260.00    7280.00  0.000000000000000E+00  0.000000000000000E+00 0
 365    7280.00    7300.00  0.000000000000000E+00  0.000000000000000E+00 0
 366    7300.00    7320.00  0.000000000000000E+00  0.000000000000000E+00 0
 367    7320.00    7340.00  0.000000000000000E+00  0.000000000000000E+00 0
 368    7340.00    7360.00  0.000000000000000E+00  0.000000000000000E+00 0
 369    7360.00    7380.00  0.000000000000000E+00  0.000000000000000E+00 0
 370    7380.00    7400.00  0.000000000000000E+00  0.000000000000000E+00 0
 371    7400.00    7420.00  0.000000000000000E+00  0.000000000000000E+00 0
 372    7420.00    7440.00  0.000000000000000E+00  0.000000000000000E+00 0
 373    7440.00    7460.00  0.000000000000000E+00  0.000000000000000E+00 0
 374    7460.00    7480.00  0.000000000000000E+00  0.000000000000000E+00 0
 375    7480.00    7500.00  0.000000000000000E+00  0.000000000000000E+00 0
 376    7500.00    7520.00  0.000000000000000E+00  0.000000000000000E+00 0
 377    7520.00    7540.00  0.000000000000000E+00  0.000000000000000E+00 0
 378    7540.00    7560.00  0.000000000000000E+00  0.000000000000000E+00 0
 379    7560.00    7580.00  0.000000000000000E+00  0.000000000000000E+00 0
 380    7580.00    7600.00  0.000000000000000E+00  0.000000000000000E+00 0
 381    7600.00    7620.00  0.000000000000000E+00  0.000000000000000E+00 0
 382    7620.00    7640.00  0.000000000000000E+00  0.000000000000000E+00 0
 383    7640.00    7660.00  0.000000000000000E+00  0.000000000000000E+00 0
 384    7660.00    7680.00  0.000000000000000E+00  0.000000000000000E+00 0
 385    7680.00    7700.00  0.000000000000000E+00  0.000000000000000E+00 0
 386    7700.00    7720.00  0.000000000000000E+00  0.000000000000000E+00 0
 387    7720.00    7740.00  0.000000000000000E+00  0.000000000000000E+00 0
 388    7740.00    7760.00  0.000000000000000E+00  0.000000000000000E+00 0
 389    7760.00    7780.00  0.000000000000000E+00  0.000000000000000E+00 0
 390    7780.00    7800.00  0.000000000000000E+00  0.000000000000000E+00 0
 391    7800.00    7820.00  0.000000000000000E+00  0.000000000000000E+00 0
 392    7820.00    7840.00  0.000000000000000E+00  0.000000000000000E+00 0
 393    7840.00    7860.00  0.000000000000000E+00  0.000000000000000E+00 0
 394    7860.00    7880.00  0.000000000000000E+00  0.000000000000000E+00 0
 395    7880.00    7900.00  0.000000000000000E+00  0.000000000000000E+00 0
 396    7900.00    7920.00  0.000000000000000E+00  0.000000000000000E+00 0
 397    7920.00    7940.00  0.000000000000000E+00  0.000000000000000E+00 0
 398    7940.00    7960.00  0.000000000000000E+00  0.000000000000000E+00 0
 399    7960.00    7980.00  0.000000000000000E+00  0.000000000000000E+00 0
 400    7980.00    8000.00  0.000000000000000E+00  0.000000000000000E+00 0
 401    8000.00    8020.00  0.000000000000000E+00  0.000000000000000E+00 0
 402    8020.00    8040.00  0.000000000000000E+00  0.000000000000000E+00 0
 403    8040.00    8060.00  0.000000000000000E+00  0.000000000000000E+00 0
 404    8060.00    8080.00  0.000000000000000E+00  0.000000000000000E+00 0
 405    8080.00    8100.00  0.000000000000000E+00  0.000000000000000E+00 0
 406    8100.00    8120.00  0.000000000000000E+00  0.000000000000000E+00 0
 407    8120.00    8140.00  0.000000000000000E+00  0.000000000000000E+00 0
 408    8140.00    8160.00  0.000000000000000E+00  0.000000000000000E+00 0
 409    8160.00    8180.00  0.000000000000000E+00  0.000000000000000E+00 0
 410    8180.00    8200.00  0.000000000000000E+00  0.000000000000000E+00 0
 411    8200.00    8220.00  0.000000000000000E+00  0.000000000000000E+00 0
 412    8220.00    8240.00  0.000000000000000E+00  0.000000000000000E+00 0
 413    8240.00    8260.00  0.000000000000000E+00  0.000000000000000E+00 0
 414    8260.00    8280.00  0.000000000000000E+00  0.000000000000000E+00 0
 415    8280.00    8300.00  0.000000000000000E+00  0.000000000000000E+00 0
 416    8300.00    8320.00  0.000000000000000E+00  0.000000000000000E+00 0
 417    8320.00    8340.00  0.000000000000000E+00  0.000000000000000E+00 0
 418    8340.00    8360.00  0.000000000000000E+00  0.000000000000000E+00 0
 419    8360.00    8380.00  0.000000000000000E+00  0.000000000000000E+00 0
 420    8380.00    8400.00  0.000000000000000E+00  0.000000000000000E+00 0
 421    8400.00    8420.00  0.000000000000000E+00  0.000000000000000E+00 0
 422    8420.00    8440.00  0.000000000000000E+00  0.000000000000000E+00 0
 423    8440.00    8460.00  0.000000000000000E+00  0.000000000000000E+00 0
 424    8460.00    8480.00  0.000000000000000E+00  0.000000000000000E+00 0
 425    8480.00    8500.00  0.000000000000000E+00  0.000000000000000E+00 0
 426    8500.00    8520.00  0.000000000000000E+00  0.000000000000000E+00 0
 427    8520.00    8540.00  0.000000000000000E+00  0.000000000000000E+00 0
 428    8540.00    8560.00  0.000000000000000E+00  0.000000000000000E+00 0
 429    8560.00    8580.00  0.000000000000000E+00  0.000000000000000E+00 0
 430    8580.00    8600.00  0.000000000000000E+00  0.000000000000000E+00 0
 431    8600.00    8620.00  0.000000000000000E+00  0.000000000000000E+00 0
 432    8620.00    8640.00  0.000000000000000E+00  0.000000000000000E+00 0
 433    8640.00    8660.00  0.000000000000000E+00  0.000000000000000E+00 0
 434    8660.00    8680.00  0.000000000000000E+00  0.000000000000000E+00 0
 435    8680.00    8700.00  0.000000000000000E+00  0.000000000000000E+00 0
 436    8700.00    8720.00  0.000000000000000E+00  0.000000000000000E+00 0
 437    8720.00    8740.00  0.000000000000000E+00  0.000000000000000E+00 0
 438    8740.00    8760.00  0.000000000000000E+00  0.000000000000000E+00 0
 439    8760.00    8780.00  0.000000000000000E+00  0.000000000000000E+00 0
 440    8780.00    8800.00  0.000000000000000E+00  0.000000000000000E+00 0
 441    8800.00    8820.00  0.000000000000000E+00  0.000000000000000E+00 0
 442    8820.00    8840.00  0.000000000000000E+00  0.000000000000000E+00 0
 443    8840.00    8860.00  0.000000000000000E+00  0.000000000000000E+00 0
 444    8860.00    8880.00  0.000000000000000E+00  0.000000000000000E+00 0
 445    8880.00    8900.00  0.000000000000000E+00  0.000000000000000E+00 0
 446    8900.00    8920.00  0.000000000000000E+00  0.000000000000000E+00 0
 447    8920.00    8940.00  0.000000000000000E+00  0.000000000000000E+00 0
 448    8940.00    8960.00  0.000000000000000E+00  0.000000000000000E+00 0
 449    8960.00    8980.00  0.000000000000000E+00  0.000000000000000E+00 0
 450    8980.00    9000.00  0.000000000000000E+00  0.000000000000000E+00 0
 451    9000.00    9020.00  0.000000000000000E+00  0.000000000000000E+00 0
 452    9020.00    9040.00  0.000000000000000E+00  0.000000000000000E+00 0
 453    9040.00    9060.00  0.000000000000000E+00  0.000000000000000E+00 0
 454    9060.00    9080.00  0.000000000000000E+00  0.000000000000000E+00 0
 455    9080.00    9100.00  0.000000000000000E+00  0.000000000000000E+00 0
 456    9100.00    9120.00  0.000000000000000E+00  0.000000000000000E+00 0
 457    9120.00    9140.00  0.000000000000000E+00  0.000000000000000E+00 0
 458    9140.00    9160.00  0.000000000000000E+00  0.000000000000000E+00 0
 459    9160.00    9180.00  0.000000000000000E+00  0.000000000000000E+00 0
 460    9180.00    9200.00  0.000000000000000E+00  0.000000000000000E+00 0
 461    9200.00    9220.00  0.000000000000000E+00  0.000000000000000E+00 0
 462    9220.00    9240.00  0.000000000000000E+00  0.000000000000000E+00 0
 463    9240.00    9260.00  0.000000000000000E+00  0.000000000000000E+00 0
 464    9260.00    9280.00  0.000000000000000E+00  0.000000000000000E+00 0
 465    9280.00    9300.00  0.000000000000000E+00  0.000000000000000E+00 0
 466    9300.00    9320.00  0.000000000000000E+00  0.000000000000000E+00 0
 467    9320.00    9340.00  0.000000000000000E+00  0.000000000000000E+00 0
 468    9340.00    9360.00  0.000000000000000E+00  0.000000000000000E+00 0
 469    9360.00    9380.00  0.000000000000000E+00  0.000000000000000E+00 0
 470    9380.00    9400.00  0.000000000000000E+00  0.000000000000000E+00 0
 471    9400.00    9420.00  0.000000000000000E+00  0.000000000000000E+00 0
 472    9420.00    9440.00  0.000000000000000E+00  0.000000000000000E+00 0
 473    9440.00    9460.00  0.000000000000000E+00  0.000000000000000E+00 0
 474    9460.00    9480.00  0.000000000000000E+00  0.000000000000000E+00 0
 475    9480.00    9500.00  0.000000000000000E+00  0.000000000000000E+00 0
 476    9500.00    9520.00  0.000000000000000E+00  0.000000000000000E+00 0
 477    9520.00    9540.00  0.000000000000000E+00  0.000000000000000E+00 0
 478    9540.00    9560.00  0.000000000000000E+00  0.000000000000000E+00 0
 479    9560.00    9580.00  0.000000000000000E+00  0.000000000000000E+00 0
 480    9580.00    9600.00  0.000000000000000E+00  0.000000000000000E+00 0
 481    9600.00    9620.00  0.000000000000000E+00  0.000000000000000E+00 0
 482    9620.00    9640.00  0.000000000000000E+00  0.000000000000000E+00 0
 483    9640.00    9660.00  0.000000000000000E+00  0.000000000000000E+00 0
 484    9660.00    9680.00  0.000000000000000E+00  0.000000000000000E+00 0
 485    9680.00    9700.00  0.000000000000000E+00  0.000000000000000E+00 0
 486    9700.00    9720.00  0.000000000000000E+00  0.000000000000000E+00 0
 487    9720.00    9740.00  0.000000000000000E+00  0.000000000000000E+00 0
 488    9740.00    9760.00  0.000000000000000E+00  0.000000000000000E+00 0
 489    9760.00    9780.00  0.000000000000000E+00  0.000000000000000E+00 0
 490    9780.00    9800.00  0.000000000000000E+00  0.000000000000000E+00 0
 491    9800.00    9820.00  0.000000000000000E+00  0.000000000000000E+00 0
 492    9820.00    9840.00  0.000000000000000E+00  0.000000000000000E+00 0
 493    9840.00    9860.00  0.000000000000000E+00  0.000000000000000E+00 0
 494    9860.00    9880.00  0.000000000000000E+00  0.000000000000000E+00 0
 495    9880.00    9900.00  0.000000000000000E+00  0.000000000000000E+00 0
 496    9900.00    9920.00  0.000000000000000E+00  0.000000000000000E+00 0
 497    9920.00    9940.00  0.000000000000000E+00  0.000000000000000E+00 0
 498    9940.00    9960.00  0.000000000000000E+00  0.000000000000000E+00 0
 499    9960.00    9980.00  0.000000000000000E+00  0.000000000000000E+00 0
 500    9980.00   10000.00  0.000000000000000E+00  0.000000000000000E+00 0
 501   10000.00   10020.00  0.000000000000000E+00  0.000000000000000E+00 0
 502   10020.00   10040.00  0.000000000000000E+00  0.000000000000000E+00 0
 503   10040.00   10060.00  0.000000000000000E+00  0.000000000000000E+00 0
 504   10060.00   10080.00  0.000000000000000E+00  0.000000000000000E+00 0
 505   10080.00   10100.00  0.000000000000000E+00  0.000000000000000E+00 0
 506   10100.00   10120.00  0.000000000000000E+00  0.000000000000000E+00 0
 507   10120.00   10140.00  0.000000000000000E+00  0.000000000000000E+00 0
 508   10140.00   10160.00  0.000000000000000E+00  0.000000000000000E+00 0
 509   10160.00   10180.00  0.000000000000000E+00  0.000000000000000E+00 0
 510   10180.00   10200.00  0.000000000000000E+00  0.000000000000000E+00 0
 511   10200.00   10220.00  0.000000000000000E+00  0.000000000000000E+00 0
 512   10220.00   10240.00  0.000000000000000E+00  0.000000000000000E+00 0
 513   10240.00   10260.00  0.000000000000000E+00  0.000000000000000E+00 0
 514   10260.00   10280.00  0.000000000000000E+00  0.000000000000000E+00 0
 515   10280.00   10300.00  0.000000000000000E+00  0.000000000000000E+00 0
 516   10300.00   10320.00  0.000000000000000E+00  0.000000000000000E+00 0
 517   10320.00   10340.00  0.000000000000000E+00  0.000000000000000E+00 0
 518   10340.00   10360.00  0.000000000000000E+00  0.000000000000000E+00 0
 519   10360.00   10380.00  0.000000000000000E+00  0.000000000000000E+00 0
 520   10380.00   10400.00  0.000000000000000E+00  0.000000000000000E+00 0
 521   10400.00   10420.00  0.000000000000000E+00  0.000000000000000E+00 0
 522   10420.00   10440.00  0.000000000000000E+00  0.000000000000000E+00 0
 523   10440.00   10460.00  0.000000000000000E+00  0.000000000000000E+00 0
 524   10460.00   10480.00  0.000000000000000E+00  0.000000000000000E+00 0
 525   10480.00   10500.00  0.000000000000000E+00  0.000000000000000E+00 0
 526   10500.00   10520.00  0.000000000000000E+00  0.000000000000000E+00 0
 527   10520.00   10540.00  0.000000000000000E+00  0.000000000000000E+00 0
 528   10540.00   10560.00  0.000000000000000E+00  0.000000000000000E+00 0
 529   10560.00   10580.00  0.000000000000000E+00  0.000000000000000E+00 0
 530   10580.00   10600.00  0.000000000000000E+00  0.000000000000000E+00 0
 531   10600.00   10620.00  0.000000000000000E+00  0.000000000000000E+00 0
 532   10620.00   10640.00  0.000000000000000E+00  0.000000000000000E+00 0
 533   10640.00   10660.00  0.000000000000000E+00  0.000000000000000E+00 0
 534   10660.00   10680.00  0.000000000000000E+00  0.000000000000000E+00 0
 535   10680.00   10700.00  0.000000000000000E+00  0.000000000000000E+00 0
 536   10700.00   10720.00  0.000000000000000E+00  0.000000000000000E+00 0
 537   10720.00   10740.00  0.000000000000000E+00  0.000000000000000E+00 0
 538   10740.00   10760.00  0.000000000000000E+00  0.000000000000000E+00 0
 539   10760.00   10780.00  0.000000000000000E+00  0.000000000000000E+00 0
 540   10780.00   10800.00  0.000000000000000E+00  0.000000000000000E+00 0
 541   10800.00   10820.00  0.000000000000000E+00  0.000000000000000E+00 0
 542   10820.00   10840.00  0.000000000000000E+00  0.000000000000000E+00 0
 543   10840.00   10860.00  0.000000000000000E+00  0.000000000000000E+00 0
 544   10860.00   10880.00  0.000000000000000E+00  0.000000000000000E+00 0
 545   10880.00   10900.00  0.000000000000000E+00  0.000000000000000E+00 0
 546   10900.00   10920.00  0.000000000000000E+00  0.000000000000000E+00 0
 547   10920.00   10940.00  0.000000000000000E+00  0.000000000000000E+00 0
 548   10940.00   10960.00  0.000000000000000E+00  0.000000000000000E+00 0
 549   10960.00   10980.00  0.000000000000000E+00  0.000000000000000E+00 0
 550   10980.00   11000.00  0.000000000000000E+00  0.000000000000000E+00 0
 551   11000.00   11020.00  0.000000000000000E+00  0.000000000000000E+00 0
 552   11020.00   11040.00  0.000000000000000E+00  0.000000000000000E+00 0
 553   11040.00   11060.00  0.000000000000000E+00  0.000000000000000E+00 0
 554   11060.00   11080.00  0.000000000000000E+00  0.000000000000000E+00 0
 555   11080.00   11100.00  0.000000000000000E+00  0.000000000000000E+00 0
 556   11100.00   11120.00  0.000000000000000E+00  0.000000000000000E+00 0
 557   11120.00   11140.00  0.000000000000000E+00  0.000000000000000E+00 0
 558   11140.00   11160.00  0.000000000000000E+00  0.000000000000000E+00 0
 559   11160.00   11180.00  0.000000000000000E+00  0.000000000000000E+00 0
 560   11180.00   11200.00  0.000000000000000E+00  0.000000000000000E+00 0
 561   11200.00   11220.00  0.000000000000000E+00  0.000000000000000E+00 0
 562   11220.00   11240.00  0.000000000000000E+00  0.000000000000000E+00 0
 563   11240.00   11260.00  0.000000000000000E+00  0.000000000000000E+00 0
 564   11260.00   11280.00  0.000000000000000E+00  0.000000000000000E+00 0
 565   11280.00   11300.00  0.000000000000000E+00  0.000000000000000E+00 0
 566   11300.00   11320.00  0.000000000000000E+00  0.000000000000000E+00 0
 567   11320.00   11340.00  0.000000000000000E+00  0.000000000000000E+00 0
 568   11340.00   11360.00  0.000000000000000E+00  0.000000000000000E+00 0
 569   11360.00   11380.00  0.000000000000000E+00  0.000000000000000E+00 0
 570   11380.00   11400.00  0.000000000000000E+00  0.000000000000000E+00 0
 571   11400.00   11420.00  0.000000000000000E+00  0.000000000000000E+00 0
 572   11420.00   11440.00  0.000000000000000E+00  0.000000000000000E+00 0
 573   11440.00   11460.00  0.000000000000000E+00  0.000000000000000E+00 0
 574   11460.00   11480.00  0.000000000000000E+00  0.000000000000000E+00 0
 575   11480.00   11500.00  0.000000000000000E+00  0.000000000000000E+00 0
 576   11500.00   11520.00  0.000000000000000E+00  0.000000000000000E+00 0
 577   11520.00   11540.00  0.000000000000000E+00  0.000000000000000E+00 0
 578   11540.00   11560.00  0.000000000000000E+00  0.000000000000000E+00 0
 579   11560.00   11580.00  0.000000000000000E+00  0.000000000000000E+00 0
 580   11580.00   11600.00  0.000000000000000E+00  0.000000000000000E+00 0
 581   11600.00   11620.00  0.000000000000000E+00  0.000000000000000E+00 0
 582   11620.00   11640.00  0.000000000000000E+00  0.000000000000000E+00 0
 583   11640.00   11660.00  0.000000000000000E+00  0.000000000000000E+00 0
 584   11660.00   11680.00  0.000000000000000E+00  0.000000000000000E+00 0
 585   11680.00   11700.00  0.000000000000000E+00  0.000000000000000E+00 0
 586   11700.00   11720.00  0.000000000000000E+00  0.000000000000000E+00 0
 587   11720.00   11740.00  0.000000000000000E+00  0.000000000000000E+00 0
 588   11740.00   11760.00  0.000000000000000E+00  0.000000000000000E+00 0
 589   11760.00   11780.00  0.000000000000000E+00  0.000000000000000E+00 0
 590   11780.00   11800.00  0.000000000000000E+00  0.000000000000000E+00 0
 591   11800.00   11820.00  0.000000000000000E+00  0.000000000000000E+00 0
 592   11820.00   11840.00  0.000000000000000E+00  0.000000000000000E+00 0
 593   11840.00   11860.00  0.000000000000000E+00  0.000000000000000E+00 0
 594   11860.00   11880.00  0.000000000000000E+00  0.000000000000000E+00 0
 595   11880.00   11900.00  0.000000000000000E+00  0.000000000000000E+00 0
 596   11900.00   11920.00  0.000000000000000E+00  0.000000000000000E+00 0
 597   11920.00   11940.00  0.000000000000000E+00  0.000000000000000E+00 0
 598   11940.00   11960.00  0.000000000000000E+00  0.000000000000000E+00 0
 599   11960.00   11980.00  0.000000000000000E+00  0.000000000000000E+00 0
 600   11980.00   12000.00  0.000000000000000E+00  0.000000000000000E+00 0
 601   12000.00   12020.00  0.000000000000000E+00  0.000000000000000E+00 0
 602   12020.00   12040.00  0.000000000000000E+00  0.000000000000000E+00 0
 603   12040.00   12060.00  0.000000000000000E+00  0.000000000000000E+00 0
 604   12060.00   12080.00  0.000000000000000E+00  0.000000000000000E+00 0
 605   12080.00   12100.00  0.000000000000000E+00  0.000000000000000E+00 0
 606   12100.00   12120.00  0.000000000000000E+00  0.000000000000000E+00 0
 607   12120.00   12140.00  0.000000000000000E+00  0.000000000000000E+00 0
 608   12140.00   12160.00  0.000000000000000E+00  0.000000000000000E+00 0
 609   12160.00   12180.00  0.000000000000000E+00  0.000000000000000E+00 0
 610   12180.00   12200.00  0.000000000000000E+00  0.000000000000000E+00 0
 611   12200.00   12220.00  0.000000000000000E+00  0.000000000000000E+00 0
 612   12220.00   12240.00  0.000000000000000E+00  0.000000000000000E+00 0
 613   12240.00   12260.00  0.000000000000000E+00  0.000000000000000E+00 0
 614   12260.00   12280.00  0.000000000000000E+00  0.000000000000000E+00 0
 615   12280.00   12300.00  0.000000000000000E+00  0.000000000000000E+00 0
 616   12300.00   12320.00  0.000000000000000E+00  0.000000000000000E+00 0
 617   12320.00   12340.00  0.000000000000000E+00  0.000000000000000E+00 0
 618   12340.00   12360.00  0.000000000000000E+00  0.000000000000000E+00 0
 619   12360.00   12380.00  0.000000000000000E+00  0.000000000000000E+00 0
 620   12380.00   12400.00  0.000000000000000E+00  0.000000000000000E+00 0
 621   12400.00   12420.00  0.000000000000000E+00  0.000000000000000E+00 0
 622   12420.00   12440.00  0.000000000000000E+00  0.000000000000000E+00 0
 623   12440.00   12460.00  0.000000000000000E+00  0.000000000000000E+00 0
 624   12460.00   12480.00  0.000000000000000E+00  0.000000000000000E+00 0
 625   12480.00   12500.00  0.000000000000000E+00  0.000000000000000E+00 0
 626   12500.00   12520.00  0.000000000000000E+00  0.000000000000000E+00 0
 627   12520.00   12540.00  0.000000000000000E+00  0.000000000000000E+00 0
 628   12540.00   12560.00  0.000000000000000E+00  0.000000000000000E+00 0
 629   12560.00   12580.00  0.000000000000000E+00  0.000000000000000E+00 0
 630   12580.00   12600.00  0.000000000000000E+00  0.000000000000000E+00 0
 631   12600.00   12620.00  0.000000000000000E+00  0.000000000000000E+00 0
 632   12620.00   12640.00  0.000000000000000E+00  0.000000000000000E+00 0
 633   12640.00   12660.00  0.000000000000000E+00  0.000000000000000E+00 0
 634   12660.00   12680.00  0.000000000000000E+00  0.000000000000000E+00 0
 635   12680.00   12700.00  0.000000000000000E+00  0.000000000000000E+00 0
 636   12700.00   12720.00  0.000000000000000E+00  0.000000000000000E+00 0
 637   12720.00   12740.00  0.000000000000000E+00  0.000000000000000E+00 0
 638   12740.00   12760.00  0.000000000000000E+00  0.000000000000000E+00 0
 639   12760.00   12780.00  0.000000000000000E+00  0.000000000000000E+00 0
 640   12780.00   12800.00  0.000000000000000E+00  0.000000000000000E+00 0
 641   12800.00   12820.00  0.000000000000000E+00  0.000000000000000E+00 0
 642   12820.00   12840.00  0.000000000000000E+00  0.000000000000000E+00 0
 643   12840.00   12860.00  0.000000000000000E+00  0.000000000000000E+00 0
 644   12860.00   12880.00  0.000000000000000E+00  0.000000000000000E+00 0
 645   12880.00   12900.00  0.000000000000000E+00  0.000000000000000E+00 0
 646   12900.00   12920.00  0.000000000000000E+00  0.000000000000000E+00 0
 647   12920.00   12940.00  0.000000000000000E+00  0.000000000000000E+00 0
 648   12940.00   12960.00  0.000000000000000E+00  0.000000000000000E+00 0
 649   12960.00   12980.00  0.000000000000000E+00  0.000000000000000E+00 0
 650   12980.00   13000.00  0.000000000000000E+00  0.000000000000000E+00 0
# Underflow:                 0.0000000000000000E+00  0.0000000000000000E+00 0
# Overflow:                  0.0000000000000000E+00  0.0000000000000000E+00 0
#-------------------------------------------------------------------------------------
# Sum:                      -5.1493147386101699E-03  4.8399135479334452E-05 206000
#=====================================================================================
