# title = Invariant Mass j-j-positron System
# xlabel = $M_{\text{j}_1\text{j}_2\text{e}^+}\,$[GeV]
# ylabel = $\frac{\text{d}\sigma}{\text{d}M_{\text{j}_1\text{j}_2\text{e}^+}}\,\left[\frac{\text{fb}}{\text{GeV}}\right]$
# xmin=  0.000E+00
# xmax=  1.600E+03
# ymin=  1.000E-06
# ymax=  1.000E-02
# kmin= -2.000E+01
# kmax=  1.000E+01
# logscale = true
# Renormalization and factorization scale scaled by: 1.0000000000
# Renormalization scaled by: 1.0000000000
# Number of generated events: 5283716945
#
#=====================================================================================
# No.       Left      Right                   Value                   Error Hits
#-------------------------------------------------------------------------------------
   1       0.00      40.00  0.000000000000000E+00  0.000000000000000E+00 0
   2      40.00      80.00  0.000000000000000E+00  0.000000000000000E+00 0
   3      80.00     120.00  0.000000000000000E+00  0.000000000000000E+00 0
   4     120.00     160.00  0.000000000000000E+00  0.000000000000000E+00 0
   5     160.00     200.00  0.000000000000000E+00  0.000000000000000E+00 0
   6     200.00     240.00  0.000000000000000E+00  0.000000000000000E+00 0
   7     240.00     280.00  0.000000000000000E+00  0.000000000000000E+00 0
   8     280.00     320.00  0.000000000000000E+00  0.000000000000000E+00 0
   9     320.00     360.00  0.000000000000000E+00  0.000000000000000E+00 0
  10     360.00     400.00  0.000000000000000E+00  0.000000000000000E+00 0
  11     400.00     440.00  0.000000000000000E+00  0.000000000000000E+00 0
  12     440.00     480.00  0.000000000000000E+00  0.000000000000000E+00 0
  13     480.00     520.00  2.147327490284156E-07  4.620805203099851E-09 31397
  14     520.00     560.00  1.418022721320206E-04  1.141705424257879E-07 23896836
  15     560.00     600.00  4.231080204387203E-04  2.040393427219806E-07 64516958
  16     600.00     640.00  6.047447593712008E-04  2.546591506011236E-07 83167825
  17     640.00     680.00  7.182497129443200E-04  2.916501644386963E-07 92810177
  18     680.00     720.00  7.919733336094327E-04  3.191437398957747E-07 97927309
  19     720.00     760.00  8.431244995496446E-04  3.432568325003921E-07 100516103
  20     760.00     800.00  8.773101015593490E-04  3.640624420752741E-07 101508578
  21     800.00     840.00  8.994923685613274E-04  3.837602221711416E-07 101435123
  22     840.00     880.00  9.146584936891328E-04  4.026273951952481E-07 100715102
  23     880.00     920.00  9.206827408633706E-04  4.179378952556496E-07 99512058
  24     920.00     960.00  9.232851050685877E-04  4.339155369633809E-07 97923066
  25     960.00    1000.00  9.193220434667051E-04  4.464752170989794E-07 96176886
  26    1000.00    1040.00  9.145075700924569E-04  4.650005599882760E-07 94259970
  27    1040.00    1080.00  9.038532574199208E-04  4.716452777500966E-07 92258127
  28    1080.00    1120.00  8.919269818655441E-04  4.822588362698797E-07 90167635
  29    1120.00    1160.00  8.785426828048210E-04  4.923494321264139E-07 88060939
  30    1160.00    1200.00  8.633260149199266E-04  5.034308440536568E-07 85942906
  31    1200.00    1240.00  8.473492216576870E-04  5.088317578477323E-07 83836164
  32    1240.00    1280.00  8.289917983570701E-04  5.164281795993977E-07 81753716
  33    1280.00    1320.00  8.099805181047444E-04  5.216450697482167E-07 79676140
  34    1320.00    1360.00  7.911572115071153E-04  5.298250404320133E-07 77645275
  35    1360.00    1400.00  7.707356377890021E-04  5.308203647873067E-07 75626098
  36    1400.00    1440.00  7.507468349095609E-04  5.373488340356571E-07 73692415
  37    1440.00    1480.00  7.312838480935776E-04  5.391475148676986E-07 71791578
  38    1480.00    1520.00  7.106938916120879E-04  5.430355214693673E-07 69932522
  39    1520.00    1560.00  6.907380450032365E-04  5.446310123461464E-07 68123553
  40    1560.00    1600.00  6.703954079507181E-04  5.427625372668527E-07 66367191
  41    1600.00    1640.00  6.517562454074619E-04  5.462735955157911E-07 64661089
  42    1640.00    1680.00  6.300979906962651E-04  5.458838795889826E-07 62985230
  43    1680.00    1720.00  6.111549113380177E-04  5.450936863288032E-07 61348819
  44    1720.00    1760.00  5.922818654298742E-04  5.466530893881355E-07 59783667
  45    1760.00    1800.00  5.732081363971482E-04  5.421617695581464E-07 58242058
  46    1800.00    1840.00  5.559722593371000E-04  5.453765997245677E-07 56789720
  47    1840.00    1880.00  5.355426008314488E-04  5.364548723771044E-07 55331017
  48    1880.00    1920.00  5.189070519838161E-04  5.383816702828398E-07 53946797
  49    1920.00    1960.00  5.007986545845174E-04  5.344403724449391E-07 52581808
  50    1960.00    2000.00  4.854051590403100E-04  5.327019015680929E-07 51279339
  51    2000.00    2040.00  4.676979982880793E-04  5.225851853973074E-07 50017926
  52    2040.00    2080.00  4.515878588187319E-04  5.251622098091668E-07 48766688
  53    2080.00    2120.00  4.354377979324958E-04  5.173824211690617E-07 47583209
  54    2120.00    2160.00  4.212334693506997E-04  5.100697187194022E-07 46408451
  55    2160.00    2200.00  4.059883967796259E-04  5.121042134314286E-07 45278810
  56    2200.00    2240.00  3.921836622187042E-04  5.052119465621325E-07 44190023
  57    2240.00    2280.00  3.771002487467251E-04  4.964566417784311E-07 43114123
  58    2280.00    2320.00  3.630478143787069E-04  4.879071984432447E-07 42076781
  59    2320.00    2360.00  3.510128308829522E-04  4.852423559551488E-07 41081105
  60    2360.00    2400.00  3.367801727118727E-04  4.724559500646999E-07 40117727
  61    2400.00    2440.00  3.250271784253381E-04  4.704701940376710E-07 39157263
  62    2440.00    2480.00  3.118638017241369E-04  4.586139907149786E-07 38253445
  63    2480.00    2520.00  2.998918772000647E-04  4.507308332184983E-07 37350790
  64    2520.00    2560.00  2.898389583601110E-04  4.500393463635258E-07 36486976
  65    2560.00    2600.00  2.781691301130682E-04  4.425339628499721E-07 35639100
  66    2600.00    2640.00  2.673683686592063E-04  4.307778016237266E-07 34822684
  67    2640.00    2680.00  2.567163295558842E-04  4.250888425402489E-07 34024701
  68    2680.00    2720.00  2.469539249056817E-04  4.190795594547571E-07 33247397
  69    2720.00    2760.00  2.381085259572958E-04  4.147077784874318E-07 32506996
  70    2760.00    2800.00  2.291662843692030E-04  4.100524376117102E-07 31766918
  71    2800.00    2840.00  2.196292851510292E-04  3.978347127982719E-07 31055363
  72    2840.00    2880.00  2.105047383103950E-04  3.880176755579260E-07 30358260
  73    2880.00    2920.00  2.023302567300897E-04  3.820699732444452E-07 29683061
  74    2920.00    2960.00  1.933963255101927E-04  3.705936098130569E-07 29027780
  75    2960.00    3000.00  1.866809603133207E-04  3.712991988756529E-07 28397672
  76    3000.00    3040.00  1.788312635226150E-04  3.633455225225706E-07 27770611
  77    3040.00    3080.00  1.720647387410901E-04  3.598414677985055E-07 27156901
  78    3080.00    3120.00  1.639435996558919E-04  3.379402522527676E-07 26569047
  79    3120.00    3160.00  1.573941774644728E-04  3.339622391825583E-07 25998601
  80    3160.00    3200.00  1.507469211066356E-04  3.275091568310428E-07 25432865
  81    3200.00    3240.00  1.447445527629485E-04  3.193788497163545E-07 24891701
  82    3240.00    3280.00  1.383538418876004E-04  3.146796020000504E-07 24347220
  83    3280.00    3320.00  1.327169564978228E-04  3.026584630086489E-07 23833885
  84    3320.00    3360.00  1.270668987671615E-04  3.005784632650193E-07 23336369
  85    3360.00    3400.00  1.218130099549751E-04  2.901971824103993E-07 22835479
  86    3400.00    3440.00  1.161827240316506E-04  2.841221449444698E-07 22352960
  87    3440.00    3480.00  1.109641450410445E-04  2.702892006556883E-07 21886356
  88    3480.00    3520.00  1.060234950281951E-04  2.675777385665575E-07 21429322
  89    3520.00    3560.00  1.021060710173293E-04  2.635366131408162E-07 20993057
  90    3560.00    3600.00  9.758219711825812E-05  2.538665427249505E-07 20553776
  91    3600.00    3640.00  9.307327893961912E-05  2.465905740643393E-07 20119899
  92    3640.00    3680.00  8.904997303158366E-05  2.542858730791636E-07 19711188
  93    3680.00    3720.00  8.554737832226917E-05  2.378337510658752E-07 19302697
  94    3720.00    3760.00  8.099116278000159E-05  2.241737063171022E-07 18907828
  95    3760.00    3800.00  7.781222328730888E-05  2.210897675764150E-07 18519489
  96    3800.00    3840.00  7.393426509909688E-05  2.114518272352775E-07 18147375
  97    3840.00    3880.00  7.072810177852385E-05  2.110660736349932E-07 17769148
  98    3880.00    3920.00  6.710294261514763E-05  1.998640369064158E-07 17414405
  99    3920.00    3960.00  6.473441389136462E-05  1.986258970859621E-07 17064491
 100    3960.00    4000.00  6.144301338023239E-05  1.914541558057019E-07 16718244
 101    4000.00    4040.00  5.844594213959831E-05  1.841767859818841E-07 16378167
 102    4040.00    4080.00  5.584986473559114E-05  1.776805446825511E-07 16054382
 103    4080.00    4120.00  5.326464509350641E-05  1.714619131501297E-07 15730361
 104    4120.00    4160.00  5.056090366572027E-05  1.649143381548785E-07 15419839
 105    4160.00    4200.00  4.792600947680216E-05  1.583100103563784E-07 15112268
 106    4200.00    4240.00  4.614408936801846E-05  1.555630021780447E-07 14812962
 107    4240.00    4280.00  4.372964175414805E-05  1.505845639752379E-07 14509911
 108    4280.00    4320.00  4.157403188365859E-05  1.457333059326052E-07 14230708
 109    4320.00    4360.00  3.964013575144544E-05  1.450151687172642E-07 13945346
 110    4360.00    4400.00  3.773911614443990E-05  1.340131787280139E-07 13664262
 111    4400.00    4440.00  3.573931577657185E-05  1.281162820867917E-07 13404183
 112    4440.00    4480.00  3.397961430566518E-05  1.269789482254953E-07 13132765
 113    4480.00    4520.00  3.246296587743284E-05  1.218815082433983E-07 12874549
 114    4520.00    4560.00  3.089207922012321E-05  1.175259371842088E-07 12623218
 115    4560.00    4600.00  2.893185283179695E-05  1.121513441453518E-07 12379231
 116    4600.00    4640.00  2.780616442047478E-05  1.105572068296365E-07 12138996
 117    4640.00    4680.00  2.647149077140753E-05  1.071754976506339E-07 11899578
 118    4680.00    4720.00  2.501083861346339E-05  9.985454282798468E-08 11667293
 119    4720.00    4760.00  2.384475467661039E-05  9.929811586757890E-08 11444626
 120    4760.00    4800.00  2.251358340281000E-05  9.472860877143222E-08 11223559
 121    4800.00    4840.00  2.137179349827908E-05  9.193055807495850E-08 10994288
 122    4840.00    4880.00  2.027200425210124E-05  8.651171533719480E-08 10791494
 123    4880.00    4920.00  1.912160247972566E-05  8.082068893151286E-08 10577300
 124    4920.00    4960.00  1.808289041319681E-05  8.135400786976006E-08 10374469
 125    4960.00    5000.00  1.713402700033734E-05  7.696519799786636E-08 10166426
 126    5000.00    5040.00  1.630884572595856E-05  7.379503605757841E-08 9974306
 127    5040.00    5080.00  1.547122983014583E-05  7.058102386156767E-08 9787053
 128    5080.00    5120.00  1.459728058959361E-05  6.699068014970792E-08 9595988
 129    5120.00    5160.00  1.387541756162326E-05  6.545886288770012E-08 9409262
 130    5160.00    5200.00  1.302748253140726E-05  6.230198474134512E-08 9229692
 131    5200.00    5240.00  1.221684041339785E-05  5.838748395225891E-08 9048251
 132    5240.00    5280.00  1.165780621473242E-05  5.710562902780623E-08 8883808
 133    5280.00    5320.00  1.103508211685925E-05  5.453469676315538E-08 8707771
 134    5320.00    5360.00  1.046184205666051E-05  5.273793794061756E-08 8537775
 135    5360.00    5400.00  9.896632058962674E-06  5.138255634381899E-08 8375535
 136    5400.00    5440.00  9.354857601998787E-06  4.785512015423823E-08 8208925
 137    5440.00    5480.00  8.711032807691370E-06  4.470323745114781E-08 8054152
 138    5480.00    5520.00  8.286127737906297E-06  4.326004096214822E-08 7895247
 139    5520.00    5560.00  7.841212773458629E-06  4.149757783292669E-08 7745491
 140    5560.00    5600.00  7.374107692490345E-06  3.987853860695746E-08 7593203
 141    5600.00    5640.00  6.936262287391247E-06  4.108866805925228E-08 7449537
 142    5640.00    5680.00  6.518309596861003E-06  3.595871431002852E-08 7307418
 143    5680.00    5720.00  6.151141274317684E-06  3.380916275425289E-08 7165429
 144    5720.00    5760.00  5.778452235600109E-06  3.166401466645064E-08 7023594
 145    5760.00    5800.00  5.399052129444170E-06  3.045284518022120E-08 6889692
 146    5800.00    5840.00  5.156161846202109E-06  3.059533381663705E-08 6753380
 147    5840.00    5880.00  4.821162545181767E-06  2.761967363654743E-08 6627511
 148    5880.00    5920.00  4.539419095275653E-06  2.765830071939793E-08 6496121
 149    5920.00    5960.00  4.278651560701198E-06  2.551683085460293E-08 6370027
 150    5960.00    6000.00  3.975583466579180E-06  2.372197600117387E-08 6245355
 151    6000.00    6040.00  3.736877079664994E-06  2.240519451801535E-08 6128376
 152    6040.00    6080.00  3.529768689145630E-06  2.107352668503823E-08 6009179
 153    6080.00    6120.00  3.316088503103028E-06  2.068833799757845E-08 5890245
 154    6120.00    6160.00  3.144624115287385E-06  1.979075751878505E-08 5778947
 155    6160.00    6200.00  2.916527543007951E-06  1.881068618360823E-08 5665111
 156    6200.00    6240.00  2.728565140909486E-06  1.738282957983042E-08 5557322
 157    6240.00    6280.00  2.573455506936363E-06  1.656725273951055E-08 5444364
 158    6280.00    6320.00  2.417482322375724E-06  1.590413172730215E-08 5341172
 159    6320.00    6360.00  2.272454677597367E-06  1.505229249266593E-08 5234355
 160    6360.00    6400.00  2.133816529595179E-06  1.456144815037773E-08 5131695
 161    6400.00    6440.00  1.983336596250048E-06  1.363321827427553E-08 5032840
 162    6440.00    6480.00  1.840041748627614E-06  1.288438909682714E-08 4929629
 163    6480.00    6520.00  1.738811319244259E-06  1.293398798935648E-08 4831390
 164    6520.00    6560.00  1.622865174508505E-06  1.122751774194492E-08 4738717
 165    6560.00    6600.00  1.502731632853466E-06  1.052433227120575E-08 4645660
 166    6600.00    6640.00  1.415636585625893E-06  1.016000351116959E-08 4555314
 167    6640.00    6680.00  1.310658743426545E-06  9.971324901375302E-09 4463178
 168    6680.00    6720.00  1.223031413267370E-06  9.209956099924245E-09 4373877
 169    6720.00    6760.00  1.167847540532038E-06  8.997461285872365E-09 4285986
 170    6760.00    6800.00  1.073834960514680E-06  7.971184256082895E-09 4200172
 171    6800.00    6840.00  1.002964258230071E-06  7.558692263781205E-09 4117768
 172    6840.00    6880.00  9.401812220834950E-07  7.267932186692248E-09 4034932
 173    6880.00    6920.00  8.570498606120516E-07  6.658811518423010E-09 3954064
 174    6920.00    6960.00  8.008325777895908E-07  6.172547290533571E-09 3876667
 175    6960.00    7000.00  7.529669347346800E-07  6.121290082204216E-09 3793403
 176    7000.00    7040.00  7.014363496990866E-07  5.624728872309750E-09 3719638
 177    7040.00    7080.00  6.432826330195668E-07  5.266315113687703E-09 3644557
 178    7080.00    7120.00  6.006740552826433E-07  4.884553652420583E-09 3566426
 179    7120.00    7160.00  5.579592429641750E-07  4.650565818671618E-09 3502205
 180    7160.00    7200.00  5.141697563653625E-07  4.413657282153083E-09 3426751
 181    7200.00    7240.00  4.794616060395118E-07  3.934893050939406E-09 3355616
 182    7240.00    7280.00  4.431642496967544E-07  3.758691058812024E-09 3288790
 183    7280.00    7320.00  4.103907069646549E-07  3.950365960191066E-09 3218780
 184    7320.00    7360.00  3.825271576999066E-07  3.325686864128092E-09 3152813
 185    7360.00    7400.00  3.558520302509873E-07  3.120352788276651E-09 3090242
 186    7400.00    7440.00  3.323013274750129E-07  2.926748233610858E-09 3021853
 187    7440.00    7480.00  3.019273399067852E-07  2.675417212882916E-09 2959271
 188    7480.00    7520.00  2.827541452357892E-07  2.548208890386225E-09 2896136
 189    7520.00    7560.00  2.579878871146218E-07  2.357215789523624E-09 2834602
 190    7560.00    7600.00  2.385930339465047E-07  2.146642755625387E-09 2773917
 191    7600.00    7640.00  2.209199330624637E-07  2.066801399250829E-09 2716188
 192    7640.00    7680.00  2.021551421529469E-07  1.884488819924981E-09 2659970
 193    7680.00    7720.00  1.886916516174706E-07  1.852303503561138E-09 2602519
 194    7720.00    7760.00  1.706639233242580E-07  1.648204987753320E-09 2545513
 195    7760.00    7800.00  1.571099585784444E-07  1.520202313668109E-09 2491033
 196    7800.00    7840.00  1.433575972015278E-07  1.414736950522445E-09 2437278
 197    7840.00    7880.00  1.341519458488142E-07  1.314988504555626E-09 2385613
 198    7880.00    7920.00  1.229791251998177E-07  1.238005359458825E-09 2332822
 199    7920.00    7960.00  1.118193326803367E-07  1.091482045128597E-09 2281306
 200    7960.00    8000.00  1.053062275356481E-07  1.055030020587166E-09 2232221
 201    8000.00    8040.00  9.435235484228517E-08  9.503702831953246E-10 2183153
 202    8040.00    8080.00  8.745302206371953E-08  9.233086163425628E-10 2132230
 203    8080.00    8120.00  8.027894435094983E-08  9.420637484668440E-10 2085873
 204    8120.00    8160.00  7.265001440530627E-08  7.654255910239485E-10 2037959
 205    8160.00    8200.00  6.778285016698651E-08  7.284080611027199E-10 1994576
 206    8200.00    8240.00  6.115060476457058E-08  6.278901619183450E-10 1947025
 207    8240.00    8280.00  5.516846378914295E-08  6.063569181129381E-10 1904150
 208    8280.00    8320.00  5.063983659001129E-08  5.309546807559855E-10 1858082
 209    8320.00    8360.00  4.627532892701735E-08  5.016210007102744E-10 1816573
 210    8360.00    8400.00  4.191538417754941E-08  4.499122267157913E-10 1773126
 211    8400.00    8440.00  3.894996304358521E-08  4.136137413556348E-10 1732745
 212    8440.00    8480.00  3.481984096735545E-08  3.806006065345732E-10 1690787
 213    8480.00    8520.00  3.161384092003431E-08  3.518903242001958E-10 1649165
 214    8520.00    8560.00  2.826982369973178E-08  3.106292605596447E-10 1614220
 215    8560.00    8600.00  2.651578860708452E-08  3.005222347829125E-10 1573590
 216    8600.00    8640.00  2.314360661750355E-08  2.624645410415828E-10 1537700
 217    8640.00    8680.00  2.139372252594863E-08  2.473959911785625E-10 1498269
 218    8680.00    8720.00  1.922480394979168E-08  2.376251081968056E-10 1462642
 219    8720.00    8760.00  1.756203191885335E-08  2.152030234491098E-10 1426144
 220    8760.00    8800.00  1.615771830392705E-08  1.947579837198790E-10 1394791
 221    8800.00    8840.00  1.422607164902797E-08  1.677824617148292E-10 1359562
 222    8840.00    8880.00  1.297202798909297E-08  1.534406995503507E-10 1321801
 223    8880.00    8920.00  1.150278421685210E-08  1.400353966095596E-10 1289463
 224    8920.00    8960.00  1.042267187385266E-08  1.298895149676494E-10 1257335
 225    8960.00    9000.00  9.370384807419075E-09  1.166904728765381E-10 1225232
 226    9000.00    9040.00  8.319335855629571E-09  1.087276567381543E-10 1191770
 227    9040.00    9080.00  7.522639913089716E-09  9.504356038902202E-11 1161700
 228    9080.00    9120.00  6.729673564092781E-09  8.564603919701196E-11 1131111
 229    9120.00    9160.00  5.967544945004319E-09  7.240291173333734E-11 1103672
 230    9160.00    9200.00  5.526110553828851E-09  7.859934128825535E-11 1072484
 231    9200.00    9240.00  4.754234882958793E-09  6.604514455729545E-11 1042493
 232    9240.00    9280.00  4.418827338837707E-09  5.975849217300674E-11 1014535
 233    9280.00    9320.00  3.853865766313908E-09  5.141777267797063E-11 985701
 234    9320.00    9360.00  3.426743861157329E-09  4.613913567246120E-11 960732
 235    9360.00    9400.00  2.987473809545332E-09  4.027598784681582E-11 931963
 236    9400.00    9440.00  2.658703471024948E-09  3.693906203070724E-11 906664
 237    9440.00    9480.00  2.333921660611203E-09  3.215677783751779E-11 883804
 238    9480.00    9520.00  2.074793241979168E-09  2.879742013466524E-11 856225
 239    9520.00    9560.00  1.803125013974875E-09  2.439914094738918E-11 832534
 240    9560.00    9600.00  1.576184207446089E-09  2.161929940826937E-11 808644
 241    9600.00    9640.00  1.366572234944753E-09  1.823205546642698E-11 784447
 242    9640.00    9680.00  1.266440499142350E-09  1.789574323903738E-11 760874
 243    9680.00    9720.00  1.096300333634043E-09  1.654281003317223E-11 737721
 244    9720.00    9760.00  9.502018410512996E-10  1.374063254445621E-11 715592
 245    9760.00    9800.00  8.272759776547929E-10  1.116896195902139E-11 695330
 246    9800.00    9840.00  7.294797124174579E-10  1.077270657837750E-11 672977
 247    9840.00    9880.00  6.369055883287813E-10  9.725483114526741E-12 651082
 248    9880.00    9920.00  5.478397459721170E-10  8.361239974969356E-12 629553
 249    9920.00    9960.00  4.903087874384548E-10  8.360975886423528E-12 611049
 250    9960.00   10000.00  4.076151182631120E-10  6.179192775363871E-12 590259
 251   10000.00   10040.00  3.636879446653669E-10  5.948742141310349E-12 571087
 252   10040.00   10080.00  3.018506599028633E-10  4.772098382569250E-12 552791
 253   10080.00   10120.00  2.705603865262449E-10  4.266093619953540E-12 533785
 254   10120.00   10160.00  2.240205397062639E-10  3.751160677735244E-12 515442
 255   10160.00   10200.00  1.893718737511355E-10  2.956795319395834E-12 498405
 256   10200.00   10240.00  1.644116179524211E-10  2.823358691776811E-12 480990
 257   10240.00   10280.00  1.395598867099729E-10  2.338780642893753E-12 463388
 258   10280.00   10320.00  1.188392147212451E-10  2.055543434212751E-12 446658
 259   10320.00   10360.00  9.976776011446301E-11  1.956725100190377E-12 431450
 260   10360.00   10400.00  8.813256106990421E-11  1.617323755011401E-12 414204
 261   10400.00   10440.00  7.046576309841229E-11  1.383417733104753E-12 399993
 262   10440.00   10480.00  6.062837091881248E-11  1.096220869861236E-12 383507
 263   10480.00   10520.00  4.951756909852512E-11  8.850140685965254E-13 369802
 264   10520.00   10560.00  4.213417373793486E-11  7.757171566082812E-13 355850
 265   10560.00   10600.00  3.510042897526631E-11  7.004526508699531E-13 340034
 266   10600.00   10640.00  2.832066471729112E-11  5.469975754701112E-13 327726
 267   10640.00   10680.00  2.347056600324869E-11  4.763364057724012E-13 313190
 268   10680.00   10720.00  1.953265712760642E-11  4.211492558407022E-13 300144
 269   10720.00   10760.00  1.593035938059277E-11  3.175484328970564E-13 288033
 270   10760.00   10800.00  1.360856809307953E-11  3.004660094967299E-13 274718
 271   10800.00   10840.00  1.088993370688666E-11  2.379262155465783E-13 263721
 272   10840.00   10880.00  8.927528842729823E-12  2.062275719187545E-13 251768
 273   10880.00   10920.00  6.926781482017398E-12  1.542249168017383E-13 239987
 274   10920.00   10960.00  5.485546945074406E-12  1.282680232460389E-13 229204
 275   10960.00   11000.00  4.617600414962672E-12  1.147022942326684E-13 217093
 276   11000.00   11040.00  3.463215299453631E-12  8.983275612559390E-14 206675
 277   11040.00   11080.00  2.858991938488417E-12  7.964011907031421E-14 196902
 278   11080.00   11120.00  2.241749652319849E-12  6.793508784242411E-14 186914
 279   11120.00   11160.00  1.747949054583522E-12  5.992109481252783E-14 176988
 280   11160.00   11200.00  1.453469260492490E-12  5.044606971606677E-14 168429
 281   11200.00   11240.00  1.109055518432301E-12  3.738128839601361E-14 160243
 282   11240.00   11280.00  7.841620017852263E-13  2.955366985457320E-14 150771
 283   11280.00   11320.00  6.705527244560868E-13  2.537310071424028E-14 141663
 284   11320.00   11360.00  4.585916240031064E-13  2.232645552294665E-14 133540
 285   11360.00   11400.00  3.737589719403084E-13  1.879536670577359E-14 126114
 286   11400.00   11440.00  2.802295941373347E-13  1.397393203728514E-14 118572
 287   11440.00   11480.00  2.152652749447772E-13  1.200879942324250E-14 111019
 288   11480.00   11520.00  1.336468049197673E-13  9.134318383606719E-15 104059
 289   11520.00   11560.00  1.010695038896996E-13  8.012510023630191E-15 97212
 290   11560.00   11600.00  7.858262795148257E-14  6.125904468785240E-15 90650
 291   11600.00   11640.00  5.920965764712736E-14  4.833223472407275E-15 83984
 292   11640.00   11680.00  3.364651336983712E-14  3.829730100803938E-15 77825
 293   11680.00   11720.00  2.334646127879024E-14  3.167125020897493E-15 72761
 294   11720.00   11760.00  1.658601011843264E-14  2.684444734192496E-15 66747
 295   11760.00   11800.00  1.015901861183538E-14  2.151670883754365E-15 62076
 296   11800.00   11840.00  5.419266537972031E-15  1.555866540440125E-15 56513
 297   11840.00   11880.00  1.662496299951862E-15  1.182243560139700E-15 51489
 298   11880.00   11920.00  1.781934578121772E-15  1.132372061668905E-15 47196
 299   11920.00   11960.00  5.374892014537627E-16  7.661236635711392E-16 42704
 300   11960.00   12000.00  1.545831232097990E-15  6.451716499143157E-16 38805
 301   12000.00   12040.00  4.169937937670039E-16  4.955761613439002E-16 35055
 302   12040.00   12080.00 -2.368919699855554E-16  3.994285157606975E-16 31161
 303   12080.00   12120.00  2.169116126871098E-16  2.404092909578517E-16 27992
 304   12120.00   12160.00 -1.584352746422742E-16  2.329759393902767E-16 24618
 305   12160.00   12200.00 -1.068664956936074E-16  1.611830685265295E-16 21660
 306   12200.00   12240.00 -5.922164522149893E-17  1.112719480094425E-16 18788
 307   12240.00   12280.00 -6.247833324787878E-17  9.317748638394130E-17 16282
 308   12280.00   12320.00  6.492426319134379E-18  6.434878549812564E-17 13744
 309   12320.00   12360.00  2.023579403707810E-18  3.565167761725673E-17 11669
 310   12360.00   12400.00 -2.451673204609263E-17  2.710077729398660E-17 9877
 311   12400.00   12440.00 -1.815806880460348E-17  2.008352894860269E-17 8196
 312   12440.00   12480.00 -5.334886445454440E-19  1.095743857666626E-17 6576
 313   12480.00   12520.00  3.959946911124490E-18  9.643367217798260E-18 5175
 314   12520.00   12560.00 -6.043739225455940E-18  4.413462887702883E-18 4034
 315   12560.00   12600.00  1.306121286330923E-18  2.707246681852933E-18 3061
 316   12600.00   12640.00 -2.135455267698571E-18  1.272561483727288E-18 2218
 317   12640.00   12680.00 -7.620998549979446E-19  5.363312088063030E-19 1495
 318   12680.00   12720.00 -6.316105722439539E-19  3.040410576977129E-19 1000
 319   12720.00   12760.00  1.883729387341602E-19  1.785729427848284E-19 536
 320   12760.00   12800.00  1.587059779920914E-20  4.891212331990797E-20 310
 321   12800.00   12840.00  6.591000288201066E-21  1.384325447929313E-20 118
 322   12840.00   12880.00 -3.325337912014234E-21  3.181937547947849E-21 23
 323   12880.00   12920.00  2.127974228516548E-22  2.127974228328020E-22 1
 324   12920.00   12960.00  0.000000000000000E+00  0.000000000000000E+00 0
 325   12960.00   13000.00  0.000000000000000E+00  0.000000000000000E+00 0
# Underflow:                 0.0000000000000000E+00  0.0000000000000000E+00 0
# Overflow:                  0.0000000000000000E+00  0.0000000000000000E+00 0
#-------------------------------------------------------------------------------------
# Sum:                       4.4797116669081691E-02  7.4847229658765824E-06 467479000
#=====================================================================================
