# title = Transverse Momentum Harder Jet
# xlabel = $p_{\text{T},\text{j}_1}\,$[GeV]
# ylabel = $\frac{\text{d}\sigma}{\text{d}p_{\text{T},\text{j}_1}}\,\left[\frac{\text{fb}}{\text{GeV}}\right]$
# xmin=  0.000E+00
# xmax=  8.000E+02
# ymin=  1.000E-06
# ymax=  1.000E-02
# kmin= -5.000E+01
# kmax=  1.000E+01
# logscale = true
# Renormalization and factorization scale scaled by: 1.0000000000
# Renormalization scaled by: 1.0000000000
# Number of generated events: 3619765
#
#=====================================================================================
# No.       Left      Right                   Value                   Error Hits
#-------------------------------------------------------------------------------------
   1      10.00      30.00  0.000000000000000E+00  0.000000000000000E+00 0
   2      30.00      50.00  3.238772152476095E-04  2.428531550871092E-06 30825046
   3      50.00      70.00  1.584079359929505E-03  6.782100662671965E-06 116759104
   4      70.00      90.00  3.302689921321870E-03  1.042978054415945E-05 216339326
   5      90.00     110.00  4.681003221719132E-03  4.492513913493058E-05 306550176
   6     110.00     130.00  5.571809031202163E-03  3.148536305589199E-05 376458727
   7     130.00     150.00  5.910587829108744E-03  2.597858492704080E-05 419567619
   8     150.00     170.00  5.721119163003882E-03  3.273774151480006E-05 429363672
   9     170.00     190.00  5.293527817573499E-03  3.210289563581874E-05 417808220
  10     190.00     210.00  4.730121847359148E-03  3.019279216896448E-05 395827603
  11     210.00     230.00  4.155426472440300E-03  2.420798932748382E-05 369493449
  12     230.00     250.00  3.528155818068307E-03  3.167185988444409E-05 342032071
  13     250.00     270.00  3.019467347046527E-03  3.030324117037275E-05 315181380
  14     270.00     290.00  2.555680603189689E-03  2.070664972598962E-05 289709775
  15     290.00     310.00  2.165166264630517E-03  2.617626295359535E-05 266093997
  16     310.00     330.00  1.794985849655002E-03  3.148230003324071E-05 244452412
  17     330.00     350.00  1.520716979400727E-03  2.032905784021441E-05 224716727
  18     350.00     370.00  1.281466984006877E-03  1.792496307635606E-05 206788380
  19     370.00     390.00  1.094880609803621E-03  1.629938093176444E-05 190553916
  20     390.00     410.00  9.164977663772548E-04  1.842696005283602E-05 175821114
  21     410.00     430.00  7.686241597937170E-04  1.457728867601832E-05 162477401
  22     430.00     450.00  6.535044512303356E-04  1.260054284341591E-05 150338355
  23     450.00     470.00  5.346104542143720E-04  1.744742725107601E-05 139331224
  24     470.00     490.00  4.789913817358292E-04  9.794055468827991E-06 129323698
  25     490.00     510.00  3.737402645822493E-04  1.545361969736610E-05 120203884
  26     510.00     530.00  3.285244949851441E-04  1.199827956752027E-05 111878804
  27     530.00     550.00  2.776005934581330E-04  1.005070598101687E-05 104294799
  28     550.00     570.00  2.338969274304017E-04  9.169030271529205E-06 97314213
  29     570.00     590.00  1.944098838614149E-04  8.444104291182760E-06 90921793
  30     590.00     610.00  1.752736666349794E-04  8.292099492039058E-06 85045193
  31     610.00     630.00  1.492252936427159E-04  7.695312482392363E-06 79643315
  32     630.00     650.00  1.358260893532860E-04  6.037125273220293E-06 74680717
  33     650.00     670.00  1.063391990049676E-04  6.853624982626156E-06 70094730
  34     670.00     690.00  9.739577673650263E-05  5.805228163240904E-06 65841579
  35     690.00     710.00  8.482995334195949E-05  5.394879244516463E-06 61906593
  36     710.00     730.00  7.158389702750042E-05  4.035014683749288E-06 58265667
  37     730.00     750.00  6.336477690163727E-05  5.043404056792875E-06 54876084
  38     750.00     770.00  5.708354587364828E-05  3.638444544980178E-06 51749684
  39     770.00     790.00  4.907372630564184E-05  2.987819682269703E-06 48812074
  40     790.00     810.00  3.696810218421714E-05  5.206228950690341E-06 46085768
  41     810.00     830.00  3.760959564715231E-05  2.366798823534873E-06 43556715
  42     830.00     850.00  2.797158301054147E-05  2.551048866836337E-06 41198171
  43     850.00     870.00  2.761991332380565E-05  2.246419916496095E-06 38988535
  44     870.00     890.00  2.502358861246305E-05  2.722203818360521E-06 36915374
  45     890.00     910.00  2.132324940921565E-05  1.763114897651256E-06 34964125
  46     910.00     930.00  1.224143763339360E-05  4.596317581228710E-06 33153827
  47     930.00     950.00  1.504449519860476E-05  1.403124600253176E-06 31443854
  48     950.00     970.00  1.535715863416660E-05  1.446228842733990E-06 29854030
  49     970.00     990.00  1.156121839384240E-05  1.508820598376531E-06 28341999
  50     990.00    1010.00  8.237665707889154E-06  3.399894291603404E-06 26949598
  51    1010.00    1030.00  7.974134193976240E-06  1.469644109802327E-06 25610007
  52    1030.00    1050.00  8.213475028835294E-06  1.060529054711990E-06 24357000
  53    1050.00    1070.00  6.026070597971739E-06  1.238936482982950E-06 23186134
  54    1070.00    1090.00  6.049289257629703E-06  9.977994960850871E-07 22068622
  55    1090.00    1110.00  5.941301641771755E-06  1.974546095718508E-06 21024815
  56    1110.00    1130.00  4.957938641411194E-06  7.766632699082180E-07 20032571
  57    1130.00    1150.00  3.363644090911769E-06  1.137757943608835E-06 19090213
  58    1150.00    1170.00  3.278488710620275E-06  8.029816751349064E-07 18200978
  59    1170.00    1190.00  3.456215610139853E-06  5.100064444061622E-07 17365475
  60    1190.00    1210.00  2.973649233288801E-06  5.330744286118251E-07 16574895
  61    1210.00    1230.00  3.101960234465886E-06  4.911280005092162E-07 15825123
  62    1230.00    1250.00  2.024299796352757E-06  6.449939961390398E-07 15107578
  63    1250.00    1270.00  2.055839101299021E-06  4.497451576080151E-07 14439485
  64    1270.00    1290.00  1.773777251901710E-06  6.091109689097598E-07 13795948
  65    1290.00    1310.00  1.699652458703620E-06  3.654832365999502E-07 13190798
  66    1310.00    1330.00  1.390519041808776E-06  3.383045919182563E-07 12609743
  67    1330.00    1350.00  1.783966292171521E-06  1.494321316138082E-07 12058809
  68    1350.00    1370.00  2.888316363802660E-07  4.029840318188174E-07 11539237
  69    1370.00    1390.00  1.303558137670955E-06  1.741457364323193E-07 11043086
  70    1390.00    1410.00  1.130035799540803E-06  1.613866646646990E-07 10572914
  71    1410.00    1430.00  6.240419381916201E-07  3.085291984326535E-07 10124760
  72    1430.00    1450.00  7.468911394031204E-07  1.585800961757045E-07 9694724
  73    1450.00    1470.00  1.026306798433391E-07  3.555664296770804E-07 9289236
  74    1470.00    1490.00  4.915512882649284E-07  2.379402793813976E-07 8899187
  75    1490.00    1510.00  4.808249620646074E-07  1.723262507964869E-07 8524632
  76    1510.00    1530.00  3.700919859048559E-07  1.451661290656971E-07 8174088
  77    1530.00    1550.00  4.553284075295242E-07  8.592306627756154E-08 7836463
  78    1550.00    1570.00  4.447028630639805E-07  7.454276340910230E-08 7520105
  79    1570.00    1590.00 -1.068478337746276E-07  4.010544990671201E-07 7212604
  80    1590.00    1610.00  3.334474720479282E-07  1.035960172904918E-07 6916544
  81    1610.00    1630.00  3.092070765338437E-07  6.712403160262693E-08 6641089
  82    1630.00    1650.00  1.933212164931737E-07  1.077435164127537E-07 6378836
  83    1650.00    1670.00  2.274378143113002E-07  8.010242636140115E-08 6116445
  84    1670.00    1690.00  2.597540250790685E-07  4.971242904383206E-08 5873166
  85    1690.00    1710.00  1.645414200801442E-07  5.722716433822532E-08 5642896
  86    1710.00    1730.00  2.281303660058692E-07  2.572332659586493E-08 5413202
  87    1730.00    1750.00  1.721203333850807E-07  3.424129154374611E-08 5202336
  88    1750.00    1770.00  5.273443710429419E-08  8.560946312624429E-08 4997683
  89    1770.00    1790.00  1.418411707966400E-07  3.085927443082092E-08 4801503
  90    1790.00    1810.00  1.681218343116319E-07  2.164921824295304E-08 4617193
  91    1810.00    1830.00  8.967214568421111E-08  5.105364969902828E-08 4436728
  92    1830.00    1850.00  1.010439914011262E-07  3.442973394197968E-08 4267559
  93    1850.00    1870.00  6.490189292190556E-08  3.151124891308220E-08 4097294
  94    1870.00    1890.00  6.238107946152062E-08  2.872302320060576E-08 3940805
  95    1890.00    1910.00  1.383631219292004E-08  3.979407943524198E-08 3788508
  96    1910.00    1930.00  2.150457240533696E-08  3.326766496819347E-08 3642088
  97    1930.00    1950.00 -1.905308645807503E-08  6.871872250997536E-08 3504871
  98    1950.00    1970.00  2.132847020350922E-08  3.838144229961010E-08 3369363
  99    1970.00    1990.00 -1.476005188058899E-09  4.140490294240028E-08 3240532
 100    1990.00    2010.00  1.375362319283222E-08  2.627238067499167E-08 3119716
 101    2010.00    2030.00  3.407636913464383E-08  1.279985917565634E-08 3000842
 102    2030.00    2050.00 -4.208509369836161E-08  8.736397727890374E-08 2887320
 103    2050.00    2070.00  2.985815367165478E-08  1.425756683530836E-08 2777443
 104    2070.00    2090.00  1.877265329676202E-08  1.209858405305555E-08 2676576
 105    2090.00    2110.00  3.387039901893168E-08  6.094172980579458E-09 2576633
 106    2110.00    2130.00  2.298123382415393E-08  6.413666074889740E-09 2479303
 107    2130.00    2150.00  1.752933635561707E-08  1.321744035656632E-08 2382185
 108    2150.00    2170.00  7.542039360436509E-09  1.361295003539308E-08 2296329
 109    2170.00    2190.00  1.204740301921309E-08  9.089706272391262E-09 2212219
 110    2190.00    2210.00  1.786821268187745E-08  5.876503011692363E-09 2131560
 111    2210.00    2230.00  1.593336454819078E-09  1.321463105088108E-08 2049772
 112    2230.00    2250.00  8.449639322633105E-09  7.480633357604767E-09 1975215
 113    2250.00    2270.00  1.094963392282448E-08  5.171773094827163E-09 1903475
 114    2270.00    2290.00  1.574347647388881E-08  2.520230201616791E-09 1830772
 115    2290.00    2310.00  1.257354843019700E-09  8.546630694092662E-09 1763288
 116    2310.00    2330.00  2.124708897792582E-09  9.848409049425967E-09 1699310
 117    2330.00    2350.00  3.876576739088986E-09  4.753868332994919E-09 1637454
 118    2350.00    2370.00  9.312420201171742E-09  3.120660931798043E-09 1576584
 119    2370.00    2390.00  7.487233553800056E-09  2.712027968468415E-09 1519499
 120    2390.00    2410.00  6.196347770819428E-09  3.055543788705008E-09 1464193
 121    2410.00    2430.00  6.112395241065626E-09  1.327853454698551E-09 1410451
 122    2430.00    2450.00  5.101792423623978E-09  3.097845397564601E-09 1359152
 123    2450.00    2470.00  1.024649401211613E-10  5.813369929106283E-09 1308834
 124    2470.00    2490.00  1.124214449907548E-09  3.665524012009762E-09 1260009
 125    2490.00    2510.00 -7.948047374330595E-09  1.008602066836560E-08 1217369
 126    2510.00    2530.00 -2.729995720318935E-09  4.910902267056757E-09 1171196
 127    2530.00    2550.00  7.111692843853171E-10  2.664596566175869E-09 1130825
 128    2550.00    2570.00  2.236701888127427E-09  1.528553060197212E-09 1089058
 129    2570.00    2590.00  2.249253207467057E-09  1.467932898809071E-09 1050716
 130    2590.00    2610.00  3.035602179646341E-09  1.592503946210791E-09 1010624
 131    2610.00    2630.00  2.591155852518724E-09  6.075417378497354E-10 973943
 132    2630.00    2650.00  2.875209668878068E-09  4.146583298510341E-10 939430
 133    2650.00    2670.00 -3.938350790258919E-09  6.176544203327288E-09 905392
 134    2670.00    2690.00 -5.720357251993586E-10  2.775835206636926E-09 872971
 135    2690.00    2710.00  2.655666858089544E-09  2.074872243453443E-10 840988
 136    2710.00    2730.00  1.947348855324328E-09  3.080872328316341E-10 812063
 137    2730.00    2750.00  1.656397553860946E-09  3.898381285739863E-10 781745
 138    2750.00    2770.00  2.265681108868803E-09  1.413401127425987E-10 753842
 139    2770.00    2790.00 -1.801940878081802E-09  3.074972479183298E-09 726925
 140    2790.00    2810.00  1.077396404737874E-09  3.721082610196580E-10 700558
 141    2810.00    2830.00  1.140984704316311E-09  5.187491085418368E-10 675328
 142    2830.00    2850.00  1.033590561994051E-09  2.860944858632605E-10 652738
 143    2850.00    2870.00  3.274322241244959E-10  9.326077347336792E-10 629692
 144    2870.00    2890.00  1.273548719027287E-10  5.493840024764327E-10 607939
 145    2890.00    2910.00  8.465240987927791E-10  1.914043543069264E-10 584529
 146    2910.00    2930.00  4.120139141980404E-10  3.793771751554868E-10 564783
 147    2930.00    2950.00 -3.305114221365267E-12  7.616665133568816E-10 543365
 148    2950.00    2970.00 -5.099920249770490E-10  9.298768541941500E-10 524458
 149    2970.00    2990.00  3.724112149771852E-10  3.191408521034948E-10 505897
 150    2990.00    3010.00  3.890708091558813E-10  1.341701531318670E-10 487871
 151    3010.00    3030.00 -4.093035825992603E-10  7.542825611826913E-10 469903
 152    3030.00    3050.00  2.116957721854684E-10  2.481574022639408E-10 452470
 153    3050.00    3070.00  3.806104260649261E-10  6.719860078478749E-11 436589
 154    3070.00    3090.00  2.962913479994120E-10  6.081103020165523E-11 421063
 155    3090.00    3110.00  7.740872695821884E-11  1.474508265596008E-10 407125
 156    3110.00    3130.00  3.946908138794115E-10  3.381288648724996E-11 392243
 157    3130.00    3150.00  3.053986335160138E-10  4.476844172462117E-11 377921
 158    3150.00    3170.00 -5.764364777920780E-10  4.713236683528254E-10 363916
 159    3170.00    3190.00 -4.552554448358803E-10  5.485497107716598E-10 351087
 160    3190.00    3210.00  4.417406627198030E-11  1.738047571251086E-10 338569
 161    3210.00    3230.00 -1.325232600593703E-09  1.189756196612608E-09 326458
 162    3230.00    3250.00  9.474362914671852E-11  7.373152553262279E-11 314604
 163    3250.00    3270.00  1.786116795322375E-10  1.222362711381001E-11 304071
 164    3270.00    3290.00  1.000862531400473E-10  4.417984509162593E-11 293493
 165    3290.00    3310.00  1.026796404459742E-10  3.541277897741555E-11 282739
 166    3310.00    3330.00 -3.906436775874809E-12  1.141313179100093E-10 271734
 167    3330.00    3350.00  4.404501507880776E-11  4.112016710279109E-11 262713
 168    3350.00    3370.00  9.823280572281787E-11  1.329568827939767E-11 253224
 169    3370.00    3390.00 -8.280896563605408E-11  1.141829826322440E-10 243551
 170    3390.00    3410.00  6.365979886289725E-11  1.021388169021006E-11 235202
 171    3410.00    3430.00 -1.506120225453975E-10  1.796150548007683E-10 227063
 172    3430.00    3450.00  2.843467833378425E-11  3.475020412792334E-11 219442
 173    3450.00    3470.00 -5.486359641951687E-11  9.535654417150113E-11 211007
 174    3470.00    3490.00  4.177517651800399E-11  8.342146105556290E-12 203938
 175    3490.00    3510.00  4.080505567115439E-11  8.423554614520372E-12 196530
 176    3510.00    3530.00  2.933659575739580E-11  1.784540626885281E-11 188447
 177    3530.00    3550.00  1.616845647346117E-12  3.155123373312868E-11 181999
 178    3550.00    3570.00  1.766463279870894E-11  1.425456150838672E-11 174864
 179    3570.00    3590.00  3.147844305814716E-11  3.897080908123565E-12 169702
 180    3590.00    3610.00  2.446629907656381E-11  1.308257913390548E-11 162671
 181    3610.00    3630.00  2.475283463865882E-11  5.864460483914058E-12 156099
 182    3630.00    3650.00 -1.082668403049158E-10  1.197392822411599E-10 150930
 183    3650.00    3670.00  2.005262278533808E-11  2.020154569126892E-12 146254
 184    3670.00    3690.00  1.616839340477248E-11  2.936743266679482E-12 140102
 185    3690.00    3710.00  1.206134025631929E-11  2.427421727660252E-12 135104
 186    3710.00    3730.00 -8.168146589180402E-11  8.559300230320215E-11 130632
 187    3730.00    3750.00  9.300370261051988E-12  3.440941394722666E-12 124501
 188    3750.00    3770.00  9.453979611237313E-12  2.869141198434398E-12 120244
 189    3770.00    3790.00  7.153430314347274E-13  7.001544849508954E-12 116230
 190    3790.00    3810.00  9.208408978928206E-12  1.273325881775286E-12 111935
 191    3810.00    3830.00  8.567306889919822E-12  1.694502177158133E-12 107752
 192    3830.00    3850.00  2.483114276143072E-12  5.638818144723805E-12 103689
 193    3850.00    3870.00  4.371493006803182E-12  1.765141352862017E-12 99949
 194    3870.00    3890.00  4.593041952686424E-12  4.771248077909612E-13 95758
 195    3890.00    3910.00  4.171861620774176E-12  9.760691313270704E-13 92178
 196    3910.00    3930.00  4.014818835002669E-12  1.318862855989079E-12 89242
 197    3930.00    3950.00  4.149847284052429E-12  5.630446521991483E-13 85388
 198    3950.00    3970.00  3.761939779176243E-12  4.179634384825594E-13 82502
 199    3970.00    3990.00  3.664592950616498E-12  5.095400208160715E-13 79199
 200    3990.00    4010.00 -3.906005632715670E-12  4.688936850191648E-12 75923
 201    4010.00    4030.00  2.731983462532665E-12  5.034550100896047E-13 73013
 202    4030.00    4050.00 -3.244212310774609E-13  1.114626935146589E-12 70228
 203    4050.00    4070.00  9.268870585800069E-13  4.134060099177228E-13 67303
 204    4070.00    4090.00  1.754420155420573E-12  2.239281973370182E-13 65554
 205    4090.00    4110.00  3.769439790452590E-13  1.071037247222918E-12 62725
 206    4110.00    4130.00  1.214194952203959E-12  1.631844577849596E-13 60163
 207    4130.00    4150.00  7.483935131631543E-13  2.798625138587354E-13 57469
 208    4150.00    4170.00  5.211512672496523E-13  4.798624634261007E-13 55082
 209    4170.00    4190.00  1.193451116940167E-12  2.589100667404583E-13 53313
 210    4190.00    4210.00  9.310533031655524E-13  1.603724258193565E-13 50455
 211    4210.00    4230.00 -2.924673812757837E-12  3.464966201219604E-12 48492
 212    4230.00    4250.00  5.168404436644408E-14  4.444315756303689E-13 46715
 213    4250.00    4270.00  2.765144031563964E-13  2.604296256141540E-13 44596
 214    4270.00    4290.00  3.686301949993621E-13  4.503240078331220E-14 43173
 215    4290.00    4310.00 -4.346518835345281E-12  4.770650441232395E-12 41423
 216    4310.00    4330.00  1.976482499015835E-14  2.052632550354158E-13 39426
 217    4330.00    4350.00  3.023360502063613E-13  6.010073553611198E-14 38108
 218    4350.00    4370.00  2.927299363967455E-13  4.535771078657778E-14 36376
 219    4370.00    4390.00  2.481895018796065E-13  4.891532923031077E-14 34398
 220    4390.00    4410.00 -3.142818434967186E-12  3.099934418892049E-12 33273
 221    4410.00    4430.00 -1.639451890581808E-14  1.363151425589547E-13 31667
 222    4430.00    4450.00  1.286347950899913E-13  2.329408143300359E-14 30162
 223    4450.00    4470.00 -2.046365666916168E-13  3.329812428159190E-13 29063
 224    4470.00    4490.00  1.070395243166034E-13  2.273229356080129E-14 27893
 225    4490.00    4510.00  1.316605415305200E-13  2.748466161170675E-14 26936
 226    4510.00    4530.00  4.736363191950997E-14  2.305058991356740E-14 25722
 227    4530.00    4550.00  5.973674556149219E-14  1.215765523933392E-14 24535
 228    4550.00    4570.00  3.584099580530239E-14  1.715543933942991E-14 22997
 229    4570.00    4590.00  5.638552350887043E-14  1.337297594840653E-14 22243
 230    4590.00    4610.00 -8.916222056700425E-15  3.010720463122846E-14 21291
 231    4610.00    4630.00 -3.531767635975986E-15  4.533989522437271E-14 20271
 232    4630.00    4650.00  2.552410054565178E-14  5.833640752731507E-15 19178
 233    4650.00    4670.00  1.986365584862814E-14  3.323861789494513E-15 18485
 234    4670.00    4690.00  2.091604543986861E-14  3.473476881809700E-15 17556
 235    4690.00    4710.00  8.554358465507634E-15  2.098306712539582E-14 16647
 236    4710.00    4730.00  2.534985445501994E-14  1.507001390422618E-14 15879
 237    4730.00    4750.00  1.874330912496855E-14  3.042336814872321E-15 15231
 238    4750.00    4770.00  1.102981152998547E-14  2.224105492052408E-15 14305
 239    4770.00    4790.00  9.014273688772447E-15  1.876069613592202E-15 13700
 240    4790.00    4810.00  7.890990730474446E-15  3.644196113445466E-15 12855
 241    4810.00    4830.00  5.983470848275956E-15  2.964055277864523E-15 12204
 242    4830.00    4850.00  1.027094649300862E-14  5.537766774640376E-15 11684
 243    4850.00    4870.00  4.970042345965283E-15  1.151020481656444E-15 11246
 244    4870.00    4890.00  2.566537479513912E-15  7.428405185882852E-16 10651
 245    4890.00    4910.00  2.852759740732721E-15  4.482747505907035E-16 9859
 246    4910.00    4930.00  1.288783924279388E-15  3.222390586769882E-15 9384
 247    4930.00    4950.00  2.067921448862282E-15  3.332084736378470E-16 8800
 248    4950.00    4970.00  1.215732603658113E-14  9.815341513236220E-15 8425
 249    4970.00    4990.00  7.063279969919596E-16  3.146000917501577E-16 7853
 250    4990.00    5010.00  9.809034866905096E-16  3.177370129117291E-16 7590
 251    5010.00    5030.00 -3.532982766489953E-16  1.852247079410467E-15 7132
 252    5030.00    5050.00  1.082261825833942E-15  4.879759536815645E-16 6840
 253    5050.00    5070.00  1.250355524498686E-15  3.774153523807027E-16 6307
 254    5070.00    5090.00  3.357762668744140E-16  1.176966227119485E-16 5963
 255    5090.00    5110.00 -2.465594083591404E-15  2.793923980034397E-15 5596
 256    5110.00    5130.00  6.078113048671703E-16  4.176718122292304E-16 5244
 257    5130.00    5150.00  3.257239456002592E-16  9.507241023388092E-17 4998
 258    5150.00    5170.00  1.473233930830094E-16  5.623739363390293E-17 4717
 259    5170.00    5190.00  1.826784704473885E-16  4.177752294667773E-17 4373
 260    5190.00    5210.00  2.634737715436167E-16  7.621052209693803E-17 4071
 261    5210.00    5230.00 -6.791192151117630E-16  7.924316398617945E-16 3810
 262    5230.00    5250.00 -7.562415920859319E-16  8.649854799611009E-16 3685
 263    5250.00    5270.00  1.397566699094251E-16  6.134341473464713E-17 3226
 264    5270.00    5290.00  9.134068393579338E-17  3.600678192871605E-17 3192
 265    5290.00    5310.00  1.256151795984553E-16  6.434263618976006E-17 2942
 266    5310.00    5330.00  5.729311349781912E-17  2.641432440847321E-17 2661
 267    5330.00    5350.00  9.691767734459743E-17  4.174867755323495E-17 2451
 268    5350.00    5370.00 -2.483747151291145E-16  2.805027880813854E-16 2347
 269    5370.00    5390.00  1.405912230781305E-17  5.366500593897108E-18 2164
 270    5390.00    5410.00  3.440265336601918E-16  3.326736088199871E-16 2025
 271    5410.00    5430.00  1.144190526388474E-17  6.357527571849736E-18 1885
 272    5430.00    5450.00 -1.755990782526872E-17  1.475056872460451E-16 1781
 273    5450.00    5470.00  4.280153074441402E-16  4.253846145926233E-16 1610
 274    5470.00    5490.00  3.283156509377491E-18  2.234848742475978E-18 1492
 275    5490.00    5510.00 -4.099726931739008E-18  7.929846376890691E-18 1408
 276    5510.00    5530.00 -1.087522186928485E-18  1.119477566091170E-18 1258
 277    5530.00    5550.00 -4.862568881882775E-19  9.922618381783243E-19 1191
 278    5550.00    5570.00  1.621189226102751E-18  7.375846510587734E-19 1030
 279    5570.00    5590.00  1.277000707071483E-19  5.850355148252975E-19 891
 280    5590.00    5610.00  1.591193174899859E-18  7.955776360407344E-19 831
 281    5610.00    5630.00  6.803680471325415E-19  4.125983491948584E-19 785
 282    5630.00    5650.00  1.016284167402366E-19  2.896896905711165E-19 670
 283    5650.00    5670.00  1.080358851415057E-18  1.151066126777043E-18 651
 284    5670.00    5690.00  1.052860496539186E-18  1.075416974571115E-18 589
 285    5690.00    5710.00  5.246669892154940E-21  1.938154233172848E-19 538
 286    5710.00    5730.00 -1.646439672660326E-19  1.686316499117909E-19 447
 287    5730.00    5750.00  4.989144248796646E-19  2.993310054920126E-19 409
 288    5750.00    5770.00  3.729367817364104E-19  2.305808249386555E-19 363
 289    5770.00    5790.00  7.013217320894081E-20  7.824947621962283E-20 327
 290    5790.00    5810.00  5.009548022073247E-20  6.180535323098432E-20 290
 291    5810.00    5830.00 -1.481816588687642E-19  7.280121962954380E-20 245
 292    5830.00    5850.00  3.129280681589489E-20  9.391415092724512E-20 210
 293    5850.00    5870.00  3.280849503675396E-21  4.356285420906731E-20 202
 294    5870.00    5890.00 -2.595268177937638E-20  3.246371478095842E-20 177
 295    5890.00    5910.00  3.882904590489624E-20  3.760190443819618E-20 138
 296    5910.00    5930.00 -2.574042791949905E-20  3.332754551447146E-20 113
 297    5930.00    5950.00 -3.140906876940994E-21  3.764666617294059E-21 99
 298    5950.00    5970.00  1.449681761356454E-20  1.403631188232885E-20 90
 299    5970.00    5990.00 -6.206901799677572E-21  5.933695670086132E-21 69
 300    5990.00    6010.00 -5.430342754664100E-21  5.098091038573718E-21 56
 301    6010.00    6030.00  2.236653779335225E-22  4.885172816551541E-22 49
 302    6030.00    6050.00 -1.912247435316394E-21  1.860152048751875E-21 53
 303    6050.00    6070.00 -8.082551557394632E-22  6.936529350903131E-22 38
 304    6070.00    6090.00 -3.770315363649858E-22  3.342220272753383E-22 27
 305    6090.00    6110.00  2.592933823055589E-21  2.673855972853824E-21 18
 306    6110.00    6130.00 -2.704558942565573E-22  2.189082639068728E-22 12
 307    6130.00    6150.00 -2.507095563952078E-23  2.282397075444458E-23 12
 308    6150.00    6170.00 -5.145649467566763E-24  5.103515575301950E-24 7
 309    6170.00    6190.00  2.005278399992323E-23  2.172982041990632E-23 6
 310    6190.00    6210.00  7.726398314484213E-25  6.987701554165172E-24 2
 311    6210.00    6230.00  1.884930199216646E-24  1.885229607030629E-24 2
 312    6230.00    6250.00 -2.063239100031115E-24  2.063239098476379E-24 1
 313    6250.00    6270.00 -1.658485106836434E-27  1.658485106672652E-27 1
 314    6270.00    6290.00  0.000000000000000E+00  0.000000000000000E+00 0
 315    6290.00    6310.00 -1.775001029785400E-28  1.775001029197773E-28 1
 316    6310.00    6330.00  0.000000000000000E+00  0.000000000000000E+00 0
 317    6330.00    6350.00  0.000000000000000E+00  0.000000000000000E+00 0
 318    6350.00    6370.00  0.000000000000000E+00  0.000000000000000E+00 0
 319    6370.00    6390.00  0.000000000000000E+00  0.000000000000000E+00 0
 320    6390.00    6410.00  0.000000000000000E+00  0.000000000000000E+00 0
 321    6410.00    6430.00  0.000000000000000E+00  0.000000000000000E+00 0
 322    6430.00    6450.00  0.000000000000000E+00  0.000000000000000E+00 0
 323    6450.00    6470.00  0.000000000000000E+00  0.000000000000000E+00 0
 324    6470.00    6490.00  0.000000000000000E+00  0.000000000000000E+00 0
 325    6490.00    6510.00  0.000000000000000E+00  0.000000000000000E+00 0
 326    6510.00    6530.00  0.000000000000000E+00  0.000000000000000E+00 0
 327    6530.00    6550.00  0.000000000000000E+00  0.000000000000000E+00 0
 328    6550.00    6570.00  0.000000000000000E+00  0.000000000000000E+00 0
 329    6570.00    6590.00  0.000000000000000E+00  0.000000000000000E+00 0
 330    6590.00    6610.00  0.000000000000000E+00  0.000000000000000E+00 0
 331    6610.00    6630.00  0.000000000000000E+00  0.000000000000000E+00 0
 332    6630.00    6650.00  0.000000000000000E+00  0.000000000000000E+00 0
 333    6650.00    6670.00  0.000000000000000E+00  0.000000000000000E+00 0
 334    6670.00    6690.00  0.000000000000000E+00  0.000000000000000E+00 0
 335    6690.00    6710.00  0.000000000000000E+00  0.000000000000000E+00 0
 336    6710.00    6730.00  0.000000000000000E+00  0.000000000000000E+00 0
 337    6730.00    6750.00  0.000000000000000E+00  0.000000000000000E+00 0
 338    6750.00    6770.00  0.000000000000000E+00  0.000000000000000E+00 0
 339    6770.00    6790.00  0.000000000000000E+00  0.000000000000000E+00 0
 340    6790.00    6810.00  0.000000000000000E+00  0.000000000000000E+00 0
 341    6810.00    6830.00  0.000000000000000E+00  0.000000000000000E+00 0
 342    6830.00    6850.00  0.000000000000000E+00  0.000000000000000E+00 0
 343    6850.00    6870.00  0.000000000000000E+00  0.000000000000000E+00 0
 344    6870.00    6890.00  0.000000000000000E+00  0.000000000000000E+00 0
 345    6890.00    6910.00  0.000000000000000E+00  0.000000000000000E+00 0
 346    6910.00    6930.00  0.000000000000000E+00  0.000000000000000E+00 0
 347    6930.00    6950.00  0.000000000000000E+00  0.000000000000000E+00 0
 348    6950.00    6970.00  0.000000000000000E+00  0.000000000000000E+00 0
 349    6970.00    6990.00  0.000000000000000E+00  0.000000000000000E+00 0
 350    6990.00    7010.00  0.000000000000000E+00  0.000000000000000E+00 0
 351    7010.00    7030.00  0.000000000000000E+00  0.000000000000000E+00 0
 352    7030.00    7050.00  0.000000000000000E+00  0.000000000000000E+00 0
 353    7050.00    7070.00  0.000000000000000E+00  0.000000000000000E+00 0
 354    7070.00    7090.00  0.000000000000000E+00  0.000000000000000E+00 0
 355    7090.00    7110.00  0.000000000000000E+00  0.000000000000000E+00 0
 356    7110.00    7130.00  0.000000000000000E+00  0.000000000000000E+00 0
 357    7130.00    7150.00  0.000000000000000E+00  0.000000000000000E+00 0
 358    7150.00    7170.00  0.000000000000000E+00  0.000000000000000E+00 0
 359    7170.00    7190.00  0.000000000000000E+00  0.000000000000000E+00 0
 360    7190.00    7210.00  0.000000000000000E+00  0.000000000000000E+00 0
 361    7210.00    7230.00  0.000000000000000E+00  0.000000000000000E+00 0
 362    7230.00    7250.00  0.000000000000000E+00  0.000000000000000E+00 0
 363    7250.00    7270.00  0.000000000000000E+00  0.000000000000000E+00 0
 364    7270.00    7290.00  0.000000000000000E+00  0.000000000000000E+00 0
 365    7290.00    7310.00  0.000000000000000E+00  0.000000000000000E+00 0
 366    7310.00    7330.00  0.000000000000000E+00  0.000000000000000E+00 0
 367    7330.00    7350.00  0.000000000000000E+00  0.000000000000000E+00 0
 368    7350.00    7370.00  0.000000000000000E+00  0.000000000000000E+00 0
 369    7370.00    7390.00  0.000000000000000E+00  0.000000000000000E+00 0
 370    7390.00    7410.00  0.000000000000000E+00  0.000000000000000E+00 0
 371    7410.00    7430.00  0.000000000000000E+00  0.000000000000000E+00 0
 372    7430.00    7450.00  0.000000000000000E+00  0.000000000000000E+00 0
 373    7450.00    7470.00  0.000000000000000E+00  0.000000000000000E+00 0
 374    7470.00    7490.00  0.000000000000000E+00  0.000000000000000E+00 0
 375    7490.00    7510.00  0.000000000000000E+00  0.000000000000000E+00 0
 376    7510.00    7530.00  0.000000000000000E+00  0.000000000000000E+00 0
 377    7530.00    7550.00  0.000000000000000E+00  0.000000000000000E+00 0
 378    7550.00    7570.00  0.000000000000000E+00  0.000000000000000E+00 0
 379    7570.00    7590.00  0.000000000000000E+00  0.000000000000000E+00 0
 380    7590.00    7610.00  0.000000000000000E+00  0.000000000000000E+00 0
 381    7610.00    7630.00  0.000000000000000E+00  0.000000000000000E+00 0
 382    7630.00    7650.00  0.000000000000000E+00  0.000000000000000E+00 0
 383    7650.00    7670.00  0.000000000000000E+00  0.000000000000000E+00 0
 384    7670.00    7690.00  0.000000000000000E+00  0.000000000000000E+00 0
 385    7690.00    7710.00  0.000000000000000E+00  0.000000000000000E+00 0
 386    7710.00    7730.00  0.000000000000000E+00  0.000000000000000E+00 0
 387    7730.00    7750.00  0.000000000000000E+00  0.000000000000000E+00 0
 388    7750.00    7770.00  0.000000000000000E+00  0.000000000000000E+00 0
 389    7770.00    7790.00  0.000000000000000E+00  0.000000000000000E+00 0
 390    7790.00    7810.00  0.000000000000000E+00  0.000000000000000E+00 0
 391    7810.00    7830.00  0.000000000000000E+00  0.000000000000000E+00 0
 392    7830.00    7850.00  0.000000000000000E+00  0.000000000000000E+00 0
 393    7850.00    7870.00  0.000000000000000E+00  0.000000000000000E+00 0
 394    7870.00    7890.00  0.000000000000000E+00  0.000000000000000E+00 0
 395    7890.00    7910.00  0.000000000000000E+00  0.000000000000000E+00 0
 396    7910.00    7930.00  0.000000000000000E+00  0.000000000000000E+00 0
 397    7930.00    7950.00  0.000000000000000E+00  0.000000000000000E+00 0
 398    7950.00    7970.00  0.000000000000000E+00  0.000000000000000E+00 0
 399    7970.00    7990.00  0.000000000000000E+00  0.000000000000000E+00 0
 400    7990.00    8010.00  0.000000000000000E+00  0.000000000000000E+00 0
 401    8010.00    8030.00  0.000000000000000E+00  0.000000000000000E+00 0
 402    8030.00    8050.00  0.000000000000000E+00  0.000000000000000E+00 0
 403    8050.00    8070.00  0.000000000000000E+00  0.000000000000000E+00 0
 404    8070.00    8090.00  0.000000000000000E+00  0.000000000000000E+00 0
 405    8090.00    8110.00  0.000000000000000E+00  0.000000000000000E+00 0
 406    8110.00    8130.00  0.000000000000000E+00  0.000000000000000E+00 0
 407    8130.00    8150.00  0.000000000000000E+00  0.000000000000000E+00 0
 408    8150.00    8170.00  0.000000000000000E+00  0.000000000000000E+00 0
 409    8170.00    8190.00  0.000000000000000E+00  0.000000000000000E+00 0
 410    8190.00    8210.00  0.000000000000000E+00  0.000000000000000E+00 0
 411    8210.00    8230.00  0.000000000000000E+00  0.000000000000000E+00 0
 412    8230.00    8250.00  0.000000000000000E+00  0.000000000000000E+00 0
 413    8250.00    8270.00  0.000000000000000E+00  0.000000000000000E+00 0
 414    8270.00    8290.00  0.000000000000000E+00  0.000000000000000E+00 0
 415    8290.00    8310.00  0.000000000000000E+00  0.000000000000000E+00 0
 416    8310.00    8330.00  0.000000000000000E+00  0.000000000000000E+00 0
 417    8330.00    8350.00  0.000000000000000E+00  0.000000000000000E+00 0
 418    8350.00    8370.00  0.000000000000000E+00  0.000000000000000E+00 0
 419    8370.00    8390.00  0.000000000000000E+00  0.000000000000000E+00 0
 420    8390.00    8410.00  0.000000000000000E+00  0.000000000000000E+00 0
 421    8410.00    8430.00  0.000000000000000E+00  0.000000000000000E+00 0
 422    8430.00    8450.00  0.000000000000000E+00  0.000000000000000E+00 0
 423    8450.00    8470.00  0.000000000000000E+00  0.000000000000000E+00 0
 424    8470.00    8490.00  0.000000000000000E+00  0.000000000000000E+00 0
 425    8490.00    8510.00  0.000000000000000E+00  0.000000000000000E+00 0
 426    8510.00    8530.00  0.000000000000000E+00  0.000000000000000E+00 0
 427    8530.00    8550.00  0.000000000000000E+00  0.000000000000000E+00 0
 428    8550.00    8570.00  0.000000000000000E+00  0.000000000000000E+00 0
 429    8570.00    8590.00  0.000000000000000E+00  0.000000000000000E+00 0
 430    8590.00    8610.00  0.000000000000000E+00  0.000000000000000E+00 0
 431    8610.00    8630.00  0.000000000000000E+00  0.000000000000000E+00 0
 432    8630.00    8650.00  0.000000000000000E+00  0.000000000000000E+00 0
 433    8650.00    8670.00  0.000000000000000E+00  0.000000000000000E+00 0
 434    8670.00    8690.00  0.000000000000000E+00  0.000000000000000E+00 0
 435    8690.00    8710.00  0.000000000000000E+00  0.000000000000000E+00 0
 436    8710.00    8730.00  0.000000000000000E+00  0.000000000000000E+00 0
 437    8730.00    8750.00  0.000000000000000E+00  0.000000000000000E+00 0
 438    8750.00    8770.00  0.000000000000000E+00  0.000000000000000E+00 0
 439    8770.00    8790.00  0.000000000000000E+00  0.000000000000000E+00 0
 440    8790.00    8810.00  0.000000000000000E+00  0.000000000000000E+00 0
 441    8810.00    8830.00  0.000000000000000E+00  0.000000000000000E+00 0
 442    8830.00    8850.00  0.000000000000000E+00  0.000000000000000E+00 0
 443    8850.00    8870.00  0.000000000000000E+00  0.000000000000000E+00 0
 444    8870.00    8890.00  0.000000000000000E+00  0.000000000000000E+00 0
 445    8890.00    8910.00  0.000000000000000E+00  0.000000000000000E+00 0
 446    8910.00    8930.00  0.000000000000000E+00  0.000000000000000E+00 0
 447    8930.00    8950.00  0.000000000000000E+00  0.000000000000000E+00 0
 448    8950.00    8970.00  0.000000000000000E+00  0.000000000000000E+00 0
 449    8970.00    8990.00  0.000000000000000E+00  0.000000000000000E+00 0
 450    8990.00    9010.00  0.000000000000000E+00  0.000000000000000E+00 0
 451    9010.00    9030.00  0.000000000000000E+00  0.000000000000000E+00 0
 452    9030.00    9050.00  0.000000000000000E+00  0.000000000000000E+00 0
 453    9050.00    9070.00  0.000000000000000E+00  0.000000000000000E+00 0
 454    9070.00    9090.00  0.000000000000000E+00  0.000000000000000E+00 0
 455    9090.00    9110.00  0.000000000000000E+00  0.000000000000000E+00 0
 456    9110.00    9130.00  0.000000000000000E+00  0.000000000000000E+00 0
 457    9130.00    9150.00  0.000000000000000E+00  0.000000000000000E+00 0
 458    9150.00    9170.00  0.000000000000000E+00  0.000000000000000E+00 0
 459    9170.00    9190.00  0.000000000000000E+00  0.000000000000000E+00 0
 460    9190.00    9210.00  0.000000000000000E+00  0.000000000000000E+00 0
 461    9210.00    9230.00  0.000000000000000E+00  0.000000000000000E+00 0
 462    9230.00    9250.00  0.000000000000000E+00  0.000000000000000E+00 0
 463    9250.00    9270.00  0.000000000000000E+00  0.000000000000000E+00 0
 464    9270.00    9290.00  0.000000000000000E+00  0.000000000000000E+00 0
 465    9290.00    9310.00  0.000000000000000E+00  0.000000000000000E+00 0
 466    9310.00    9330.00  0.000000000000000E+00  0.000000000000000E+00 0
 467    9330.00    9350.00  0.000000000000000E+00  0.000000000000000E+00 0
 468    9350.00    9370.00  0.000000000000000E+00  0.000000000000000E+00 0
 469    9370.00    9390.00  0.000000000000000E+00  0.000000000000000E+00 0
 470    9390.00    9410.00  0.000000000000000E+00  0.000000000000000E+00 0
 471    9410.00    9430.00  0.000000000000000E+00  0.000000000000000E+00 0
 472    9430.00    9450.00  0.000000000000000E+00  0.000000000000000E+00 0
 473    9450.00    9470.00  0.000000000000000E+00  0.000000000000000E+00 0
 474    9470.00    9490.00  0.000000000000000E+00  0.000000000000000E+00 0
 475    9490.00    9510.00  0.000000000000000E+00  0.000000000000000E+00 0
 476    9510.00    9530.00  0.000000000000000E+00  0.000000000000000E+00 0
 477    9530.00    9550.00  0.000000000000000E+00  0.000000000000000E+00 0
 478    9550.00    9570.00  0.000000000000000E+00  0.000000000000000E+00 0
 479    9570.00    9590.00  0.000000000000000E+00  0.000000000000000E+00 0
 480    9590.00    9610.00  0.000000000000000E+00  0.000000000000000E+00 0
 481    9610.00    9630.00  0.000000000000000E+00  0.000000000000000E+00 0
 482    9630.00    9650.00  0.000000000000000E+00  0.000000000000000E+00 0
 483    9650.00    9670.00  0.000000000000000E+00  0.000000000000000E+00 0
 484    9670.00    9690.00  0.000000000000000E+00  0.000000000000000E+00 0
 485    9690.00    9710.00  0.000000000000000E+00  0.000000000000000E+00 0
 486    9710.00    9730.00  0.000000000000000E+00  0.000000000000000E+00 0
 487    9730.00    9750.00  0.000000000000000E+00  0.000000000000000E+00 0
 488    9750.00    9770.00  0.000000000000000E+00  0.000000000000000E+00 0
 489    9770.00    9790.00  0.000000000000000E+00  0.000000000000000E+00 0
 490    9790.00    9810.00  0.000000000000000E+00  0.000000000000000E+00 0
 491    9810.00    9830.00  0.000000000000000E+00  0.000000000000000E+00 0
 492    9830.00    9850.00  0.000000000000000E+00  0.000000000000000E+00 0
 493    9850.00    9870.00  0.000000000000000E+00  0.000000000000000E+00 0
 494    9870.00    9890.00  0.000000000000000E+00  0.000000000000000E+00 0
 495    9890.00    9910.00  0.000000000000000E+00  0.000000000000000E+00 0
 496    9910.00    9930.00  0.000000000000000E+00  0.000000000000000E+00 0
 497    9930.00    9950.00  0.000000000000000E+00  0.000000000000000E+00 0
 498    9950.00    9970.00  0.000000000000000E+00  0.000000000000000E+00 0
 499    9970.00    9990.00  0.000000000000000E+00  0.000000000000000E+00 0
 500    9990.00   10010.00  0.000000000000000E+00  0.000000000000000E+00 0
 501   10010.00   10030.00  0.000000000000000E+00  0.000000000000000E+00 0
 502   10030.00   10050.00  0.000000000000000E+00  0.000000000000000E+00 0
 503   10050.00   10070.00  0.000000000000000E+00  0.000000000000000E+00 0
 504   10070.00   10090.00  0.000000000000000E+00  0.000000000000000E+00 0
 505   10090.00   10110.00  0.000000000000000E+00  0.000000000000000E+00 0
 506   10110.00   10130.00  0.000000000000000E+00  0.000000000000000E+00 0
 507   10130.00   10150.00  0.000000000000000E+00  0.000000000000000E+00 0
 508   10150.00   10170.00  0.000000000000000E+00  0.000000000000000E+00 0
 509   10170.00   10190.00  0.000000000000000E+00  0.000000000000000E+00 0
 510   10190.00   10210.00  0.000000000000000E+00  0.000000000000000E+00 0
 511   10210.00   10230.00  0.000000000000000E+00  0.000000000000000E+00 0
 512   10230.00   10250.00  0.000000000000000E+00  0.000000000000000E+00 0
 513   10250.00   10270.00  0.000000000000000E+00  0.000000000000000E+00 0
 514   10270.00   10290.00  0.000000000000000E+00  0.000000000000000E+00 0
 515   10290.00   10310.00  0.000000000000000E+00  0.000000000000000E+00 0
 516   10310.00   10330.00  0.000000000000000E+00  0.000000000000000E+00 0
 517   10330.00   10350.00  0.000000000000000E+00  0.000000000000000E+00 0
 518   10350.00   10370.00  0.000000000000000E+00  0.000000000000000E+00 0
 519   10370.00   10390.00  0.000000000000000E+00  0.000000000000000E+00 0
 520   10390.00   10410.00  0.000000000000000E+00  0.000000000000000E+00 0
 521   10410.00   10430.00  0.000000000000000E+00  0.000000000000000E+00 0
 522   10430.00   10450.00  0.000000000000000E+00  0.000000000000000E+00 0
 523   10450.00   10470.00  0.000000000000000E+00  0.000000000000000E+00 0
 524   10470.00   10490.00  0.000000000000000E+00  0.000000000000000E+00 0
 525   10490.00   10510.00  0.000000000000000E+00  0.000000000000000E+00 0
 526   10510.00   10530.00  0.000000000000000E+00  0.000000000000000E+00 0
 527   10530.00   10550.00  0.000000000000000E+00  0.000000000000000E+00 0
 528   10550.00   10570.00  0.000000000000000E+00  0.000000000000000E+00 0
 529   10570.00   10590.00  0.000000000000000E+00  0.000000000000000E+00 0
 530   10590.00   10610.00  0.000000000000000E+00  0.000000000000000E+00 0
 531   10610.00   10630.00  0.000000000000000E+00  0.000000000000000E+00 0
 532   10630.00   10650.00  0.000000000000000E+00  0.000000000000000E+00 0
 533   10650.00   10670.00  0.000000000000000E+00  0.000000000000000E+00 0
 534   10670.00   10690.00  0.000000000000000E+00  0.000000000000000E+00 0
 535   10690.00   10710.00  0.000000000000000E+00  0.000000000000000E+00 0
 536   10710.00   10730.00  0.000000000000000E+00  0.000000000000000E+00 0
 537   10730.00   10750.00  0.000000000000000E+00  0.000000000000000E+00 0
 538   10750.00   10770.00  0.000000000000000E+00  0.000000000000000E+00 0
 539   10770.00   10790.00  0.000000000000000E+00  0.000000000000000E+00 0
 540   10790.00   10810.00  0.000000000000000E+00  0.000000000000000E+00 0
 541   10810.00   10830.00  0.000000000000000E+00  0.000000000000000E+00 0
 542   10830.00   10850.00  0.000000000000000E+00  0.000000000000000E+00 0
 543   10850.00   10870.00  0.000000000000000E+00  0.000000000000000E+00 0
 544   10870.00   10890.00  0.000000000000000E+00  0.000000000000000E+00 0
 545   10890.00   10910.00  0.000000000000000E+00  0.000000000000000E+00 0
 546   10910.00   10930.00  0.000000000000000E+00  0.000000000000000E+00 0
 547   10930.00   10950.00  0.000000000000000E+00  0.000000000000000E+00 0
 548   10950.00   10970.00  0.000000000000000E+00  0.000000000000000E+00 0
 549   10970.00   10990.00  0.000000000000000E+00  0.000000000000000E+00 0
 550   10990.00   11010.00  0.000000000000000E+00  0.000000000000000E+00 0
 551   11010.00   11030.00  0.000000000000000E+00  0.000000000000000E+00 0
 552   11030.00   11050.00  0.000000000000000E+00  0.000000000000000E+00 0
 553   11050.00   11070.00  0.000000000000000E+00  0.000000000000000E+00 0
 554   11070.00   11090.00  0.000000000000000E+00  0.000000000000000E+00 0
 555   11090.00   11110.00  0.000000000000000E+00  0.000000000000000E+00 0
 556   11110.00   11130.00  0.000000000000000E+00  0.000000000000000E+00 0
 557   11130.00   11150.00  0.000000000000000E+00  0.000000000000000E+00 0
 558   11150.00   11170.00  0.000000000000000E+00  0.000000000000000E+00 0
 559   11170.00   11190.00  0.000000000000000E+00  0.000000000000000E+00 0
 560   11190.00   11210.00  0.000000000000000E+00  0.000000000000000E+00 0
 561   11210.00   11230.00  0.000000000000000E+00  0.000000000000000E+00 0
 562   11230.00   11250.00  0.000000000000000E+00  0.000000000000000E+00 0
 563   11250.00   11270.00  0.000000000000000E+00  0.000000000000000E+00 0
 564   11270.00   11290.00  0.000000000000000E+00  0.000000000000000E+00 0
 565   11290.00   11310.00  0.000000000000000E+00  0.000000000000000E+00 0
 566   11310.00   11330.00  0.000000000000000E+00  0.000000000000000E+00 0
 567   11330.00   11350.00  0.000000000000000E+00  0.000000000000000E+00 0
 568   11350.00   11370.00  0.000000000000000E+00  0.000000000000000E+00 0
 569   11370.00   11390.00  0.000000000000000E+00  0.000000000000000E+00 0
 570   11390.00   11410.00  0.000000000000000E+00  0.000000000000000E+00 0
 571   11410.00   11430.00  0.000000000000000E+00  0.000000000000000E+00 0
 572   11430.00   11450.00  0.000000000000000E+00  0.000000000000000E+00 0
 573   11450.00   11470.00  0.000000000000000E+00  0.000000000000000E+00 0
 574   11470.00   11490.00  0.000000000000000E+00  0.000000000000000E+00 0
 575   11490.00   11510.00  0.000000000000000E+00  0.000000000000000E+00 0
 576   11510.00   11530.00  0.000000000000000E+00  0.000000000000000E+00 0
 577   11530.00   11550.00  0.000000000000000E+00  0.000000000000000E+00 0
 578   11550.00   11570.00  0.000000000000000E+00  0.000000000000000E+00 0
 579   11570.00   11590.00  0.000000000000000E+00  0.000000000000000E+00 0
 580   11590.00   11610.00  0.000000000000000E+00  0.000000000000000E+00 0
 581   11610.00   11630.00  0.000000000000000E+00  0.000000000000000E+00 0
 582   11630.00   11650.00  0.000000000000000E+00  0.000000000000000E+00 0
 583   11650.00   11670.00  0.000000000000000E+00  0.000000000000000E+00 0
 584   11670.00   11690.00  0.000000000000000E+00  0.000000000000000E+00 0
 585   11690.00   11710.00  0.000000000000000E+00  0.000000000000000E+00 0
 586   11710.00   11730.00  0.000000000000000E+00  0.000000000000000E+00 0
 587   11730.00   11750.00  0.000000000000000E+00  0.000000000000000E+00 0
 588   11750.00   11770.00  0.000000000000000E+00  0.000000000000000E+00 0
 589   11770.00   11790.00  0.000000000000000E+00  0.000000000000000E+00 0
 590   11790.00   11810.00  0.000000000000000E+00  0.000000000000000E+00 0
 591   11810.00   11830.00  0.000000000000000E+00  0.000000000000000E+00 0
 592   11830.00   11850.00  0.000000000000000E+00  0.000000000000000E+00 0
 593   11850.00   11870.00  0.000000000000000E+00  0.000000000000000E+00 0
 594   11870.00   11890.00  0.000000000000000E+00  0.000000000000000E+00 0
 595   11890.00   11910.00  0.000000000000000E+00  0.000000000000000E+00 0
 596   11910.00   11930.00  0.000000000000000E+00  0.000000000000000E+00 0
 597   11930.00   11950.00  0.000000000000000E+00  0.000000000000000E+00 0
 598   11950.00   11970.00  0.000000000000000E+00  0.000000000000000E+00 0
 599   11970.00   11990.00  0.000000000000000E+00  0.000000000000000E+00 0
 600   11990.00   12010.00  0.000000000000000E+00  0.000000000000000E+00 0
 601   12010.00   12030.00  0.000000000000000E+00  0.000000000000000E+00 0
 602   12030.00   12050.00  0.000000000000000E+00  0.000000000000000E+00 0
 603   12050.00   12070.00  0.000000000000000E+00  0.000000000000000E+00 0
 604   12070.00   12090.00  0.000000000000000E+00  0.000000000000000E+00 0
 605   12090.00   12110.00  0.000000000000000E+00  0.000000000000000E+00 0
 606   12110.00   12130.00  0.000000000000000E+00  0.000000000000000E+00 0
 607   12130.00   12150.00  0.000000000000000E+00  0.000000000000000E+00 0
 608   12150.00   12170.00  0.000000000000000E+00  0.000000000000000E+00 0
 609   12170.00   12190.00  0.000000000000000E+00  0.000000000000000E+00 0
 610   12190.00   12210.00  0.000000000000000E+00  0.000000000000000E+00 0
 611   12210.00   12230.00  0.000000000000000E+00  0.000000000000000E+00 0
 612   12230.00   12250.00  0.000000000000000E+00  0.000000000000000E+00 0
 613   12250.00   12270.00  0.000000000000000E+00  0.000000000000000E+00 0
 614   12270.00   12290.00  0.000000000000000E+00  0.000000000000000E+00 0
 615   12290.00   12310.00  0.000000000000000E+00  0.000000000000000E+00 0
 616   12310.00   12330.00  0.000000000000000E+00  0.000000000000000E+00 0
 617   12330.00   12350.00  0.000000000000000E+00  0.000000000000000E+00 0
 618   12350.00   12370.00  0.000000000000000E+00  0.000000000000000E+00 0
 619   12370.00   12390.00  0.000000000000000E+00  0.000000000000000E+00 0
 620   12390.00   12410.00  0.000000000000000E+00  0.000000000000000E+00 0
 621   12410.00   12430.00  0.000000000000000E+00  0.000000000000000E+00 0
 622   12430.00   12450.00  0.000000000000000E+00  0.000000000000000E+00 0
 623   12450.00   12470.00  0.000000000000000E+00  0.000000000000000E+00 0
 624   12470.00   12490.00  0.000000000000000E+00  0.000000000000000E+00 0
 625   12490.00   12510.00  0.000000000000000E+00  0.000000000000000E+00 0
 626   12510.00   12530.00  0.000000000000000E+00  0.000000000000000E+00 0
 627   12530.00   12550.00  0.000000000000000E+00  0.000000000000000E+00 0
 628   12550.00   12570.00  0.000000000000000E+00  0.000000000000000E+00 0
 629   12570.00   12590.00  0.000000000000000E+00  0.000000000000000E+00 0
 630   12590.00   12610.00  0.000000000000000E+00  0.000000000000000E+00 0
 631   12610.00   12630.00  0.000000000000000E+00  0.000000000000000E+00 0
 632   12630.00   12650.00  0.000000000000000E+00  0.000000000000000E+00 0
 633   12650.00   12670.00  0.000000000000000E+00  0.000000000000000E+00 0
 634   12670.00   12690.00  0.000000000000000E+00  0.000000000000000E+00 0
 635   12690.00   12710.00  0.000000000000000E+00  0.000000000000000E+00 0
 636   12710.00   12730.00  0.000000000000000E+00  0.000000000000000E+00 0
 637   12730.00   12750.00  0.000000000000000E+00  0.000000000000000E+00 0
 638   12750.00   12770.00  0.000000000000000E+00  0.000000000000000E+00 0
 639   12770.00   12790.00  0.000000000000000E+00  0.000000000000000E+00 0
 640   12790.00   12810.00  0.000000000000000E+00  0.000000000000000E+00 0
 641   12810.00   12830.00  0.000000000000000E+00  0.000000000000000E+00 0
 642   12830.00   12850.00  0.000000000000000E+00  0.000000000000000E+00 0
 643   12850.00   12870.00  0.000000000000000E+00  0.000000000000000E+00 0
 644   12870.00   12890.00  0.000000000000000E+00  0.000000000000000E+00 0
 645   12890.00   12910.00  0.000000000000000E+00  0.000000000000000E+00 0
 646   12910.00   12930.00  0.000000000000000E+00  0.000000000000000E+00 0
 647   12930.00   12950.00  0.000000000000000E+00  0.000000000000000E+00 0
 648   12950.00   12970.00  0.000000000000000E+00  0.000000000000000E+00 0
 649   12970.00   12990.00  0.000000000000000E+00  0.000000000000000E+00 0
 650   12990.00   13010.00  0.000000000000000E+00  0.000000000000000E+00 0
# Underflow:                 0.0000000000000000E+00  0.0000000000000000E+00 0
# Overflow:                  0.0000000000000000E+00  0.0000000000000000E+00 0
#-------------------------------------------------------------------------------------
# Sum:                      -5.1493147386101690E-03  4.8409597462306161E-05 206000
#=====================================================================================
