# title = Invariant Mass j-j-positron System
# xlabel = $M_{\text{j}_1\text{j}_2\text{e}^+}\,$[GeV]
# ylabel = $\frac{\text{d}\sigma}{\text{d}M_{\text{j}_1\text{j}_2\text{e}^+}}\,\left[\frac{\text{fb}}{\text{GeV}}\right]$
# xmin=  0.000E+00
# xmax=  1.600E+03
# ymin=  1.000E-06
# ymax=  1.000E-02
# kmin= -2.000E+01
# kmax=  1.000E+01
# logscale = true
# Renormalization and factorization scale scaled by: 1.0000000000
# Renormalization scaled by: 1.0000000000
# Number of generated events: 3619765
#
#=====================================================================================
# No.       Left      Right                   Value                   Error Hits
#-------------------------------------------------------------------------------------
   1       0.00      40.00  0.000000000000000E+00  0.000000000000000E+00 0
   2      40.00      80.00  0.000000000000000E+00  0.000000000000000E+00 0
   3      80.00     120.00  0.000000000000000E+00  0.000000000000000E+00 0
   4     120.00     160.00  0.000000000000000E+00  0.000000000000000E+00 0
   5     160.00     200.00  0.000000000000000E+00  0.000000000000000E+00 0
   6     200.00     240.00  0.000000000000000E+00  0.000000000000000E+00 0
   7     240.00     280.00  0.000000000000000E+00  0.000000000000000E+00 0
   8     280.00     320.00  0.000000000000000E+00  0.000000000000000E+00 0
   9     320.00     360.00  0.000000000000000E+00  0.000000000000000E+00 0
  10     360.00     400.00  0.000000000000000E+00  0.000000000000000E+00 0
  11     400.00     440.00  0.000000000000000E+00  0.000000000000000E+00 0
  12     440.00     480.00  0.000000000000000E+00  0.000000000000000E+00 0
  13     480.00     520.00  2.290788805414298E-07  2.254245507907429E-08 59873
  14     520.00     560.00  1.315505048039679E-04  5.944953676716155E-07 40732176
  15     560.00     600.00  3.914480115207161E-04  1.285854978736128E-06 107541935
  16     600.00     640.00  5.537332120487070E-04  1.692461790423640E-06 138408545
  17     640.00     680.00  6.545365460490864E-04  2.101698209435861E-06 154534061
  18     680.00     720.00  7.166153599738953E-04  2.251915165867655E-06 163328204
  19     720.00     760.00  7.620459245765846E-04  2.262212419684933E-06 167920755
  20     760.00     800.00  7.890298032591651E-04  2.600412744037527E-06 169841011
  21     800.00     840.00  8.024959554869249E-04  3.446223757310442E-06 170040616
  22     840.00     880.00  8.085794529420071E-04  3.768070827768632E-06 169087194
  23     880.00     920.00  8.193617551150405E-04  3.402337139988889E-06 167287915
  24     920.00     960.00  8.194486318638710E-04  3.587341811270984E-06 164955328
  25     960.00    1000.00  8.134200150078069E-04  3.488707889101217E-06 162230086
  26    1000.00    1040.00  8.023132821363105E-04  4.339808006974883E-06 159196838
  27    1040.00    1080.00  7.883025245533393E-04  4.149215450379603E-06 156019391
  28    1080.00    1120.00  7.769524320687837E-04  4.865942318745225E-06 152665029
  29    1120.00    1160.00  7.700761012165401E-04  4.223084503625904E-06 149277057
  30    1160.00    1200.00  7.493312977663957E-04  4.176268585169858E-06 145903302
  31    1200.00    1240.00  7.344699962571659E-04  4.429554290595796E-06 142445713
  32    1240.00    1280.00  7.046063805786510E-04  5.229721893328741E-06 139039535
  33    1280.00    1320.00  6.933517271039174E-04  5.213897257519338E-06 135666856
  34    1320.00    1360.00  6.663473458351618E-04  5.936459590140342E-06 132337200
  35    1360.00    1400.00  6.452039748404441E-04  7.133186119538769E-06 129064401
  36    1400.00    1440.00  6.448243131502179E-04  4.978078422734621E-06 125837344
  37    1440.00    1480.00  6.132797127220805E-04  6.037018282137134E-06 122691793
  38    1480.00    1520.00  6.005997458421143E-04  6.773983011340069E-06 119635891
  39    1520.00    1560.00  5.783544426927683E-04  6.365843111056442E-06 116615954
  40    1560.00    1600.00  5.663847785843522E-04  5.743596433605737E-06 113700927
  41    1600.00    1640.00  5.534041045158081E-04  5.353131099481504E-06 110828087
  42    1640.00    1680.00  5.248510454515364E-04  6.526209977026945E-06 108056025
  43    1680.00    1720.00  5.012645990950915E-04  6.900531788718140E-06 105355254
  44    1720.00    1760.00  5.008076619923977E-04  5.539869012025510E-06 102735543
  45    1760.00    1800.00  4.789653516846297E-04  5.853502809729544E-06 100178313
  46    1800.00    1840.00  4.512414576324122E-04  9.802392628262183E-06 97706101
  47    1840.00    1880.00  4.432675063938011E-04  6.216782681348548E-06 95281072
  48    1880.00    1920.00  4.212887155831075E-04  6.969311113549783E-06 92953395
  49    1920.00    1960.00  4.190006943989891E-04  5.691595514337478E-06 90662077
  50    1960.00    2000.00  3.922658744912969E-04  6.269515727269124E-06 88473656
  51    2000.00    2040.00  3.792310882619814E-04  5.432495787670317E-06 86291796
  52    2040.00    2080.00  3.657444920410552E-04  7.051649722653380E-06 84214988
  53    2080.00    2120.00  3.620913150767660E-04  5.069208963814560E-06 82191998
  54    2120.00    2160.00  3.295046596539613E-04  7.130180192501895E-06 80208272
  55    2160.00    2200.00  3.379923109127035E-04  5.883116599921625E-06 78283142
  56    2200.00    2240.00  3.103028908644012E-04  7.714925703400930E-06 76458331
  57    2240.00    2280.00  3.028717497142941E-04  8.025375904190789E-06 74631142
  58    2280.00    2320.00  2.866066350305029E-04  8.647421849386058E-06 72878791
  59    2320.00    2360.00  2.789030909681569E-04  6.512821409595351E-06 71190858
  60    2360.00    2400.00  2.688950141466578E-04  7.690803670459455E-06 69512335
  61    2400.00    2440.00  2.579943279299825E-04  9.542610252685434E-06 67906680
  62    2440.00    2480.00  2.529077915671773E-04  7.534296685312507E-06 66336304
  63    2480.00    2520.00  2.502014570935566E-04  4.956844419019067E-06 64808821
  64    2520.00    2560.00  2.308130252260183E-04  6.073345301419157E-06 63336138
  65    2560.00    2600.00  2.243397243273833E-04  5.229716555594372E-06 61899400
  66    2600.00    2640.00  2.202211491301846E-04  4.134669608132736E-06 60516055
  67    2640.00    2680.00  1.980926403749684E-04  7.228713602779489E-06 59155841
  68    2680.00    2720.00  1.894931698693722E-04  8.276215296165063E-06 57817454
  69    2720.00    2760.00  1.765176803464477E-04  7.292034229894095E-06 56515010
  70    2760.00    2800.00  1.897793781881209E-04  3.815279152468497E-06 55263956
  71    2800.00    2840.00  1.839996642907276E-04  4.030481262743523E-06 54038950
  72    2840.00    2880.00  1.663979441028920E-04  4.958427455535681E-06 52846869
  73    2880.00    2920.00  1.645514649498624E-04  4.380891751999407E-06 51689762
  74    2920.00    2960.00  1.519834579278285E-04  8.364107349293261E-06 50548794
  75    2960.00    3000.00  1.524278783391398E-04  4.885379323946848E-06 49464023
  76    3000.00    3040.00  1.388025590411925E-04  6.179979186816811E-06 48382300
  77    3040.00    3080.00  1.292353484927714E-04  5.605118300733253E-06 47343269
  78    3080.00    3120.00  1.210423029187090E-04  5.146703889248948E-06 46338088
  79    3120.00    3160.00  1.043708755969664E-04  1.116357683478112E-05 45335265
  80    3160.00    3200.00  1.106828756882092E-04  5.962385103070469E-06 44364004
  81    3200.00    3240.00  9.870510216518249E-05  1.021827710831709E-05 43428559
  82    3240.00    3280.00  1.034028933911432E-04  5.134127069815054E-06 42517106
  83    3280.00    3320.00  8.961753446531049E-05  1.094596345368721E-05 41605973
  84    3320.00    3360.00  1.024312136986176E-04  3.261421042856811E-06 40727130
  85    3360.00    3400.00  8.353830608113299E-05  8.333288985678503E-06 39875730
  86    3400.00    3440.00  8.187167021987709E-05  5.513282750118611E-06 39047790
  87    3440.00    3480.00  8.258390790185364E-05  7.966672510226516E-06 38241746
  88    3480.00    3520.00  7.926371946178856E-05  4.708851697443581E-06 37440295
  89    3520.00    3560.00  7.271831599253553E-05  5.155760438615693E-06 36661620
  90    3560.00    3600.00  7.443569287775271E-05  3.743380782315057E-06 35908876
  91    3600.00    3640.00  5.324361758079552E-05  2.080882457974418E-05 35175740
  92    3640.00    3680.00  7.213913938042725E-05  4.860139656773445E-06 34450873
  93    3680.00    3720.00  6.355889721953070E-05  3.656028275280732E-06 33749113
  94    3720.00    3760.00  6.157316071323936E-05  2.757468614981527E-06 33064891
  95    3760.00    3800.00  5.011004308203771E-05  5.046079253391576E-06 32383935
  96    3800.00    3840.00  5.625165390529337E-05  3.018462537220887E-06 31727722
  97    3840.00    3880.00  5.347661607287362E-05  4.310369915850286E-06 31101732
  98    3880.00    3920.00  5.146411513479705E-05  3.120835437040851E-06 30456749
  99    3920.00    3960.00  5.007922309730616E-05  3.101410689381663E-06 29847444
 100    3960.00    4000.00  4.446391293190141E-05  2.877175448409767E-06 29256313
 101    4000.00    4040.00  3.792694883927336E-05  6.195599798357859E-06 28671390
 102    4040.00    4080.00  4.245722444457682E-05  2.601400139814544E-06 28076147
 103    4080.00    4120.00  4.225930786381421E-05  1.673300559759034E-06 27521170
 104    4120.00    4160.00  3.857835322622128E-05  2.753090367215449E-06 26983421
 105    4160.00    4200.00  2.710912605010900E-05  8.501364330837187E-06 26443088
 106    4200.00    4240.00  3.115051823540364E-05  3.225521102758092E-06 25921685
 107    4240.00    4280.00  3.187446785970653E-05  2.815688233664251E-06 25406317
 108    4280.00    4320.00  3.347687274655234E-05  1.643375797475708E-06 24904319
 109    4320.00    4360.00  2.847286704936705E-05  3.701331221904090E-06 24410687
 110    4360.00    4400.00  2.218914068635470E-05  5.058845989887201E-06 23933400
 111    4400.00    4440.00  2.598769474267503E-05  2.031188759359375E-06 23460171
 112    4440.00    4480.00  2.610912257413385E-05  1.390934599882048E-06 23004000
 113    4480.00    4520.00  2.233050886489235E-05  2.993521250300563E-06 22546266
 114    4520.00    4560.00  2.573148527262305E-05  9.584673458976938E-07 22114598
 115    4560.00    4600.00  2.066786533719831E-05  2.497897910754035E-06 21678134
 116    4600.00    4640.00  2.080196992893861E-05  1.718562285641072E-06 21253742
 117    4640.00    4680.00  1.987171234282497E-05  1.259653266715573E-06 20842190
 118    4680.00    4720.00  2.011031665315282E-05  1.560016389793243E-06 20426175
 119    4720.00    4760.00  1.226475237915328E-05  3.474775520335211E-06 20036558
 120    4760.00    4800.00  1.461795648573815E-05  2.173324538765194E-06 19651712
 121    4800.00    4840.00  1.767921038252900E-05  7.567667845941910E-07 19259520
 122    4840.00    4880.00  1.683379912212044E-05  7.400413687341862E-07 18893474
 123    4880.00    4920.00  1.207967300760870E-05  2.625651237594608E-06 18526029
 124    4920.00    4960.00  1.253957120424224E-05  1.235389424552332E-06 18170306
 125    4960.00    5000.00  1.134138469042793E-05  1.254644545674198E-06 17814038
 126    5000.00    5040.00  1.075855095073636E-05  1.833970093182856E-06 17468983
 127    5040.00    5080.00  1.056887108441946E-05  2.227605090521841E-06 17134216
 128    5080.00    5120.00  8.886330143473079E-06  1.591608694083278E-06 16803846
 129    5120.00    5160.00  9.653116362561431E-06  1.222136303394308E-06 16471617
 130    5160.00    5200.00  1.014099705096006E-05  9.456527193584917E-07 16160423
 131    5200.00    5240.00  9.525088343193358E-06  1.156099536607806E-06 15840605
 132    5240.00    5280.00  7.656369476270182E-06  1.071265684405649E-06 15539390
 133    5280.00    5320.00  6.781661838046072E-06  1.873209257826995E-06 15236748
 134    5320.00    5360.00  7.391860679735852E-06  7.858107090623437E-07 14938092
 135    5360.00    5400.00  5.083091102681210E-06  2.463519991266735E-06 14646729
 136    5400.00    5440.00  7.795916019043049E-06  5.356000937677524E-07 14364016
 137    5440.00    5480.00  7.128125784192571E-06  6.151553107061334E-07 14090038
 138    5480.00    5520.00  5.765239830526935E-06  7.652738025346805E-07 13820871
 139    5520.00    5560.00  5.669823191231248E-06  5.115300125892884E-07 13548346
 140    5560.00    5600.00  5.814424847351275E-06  4.214784428015131E-07 13284034
 141    5600.00    5640.00  5.597925677633706E-06  4.622486710485699E-07 13034509
 142    5640.00    5680.00  3.538818590572597E-06  1.722117312321169E-06 12783670
 143    5680.00    5720.00  4.919713308660244E-06  4.901632744750318E-07 12525419
 144    5720.00    5760.00  4.176668750405395E-06  8.350914694342798E-07 12283121
 145    5760.00    5800.00  3.779380959220607E-06  7.141664252640145E-07 12054030
 146    5800.00    5840.00  2.372096496740743E-06  1.221722088526416E-06 11808887
 147    5840.00    5880.00  3.991153905986198E-06  2.888639936747121E-07 11584679
 148    5880.00    5920.00  3.446619838040757E-06  6.043738456191299E-07 11363495
 149    5920.00    5960.00  3.187745068332969E-06  2.751524006292415E-07 11136205
 150    5960.00    6000.00  5.208377015043100E-07  1.700003680609857E-06 10915904
 151    6000.00    6040.00  2.931660683493533E-06  1.991964039312662E-07 10709319
 152    6040.00    6080.00  2.641796222804358E-06  2.576575540212749E-07 10495725
 153    6080.00    6120.00  2.163898439807453E-06  4.541250364840103E-07 10292340
 154    6120.00    6160.00  2.177018575859465E-06  3.433396008180432E-07 10088912
 155    6160.00    6200.00  1.969270567213990E-06  3.572454473944512E-07 9890923
 156    6200.00    6240.00  7.625830788862827E-07  7.576287044154934E-07 9699386
 157    6240.00    6280.00  2.143886654044573E-06  1.466631526356005E-07 9505375
 158    6280.00    6320.00  7.896759617318606E-07  1.091186237233395E-06 9320846
 159    6320.00    6360.00  1.544641401268393E-06  3.333113512634368E-07 9133065
 160    6360.00    6400.00  1.486610755789624E-06  2.430274485741712E-07 8953403
 161    6400.00    6440.00  1.491759256090065E-06  2.351978669528133E-07 8773748
 162    6440.00    6480.00  9.955687979405927E-07  4.253379700346368E-07 8597368
 163    6480.00    6520.00  1.180288972303474E-06  2.346297135382595E-07 8432864
 164    6520.00    6560.00  1.204325916715243E-06  1.602942306130044E-07 8262318
 165    6560.00    6600.00  1.133031087888617E-06  1.716730123968770E-07 8103128
 166    6600.00    6640.00  1.187250677125934E-06  7.451260656464132E-08 7935492
 167    6640.00    6680.00  9.501011013845742E-07  1.291303308895875E-07 7776958
 168    6680.00    6720.00  8.960639574488190E-07  1.122207054055001E-07 7625057
 169    6720.00    6760.00  8.523695656803349E-07  7.564887639421239E-08 7470418
 170    6760.00    6800.00  8.974616887973644E-07  4.915574721371788E-08 7316750
 171    6800.00    6840.00  7.857840771276831E-07  1.039986657596237E-07 7172240
 172    6840.00    6880.00  2.919890384560164E-07  4.588708704968781E-07 7025059
 173    6880.00    6920.00  6.613141330168650E-07  8.387101546381266E-08 6884198
 174    6920.00    6960.00  7.210332809590422E-07  5.104323556969710E-08 6744229
 175    6960.00    7000.00 -4.448340185554733E-08  5.360271789118966E-07 6607325
 176    7000.00    7040.00  2.696334551980730E-08  4.708503380141876E-07 6469797
 177    7040.00    7080.00  5.347440596679924E-07  4.301927764448349E-08 6338909
 178    7080.00    7120.00  1.630578593976786E-07  1.988959264053529E-07 6206364
 179    7120.00    7160.00  1.930109784271688E-07  1.946767085569224E-07 6080510
 180    7160.00    7200.00  4.207022043696386E-07  6.300453797774931E-08 5953225
 181    7200.00    7240.00 -9.327371813797341E-08  4.323727372650404E-07 5831251
 182    7240.00    7280.00  7.103029529354490E-08  1.743616325177916E-07 5711018
 183    7280.00    7320.00  3.147140555499221E-07  3.620693751192606E-08 5589116
 184    7320.00    7360.00  3.373494819068417E-07  2.182200395379739E-08 5468788
 185    7360.00    7400.00  2.786422131237670E-07  3.562796020741555E-08 5356214
 186    7400.00    7440.00  2.991690960538427E-07  1.269401326250398E-08 5241588
 187    7440.00    7480.00  2.156866274882247E-07  2.704003873007878E-08 5131580
 188    7480.00    7520.00  2.284119646013204E-07  1.453953586295940E-08 5021489
 189    7520.00    7560.00  1.429675927260666E-07  4.522294239215656E-08 4919402
 190    7560.00    7600.00  1.965342263059962E-07  2.095412479903408E-08 4807872
 191    7600.00    7640.00  8.710231655383926E-08  4.376618564422070E-08 4708871
 192    7640.00    7680.00  1.570709573928649E-07  3.335931929053551E-08 4606022
 193    7680.00    7720.00  1.396319885495468E-07  2.041547947310548E-08 4505961
 194    7720.00    7760.00  1.070380730877071E-07  2.663351358982571E-08 4406517
 195    7760.00    7800.00  1.352615857283548E-07  1.275909879855885E-08 4315662
 196    7800.00    7840.00  1.351849995378763E-07  8.775234088646151E-09 4216654
 197    7840.00    7880.00  8.526491577739166E-08  3.203238064390128E-08 4126919
 198    7880.00    7920.00  4.403846257179006E-08  4.131913910314954E-08 4033034
 199    7920.00    7960.00  8.049834191893378E-08  1.564224530169308E-08 3941707
 200    7960.00    8000.00  8.973535576484054E-08  9.479129024308720E-09 3854099
 201    8000.00    8040.00  6.467076308185247E-08  1.717007158832659E-08 3768374
 202    8040.00    8080.00  3.565488981428024E-08  2.216567736150615E-08 3681645
 203    8080.00    8120.00  5.642392179600586E-08  1.660628899738302E-08 3599393
 204    8120.00    8160.00  5.910994415340218E-08  7.999023344181895E-09 3512561
 205    8160.00    8200.00  4.224805212643510E-08  1.569186594150986E-08 3438246
 206    8200.00    8240.00  4.206571239249440E-08  1.157036895603648E-08 3356195
 207    8240.00    8280.00  2.880272004491225E-08  1.510323428699006E-08 3278072
 208    8280.00    8320.00  3.869658263710769E-08  7.660341663076721E-09 3204228
 209    8320.00    8360.00  3.085808788059624E-08  6.532741268072639E-09 3129008
 210    8360.00    8400.00  3.842262344116988E-08  2.278143276214082E-09 3051351
 211    8400.00    8440.00  2.714743740054735E-08  4.446021906160713E-09 2981603
 212    8440.00    8480.00  1.943749736524315E-08  8.995311851181204E-09 2906556
 213    8480.00    8520.00  2.431953603355399E-08  5.078958667205765E-09 2838447
 214    8520.00    8560.00  1.999755188505122E-08  3.636353663283797E-09 2770830
 215    8560.00    8600.00  1.859545160981397E-08  4.250726050507271E-09 2703155
 216    8600.00    8640.00  2.015739158848685E-08  2.457402529453245E-09 2636829
 217    8640.00    8680.00  6.860871414888189E-09  7.360573395735686E-09 2575013
 218    8680.00    8720.00  1.730480720456395E-08  1.285225727917295E-09 2510853
 219    8720.00    8760.00  1.774857114718616E-08  1.492177506036975E-09 2445369
 220    8760.00    8800.00  1.142557414359615E-08  3.121846756961345E-09 2385507
 221    8800.00    8840.00 -9.208879340084661E-09  1.866328994132720E-08 2322228
 222    8840.00    8880.00  1.003246604231931E-08  1.256495905471961E-09 2266037
 223    8880.00    8920.00  9.006601651606640E-09  1.231150009727908E-09 2205251
 224    8920.00    8960.00  9.893307504254805E-09  7.565442527270032E-10 2149568
 225    8960.00    9000.00 -1.196581122036580E-09  7.794719124167080E-09 2091590
 226    9000.00    9040.00  7.296950254140849E-09  5.302043140909746E-10 2036860
 227    9040.00    9080.00  4.757512562405682E-09  1.042790720444117E-09 1985773
 228    9080.00    9120.00  6.570371183499674E-09  2.225200243288559E-10 1931690
 229    9120.00    9160.00  5.308745967429749E-09  3.025093164176469E-10 1877290
 230    9160.00    9200.00  3.985567545021352E-09  9.232002590981218E-10 1831408
 231    9200.00    9240.00  4.148904511217707E-09  4.982356108515725E-10 1780289
 232    9240.00    9280.00  1.865629946869196E-09  1.404234027387108E-09 1727998
 233    9280.00    9320.00  2.223063793298048E-09  1.078269690038456E-09 1682186
 234    9320.00    9360.00  1.642665838064009E-09  7.704597740763561E-10 1633976
 235    9360.00    9400.00  2.475715897211425E-09  3.734284620931178E-10 1589161
 236    9400.00    9440.00  2.297443032468352E-09  2.139291772951536E-10 1543623
 237    9440.00    9480.00  9.630339921480550E-10  9.737788397284442E-10 1498267
 238    9480.00    9520.00  1.198172447559141E-09  3.906270661172380E-10 1455810
 239    9520.00    9560.00  1.483055145932147E-09  2.723773079009779E-10 1413552
 240    9560.00    9600.00  1.100818976519042E-09  1.856320771164717E-10 1369966
 241    9600.00    9640.00  1.014833490585460E-09  1.681087451142964E-10 1330068
 242    9640.00    9680.00  1.007381816517761E-09  1.252243207343163E-10 1288152
 243    9680.00    9720.00  2.470203367098364E-10  4.173522801895317E-10 1248812
 244    9720.00    9760.00  5.213145514848534E-10  1.262754776419262E-10 1210665
 245    9760.00    9800.00  5.487561481750146E-10  1.678615977724238E-10 1173937
 246    9800.00    9840.00  4.830839769966924E-10  1.613407124296522E-10 1138291
 247    9840.00    9880.00  3.999457938921165E-10  1.404712361465449E-10 1101025
 248    9880.00    9920.00  4.060392621283841E-10  7.803821287333571E-11 1064458
 249    9920.00    9960.00  4.046538318710299E-10  3.525964040126705E-11 1029528
 250    9960.00   10000.00  2.992730942653346E-10  1.618732264136387E-10 994559
 251   10000.00   10040.00  1.558408982432576E-10  1.045947612152627E-10 961826
 252   10040.00   10080.00  2.758243185624530E-10  2.101340476293913E-11 927971
 253   10080.00   10120.00  2.050620441725553E-10  6.742029834621073E-11 898396
 254   10120.00   10160.00  1.822966277999704E-10  2.447621533717466E-11 866792
 255   10160.00   10200.00  1.153166712688978E-10  5.860971561496031E-11 835927
 256   10200.00   10240.00  1.447518767584101E-10  1.844297453993563E-11 805430
 257   10240.00   10280.00  1.322081600239358E-10  1.028755940601341E-11 777529
 258   10280.00   10320.00  1.580750441338850E-10  4.716501342963199E-11 748232
 259   10320.00   10360.00  1.026554279453710E-10  1.047434547184045E-11 722335
 260   10360.00   10400.00 -9.797277500204252E-11  1.753140214554542E-10 692668
 261   10400.00   10440.00  2.905336292834981E-11  3.153626522301163E-11 669140
 262   10440.00   10480.00  4.532734020298605E-11  6.595736992293118E-12 642066
 263   10480.00   10520.00  3.533029285706184E-11  9.625323625152861E-12 616827
 264   10520.00   10560.00  3.647772622305200E-11  1.006813258100034E-11 590408
 265   10560.00   10600.00  3.202953353120652E-11  3.758640649755681E-12 568568
 266   10600.00   10640.00  1.609910749326411E-11  1.164251960005511E-11 544491
 267   10640.00   10680.00  2.220633158500039E-11  2.118792831674788E-12 521517
 268   10680.00   10720.00  1.952775553676339E-11  1.745783540567943E-12 499676
 269   10720.00   10760.00 -5.555517726637775E-12  1.575019196189495E-11 478244
 270   10760.00   10800.00  1.282725789683907E-11  1.765861609218745E-12 457411
 271   10800.00   10840.00 -5.777917613574589E-11  5.995178881992950E-11 436329
 272   10840.00   10880.00  6.888307737115383E-12  1.641281973766550E-12 415807
 273   10880.00   10920.00  2.800520018502853E-12  3.372268632199697E-12 397660
 274   10920.00   10960.00  7.261662695478942E-12  6.757939956932283E-13 377938
 275   10960.00   11000.00  3.044404697597105E-12  1.660688357055589E-12 360067
 276   11000.00   11040.00  2.845566722642683E-12  1.514193355826073E-12 341076
 277   11040.00   11080.00  2.844993291072121E-12  3.096328533932552E-13 325312
 278   11080.00   11120.00  2.034353726601228E-12  2.136742837052756E-13 307939
 279   11120.00   11160.00  9.347065666645844E-13  6.690792805184120E-13 292427
 280   11160.00   11200.00  1.634588044192256E-12  5.410858066321868E-13 276563
 281   11200.00   11240.00  7.524510441864816E-13  3.933399025411439E-13 261379
 282   11240.00   11280.00  2.773127542476061E-14  1.008630038117061E-12 247095
 283   11280.00   11320.00  2.288985097949537E-13  3.539515791539073E-13 232797
 284   11320.00   11360.00  5.587234961718103E-13  1.269325083647449E-13 219464
 285   11360.00   11400.00  3.432519881439069E-13  9.776683035384583E-14 205443
 286   11400.00   11440.00  1.327823300136056E-13  1.277407134813365E-13 193277
 287   11440.00   11480.00  2.062965332517209E-13  9.806065053536465E-14 181492
 288   11480.00   11520.00  2.831932039269129E-13  7.124528997703114E-14 169354
 289   11520.00   11560.00  3.302797121902245E-14  7.354772654630973E-14 157965
 290   11560.00   11600.00  1.155841263858748E-13  2.165515158491844E-14 146733
 291   11600.00   11640.00  5.794271923893354E-14  2.313377619307957E-14 136433
 292   11640.00   11680.00  1.820692588133483E-14  1.140343086136513E-14 126589
 293   11680.00   11720.00  2.785230829119801E-14  2.096916347545933E-14 117362
 294   11720.00   11760.00 -3.410482624171073E-14  5.814435617679618E-14 108304
 295   11760.00   11800.00  3.780729059516873E-14  2.959303277776407E-14 99266
 296   11800.00   11840.00  6.082145812908058E-15  7.920610671736327E-15 90936
 297   11840.00   11880.00  1.486646025818972E-14  1.425697444599793E-14 82991
 298   11880.00   11920.00 -7.098796197626116E-15  1.039448011856252E-14 75637
 299   11920.00   11960.00  1.054223113051867E-14  6.384199362632715E-15 68751
 300   11960.00   12000.00  6.006802921815432E-15  3.242519849651670E-15 61671
 301   12000.00   12040.00  4.406930618841545E-15  2.181403539428220E-15 55921
 302   12040.00   12080.00  4.681476734851898E-17  1.673772008939482E-15 49160
 303   12080.00   12120.00 -9.691350295317079E-15  1.035477940850340E-14 44178
 304   12120.00   12160.00  3.537314607472823E-16  4.661241554188802E-16 38818
 305   12160.00   12200.00  2.184562937874473E-15  1.259950495657850E-15 34271
 306   12200.00   12240.00  1.431717342192069E-16  2.976182479556234E-16 29774
 307   12240.00   12280.00 -2.113837061202747E-17  2.048390383178195E-16 25886
 308   12280.00   12320.00 -8.483702404176479E-16  5.350468213566173E-16 22122
 309   12320.00   12360.00 -4.396134038757070E-17  2.608819159856119E-16 18715
 310   12360.00   12400.00  2.543820357276963E-17  1.244603249227724E-16 15601
 311   12400.00   12440.00  1.814053026007129E-18  5.567744062155583E-17 12674
 312   12440.00   12480.00  2.195353935368370E-16  2.190558347573478E-16 10261
 313   12480.00   12520.00  4.973340379548545E-18  2.500547932498822E-17 8244
 314   12520.00   12560.00 -2.433804954232475E-17  2.334369525363125E-17 6374
 315   12560.00   12600.00 -3.955975063351809E-18  3.879551152799711E-18 4816
 316   12600.00   12640.00 -8.550186748451292E-19  2.919335677572350E-18 3456
 317   12640.00   12680.00 -1.215143607184425E-19  8.365768009102579E-19 2345
 318   12680.00   12720.00  1.185030422460404E-19  3.849465090322384E-19 1589
 319   12720.00   12760.00 -3.706998144526974E-19  5.386680821756109E-19 865
 320   12760.00   12800.00 -9.311466749336152E-20  5.992002798336152E-20 423
 321   12800.00   12840.00  2.557973405090247E-20  3.200311346846789E-20 161
 322   12840.00   12880.00  4.978987422569606E-21  3.589362363860260E-21 28
 323   12880.00   12920.00  0.000000000000000E+00  0.000000000000000E+00 0
 324   12920.00   12960.00  0.000000000000000E+00  0.000000000000000E+00 0
 325   12960.00   13000.00  0.000000000000000E+00  0.000000000000000E+00 0
# Underflow:                 0.0000000000000000E+00  0.0000000000000000E+00 0
# Overflow:                  0.0000000000000000E+00  0.0000000000000000E+00 0
#-------------------------------------------------------------------------------------
# Sum:                      -5.1493147386101681E-03  4.8411995908074170E-05 206000
#=====================================================================================
