# title = Transverse Momentum Softer Jet
# xlabel = $p_{\text{T},\text{j}_2}\,$[GeV]
# ylabel = $\frac{\text{d}\sigma}{\text{d}p_{\text{T},\text{j}_2}}\,\left[\frac{\text{fb}}{\text{GeV}}\right]$
# xmin=  0.000E+00
# xmax=  8.000E+02
# ymin=  1.000E-06
# ymax=  2.000E-02
# kmin= -5.000E+01
# kmax=  1.000E+01
# logscale = true
# Renormalization and factorization scale scaled by: 1.0000000000
# Renormalization scaled by: 1.0000000000
# Number of generated events: 3619765
#
#=====================================================================================
# No.       Left      Right                   Value                   Error Hits
#-------------------------------------------------------------------------------------
   1      10.00      30.00  0.000000000000000E+00  0.000000000000000E+00 0
   2      30.00      50.00  8.077710458134629E-03  2.663269914249750E-05 793501355
   3      50.00      70.00  1.047999182950055E-02  5.095802351396555E-05 886425116
   4      70.00      90.00  1.018016641727141E-02  4.642995197518274E-05 875527241
   5      90.00     110.00  8.688854575202963E-03  4.062499424180532E-05 804635627
   6     110.00     130.00  6.833255536909791E-03  3.289573035389392E-05 699792655
   7     130.00     150.00  5.045634975317474E-03  3.216173675952300E-05 578435701
   8     150.00     170.00  3.675461888200680E-03  3.718861686466246E-05 468531465
   9     170.00     190.00  2.725133761906434E-03  2.908979876142529E-05 381715568
  10     190.00     210.00  2.019363424027849E-03  2.066570377202244E-05 313514341
  11     210.00     230.00  1.501079492002645E-03  2.562748366937716E-05 259564731
  12     230.00     250.00  1.135354035710980E-03  1.823552706821841E-05 216492408
  13     250.00     270.00  8.497373663823897E-04  2.475267751222655E-05 181867055
  14     270.00     290.00  6.696788096106109E-04  1.309714716435593E-05 153831503
  15     290.00     310.00  4.857766526949618E-04  1.516442371966466E-05 130905126
  16     310.00     330.00  4.000074559879147E-04  1.193540227076641E-05 112032105
  17     330.00     350.00  3.102350520052424E-04  7.911605991327198E-06 96393086
  18     350.00     370.00  2.415334478955279E-04  8.106458510720141E-06 83363584
  19     370.00     390.00  1.763765198717193E-04  1.009852714275871E-05 72415912
  20     390.00     410.00  1.458055259875732E-04  1.038095597738995E-05 63162353
  21     410.00     430.00  1.231759824358942E-04  7.677283117592646E-06 55312541
  22     430.00     450.00  9.463880582513300E-05  7.453441502996544E-06 48599375
  23     450.00     470.00  7.574687045360827E-05  5.647225717030186E-06 42841104
  24     470.00     490.00  6.130689774882232E-05  4.821322103865211E-06 37892835
  25     490.00     510.00  4.679521805683025E-05  6.165770425458827E-06 33612529
  26     510.00     530.00  4.750863995501893E-05  3.485069994081341E-06 29875477
  27     530.00     550.00  3.712960223415355E-05  2.648444848621423E-06 26646987
  28     550.00     570.00  2.972767727271248E-05  2.633977231882268E-06 23800461
  29     570.00     590.00  2.600660476943608E-05  2.179361442285255E-06 21318099
  30     590.00     610.00  1.716615085058520E-05  3.742989790084173E-06 19138122
  31     610.00     630.00  1.714592760318526E-05  1.709752307068736E-06 17206094
  32     630.00     650.00  1.485068367367640E-05  1.361980103205648E-06 15478402
  33     650.00     670.00  1.382167206249164E-05  7.871724301708986E-07 13968836
  34     670.00     690.00  5.830799538185880E-06  2.791460930055990E-06 12619831
  35     690.00     710.00  7.817668986754690E-06  1.549198828460929E-06 11416776
  36     710.00     730.00  7.183922827072369E-06  9.683008065384479E-07 10345943
  37     730.00     750.00  6.753145870744433E-06  7.174575294856047E-07 9392718
  38     750.00     770.00  4.793821330691400E-06  6.069230254467555E-07 8529894
  39     770.00     790.00  3.565631521540273E-06  9.032515265152971E-07 7763640
  40     790.00     810.00  3.844742402083739E-06  6.377062531666796E-07 7065600
  41     810.00     830.00  3.309173174346710E-06  4.347542266440981E-07 6439021
  42     830.00     850.00  2.693140705989447E-06  3.434009678865067E-07 5878402
  43     850.00     870.00  1.975165389921525E-06  6.051182451956278E-07 5370868
  44     870.00     890.00  1.630389774663498E-06  3.979374953270589E-07 4905038
  45     890.00     910.00  1.039076551580086E-06  8.192467316968137E-07 4491264
  46     910.00     930.00 -2.007669383949268E-06  2.891797683686429E-06 4110231
  47     930.00     950.00  6.328566201311668E-07  5.042114237046488E-07 3767996
  48     950.00     970.00  1.130569170079269E-06  1.473137073516567E-07 3457068
  49     970.00     990.00  2.881403820114395E-07  4.390718660481107E-07 3167576
  50     990.00    1010.00 -1.315958938237462E-06  1.947641863859292E-06 2911340
  51    1010.00    1030.00  3.872576992525509E-07  2.477213829445782E-07 2672977
  52    1030.00    1050.00  6.322842794030705E-07  8.589328898618255E-08 2461276
  53    1050.00    1070.00  6.005674764278985E-07  7.629218230842642E-08 2264199
  54    1070.00    1090.00  5.421729292542944E-07  3.479187163524197E-08 2085993
  55    1090.00    1110.00  3.147473356220072E-07  7.291359902698578E-08 1918719
  56    1110.00    1130.00  3.312198412972798E-08  1.958986864239153E-07 1766775
  57    1130.00    1150.00  2.892156904872393E-07  3.754289804060728E-08 1626137
  58    1150.00    1170.00  2.314764277325955E-07  3.301509425234666E-08 1501804
  59    1170.00    1190.00  2.486009571365722E-07  2.048525280309922E-08 1384345
  60    1190.00    1210.00  2.981607121652961E-08  1.329410807396623E-07 1277036
  61    1210.00    1230.00 -3.425110926305040E-08  1.330527440650317E-07 1179908
  62    1230.00    1250.00  1.423920387054282E-07  1.283391730929796E-08 1089831
  63    1250.00    1270.00  1.470008960532351E-07  7.808161557254307E-09 1005437
  64    1270.00    1290.00  4.905264553690622E-08  5.038747151168458E-08 928410
  65    1290.00    1310.00  8.622869487996904E-08  1.482023145393076E-08 859307
  66    1310.00    1330.00  7.969725139850520E-08  1.349297061523287E-08 794221
  67    1330.00    1350.00  6.756178558989478E-08  8.756130159934871E-09 732609
  68    1350.00    1370.00  3.187962233206369E-08  1.857299787434534E-08 678186
  69    1370.00    1390.00  4.390906164558456E-08  1.029609608132219E-08 627679
  70    1390.00    1410.00 -4.490670740266274E-08  8.155708378119673E-08 581247
  71    1410.00    1430.00  2.760245592795631E-08  7.083014534704518E-09 537285
  72    1430.00    1450.00  1.449799416274777E-08  8.992774847659580E-09 497597
  73    1450.00    1470.00  1.833267883688170E-08  9.043890204768616E-09 459907
  74    1470.00    1490.00  1.788422625228969E-08  4.976875221868289E-09 426772
  75    1490.00    1510.00  1.047746675585259E-08  5.173582129568624E-09 394144
  76    1510.00    1530.00  7.026790512665857E-09  1.031612663756996E-08 365321
  77    1530.00    1550.00  1.427726791462005E-08  1.133396240565180E-09 338518
  78    1550.00    1570.00  1.213481313286897E-09  1.055765020173908E-08 313720
  79    1570.00    1590.00  1.075105036164596E-08  8.650651994644968E-10 289781
  80    1590.00    1610.00 -1.425390351072230E-09  6.679522124267316E-09 269214
  81    1610.00    1630.00  2.135808999001858E-09  4.441493020980448E-09 249366
  82    1630.00    1650.00  6.416280226294174E-09  4.565353988803473E-10 230549
  83    1650.00    1670.00  4.093418579765366E-09  8.305143766590892E-10 213532
  84    1670.00    1690.00  4.602716592537596E-09  4.550256809777162E-10 197826
  85    1690.00    1710.00  3.234781113099218E-09  4.856626034092323E-10 183261
  86    1710.00    1730.00  4.134730064724574E-10  2.769880588878828E-09 169213
  87    1730.00    1750.00  2.549871497691480E-09  4.460842477147244E-10 156553
  88    1750.00    1770.00  2.050169110409912E-09  3.946553164335056E-10 146158
  89    1770.00    1790.00  1.341970820357903E-09  4.393042038723040E-10 135006
  90    1790.00    1810.00  1.623584449089479E-09  1.539062667864251E-10 124925
  91    1810.00    1830.00  9.201549931962800E-10  2.833892911319122E-10 116165
  92    1830.00    1850.00 -7.569738803208612E-10  1.152281349869055E-09 107513
  93    1850.00    1870.00  6.515734079956399E-10  1.657375922644518E-10 99066
  94    1870.00    1890.00 -5.342786911049752E-10  1.134046472160937E-09 91943
  95    1890.00    1910.00  7.308000605984513E-10  4.991664037641859E-11 85306
  96    1910.00    1930.00  3.708365199163763E-10  6.028033628450003E-11 78978
  97    1930.00    1950.00  4.476581593593713E-10  8.534316128278955E-11 72518
  98    1950.00    1970.00  3.561615507038649E-10  4.862416248672699E-11 67423
  99    1970.00    1990.00  2.700099026826986E-10  5.198016441185561E-11 62701
 100    1990.00    2010.00  2.370624191301414E-10  3.771527410243026E-11 58080
 101    2010.00    2030.00  1.864687064465999E-10  1.520893887741449E-11 53524
 102    2030.00    2050.00 -7.537208801707731E-11  1.719377647605775E-10 49291
 103    2050.00    2070.00  1.329909606603873E-10  1.252798997689806E-11 45707
 104    2070.00    2090.00  7.732281657340784E-11  2.024156194279663E-11 42160
 105    2090.00    2110.00  1.344354331426996E-10  5.187905548399232E-11 38600
 106    2110.00    2130.00  7.838652204906566E-11  1.002900991037081E-11 35788
 107    2130.00    2150.00  4.282553002613367E-11  5.138445583105757E-12 32584
 108    2150.00    2170.00  4.278217429868946E-11  4.915419625914615E-12 30509
 109    2170.00    2190.00  1.529971987188931E-11  1.772518723765543E-11 28308
 110    2190.00    2210.00  1.406149907960696E-11  9.674706687522832E-12 25940
 111    2210.00    2230.00  1.835073483679131E-11  3.085919319963237E-12 23700
 112    2230.00    2250.00 -1.019313556556830E-12  1.059219811791550E-11 21898
 113    2250.00    2270.00  1.532534281815650E-11  2.073913514706084E-12 20013
 114    2270.00    2290.00  9.924440693463090E-12  1.288058386204523E-12 18320
 115    2290.00    2310.00  6.718608514094651E-12  1.091345237008978E-12 16790
 116    2310.00    2330.00  7.117295410561212E-12  1.358327317396992E-12 15327
 117    2330.00    2350.00  5.289849133873543E-12  1.565068660603460E-12 14102
 118    2350.00    2370.00  3.286209483049961E-12  4.064979465556426E-13 13028
 119    2370.00    2390.00  3.422667593846493E-12  4.906663221173770E-13 11685
 120    2390.00    2410.00  2.879750420282003E-12  7.567996320554969E-13 10791
 121    2410.00    2430.00  2.547406672269576E-12  4.582644981698518E-13 9906
 122    2430.00    2450.00  1.213971132902335E-12  4.274804244934392E-13 9090
 123    2450.00    2470.00 -2.315652355986812E-11  2.469556972766262E-11 8393
 124    2470.00    2490.00  9.023130404168505E-13  1.772604432806766E-13 7469
 125    2490.00    2510.00  4.751847363672195E-13  1.158318317504263E-13 6901
 126    2510.00    2530.00  5.145697355477972E-13  1.821813593850681E-13 6169
 127    2530.00    2550.00  3.157868741950693E-13  5.676969285681915E-14 5706
 128    2550.00    2570.00  2.628276718000865E-13  4.913463948429745E-14 5023
 129    2570.00    2590.00  1.520759556849602E-13  2.747710918288802E-14 4548
 130    2590.00    2610.00  8.038084858020150E-14  1.921832473748681E-14 4120
 131    2610.00    2630.00  1.718539854270078E-13  9.176642435612806E-14 3584
 132    2630.00    2650.00  3.987290865123080E-14  6.972697326637244E-15 3282
 133    2650.00    2670.00  4.350528761156815E-14  8.978885680766663E-15 2988
 134    2670.00    2690.00  2.487819022036040E-14  6.109868353329198E-15 2654
 135    2690.00    2710.00  8.559497773405045E-15  6.826625326560243E-15 2299
 136    2710.00    2730.00  2.114607662317474E-14  5.318023433638326E-15 2044
 137    2730.00    2750.00  2.088935695646586E-14  7.620815732197602E-15 1913
 138    2750.00    2770.00  1.622540541804908E-14  8.702654179805376E-15 1679
 139    2770.00    2790.00  4.123460517721192E-15  1.688454322416349E-15 1507
 140    2790.00    2810.00  5.463718745639970E-15  2.752685115097082E-15 1330
 141    2810.00    2830.00  2.982940874401113E-15  9.511154632409952E-16 1080
 142    2830.00    2850.00 -3.597882744882624E-17  1.449610890305404E-15 937
 143    2850.00    2870.00  4.801253712643849E-16  3.017112181523248E-16 840
 144    2870.00    2890.00  3.177750997648892E-16  3.229499156537375E-16 744
 145    2890.00    2910.00  3.176248337139956E-16  1.419566408538798E-16 658
 146    2910.00    2930.00  1.047296322453956E-16  2.313813553592603E-16 573
 147    2930.00    2950.00  1.523555705010130E-17  1.345668230491808E-16 442
 148    2950.00    2970.00  1.062085310196883E-16  6.918600761735218E-17 403
 149    2970.00    2990.00  2.994682483193715E-16  2.900690478161835E-16 323
 150    2990.00    3010.00  1.113693083795719E-17  2.384388278989400E-17 243
 151    3010.00    3030.00  5.720559851876649E-17  5.637698340122294E-17 249
 152    3030.00    3050.00 -2.254535333047530E-19  4.978465197692756E-18 164
 153    3050.00    3070.00  7.113042589241687E-18  9.974139075952373E-18 152
 154    3070.00    3090.00 -3.824470607430281E-18  3.244392296872708E-18 126
 155    3090.00    3110.00 -5.664796616209745E-19  2.407491291902457E-18 92
 156    3110.00    3130.00  5.175204723680153E-19  9.193313618452151E-19 72
 157    3130.00    3150.00 -6.606316599007098E-19  6.157028751438193E-19 55
 158    3150.00    3170.00  2.057772345627790E-19  1.985468367245340E-19 33
 159    3170.00    3190.00  8.130829615156761E-19  5.586375554099987E-19 30
 160    3190.00    3210.00 -3.506648877371986E-19  2.627483279171546E-19 17
 161    3210.00    3230.00  1.159995971813296E-19  1.586589933815974E-19 18
 162    3230.00    3250.00 -2.810490946094151E-21  1.243099816895668E-20 9
 163    3250.00    3270.00  7.064834838108845E-21  6.250334654445935E-21 5
 164    3270.00    3290.00  2.938838329053488E-21  3.557620657341428E-21 3
 165    3290.00    3310.00 -1.148668983118663E-22  1.148668983026136E-22 1
 166    3310.00    3330.00  4.969939668463053E-23  4.969939668001872E-23 1
 167    3330.00    3350.00  0.000000000000000E+00  0.000000000000000E+00 0
 168    3350.00    3370.00  0.000000000000000E+00  0.000000000000000E+00 0
 169    3370.00    3390.00  0.000000000000000E+00  0.000000000000000E+00 0
 170    3390.00    3410.00  0.000000000000000E+00  0.000000000000000E+00 0
 171    3410.00    3430.00  0.000000000000000E+00  0.000000000000000E+00 0
 172    3430.00    3450.00  0.000000000000000E+00  0.000000000000000E+00 0
 173    3450.00    3470.00  0.000000000000000E+00  0.000000000000000E+00 0
 174    3470.00    3490.00  0.000000000000000E+00  0.000000000000000E+00 0
 175    3490.00    3510.00  0.000000000000000E+00  0.000000000000000E+00 0
 176    3510.00    3530.00  0.000000000000000E+00  0.000000000000000E+00 0
 177    3530.00    3550.00  0.000000000000000E+00  0.000000000000000E+00 0
 178    3550.00    3570.00  0.000000000000000E+00  0.000000000000000E+00 0
 179    3570.00    3590.00  0.000000000000000E+00  0.000000000000000E+00 0
 180    3590.00    3610.00  0.000000000000000E+00  0.000000000000000E+00 0
 181    3610.00    3630.00  0.000000000000000E+00  0.000000000000000E+00 0
 182    3630.00    3650.00  0.000000000000000E+00  0.000000000000000E+00 0
 183    3650.00    3670.00  0.000000000000000E+00  0.000000000000000E+00 0
 184    3670.00    3690.00  0.000000000000000E+00  0.000000000000000E+00 0
 185    3690.00    3710.00  0.000000000000000E+00  0.000000000000000E+00 0
 186    3710.00    3730.00  0.000000000000000E+00  0.000000000000000E+00 0
 187    3730.00    3750.00  0.000000000000000E+00  0.000000000000000E+00 0
 188    3750.00    3770.00  0.000000000000000E+00  0.000000000000000E+00 0
 189    3770.00    3790.00  0.000000000000000E+00  0.000000000000000E+00 0
 190    3790.00    3810.00  0.000000000000000E+00  0.000000000000000E+00 0
 191    3810.00    3830.00  0.000000000000000E+00  0.000000000000000E+00 0
 192    3830.00    3850.00  0.000000000000000E+00  0.000000000000000E+00 0
 193    3850.00    3870.00  0.000000000000000E+00  0.000000000000000E+00 0
 194    3870.00    3890.00  0.000000000000000E+00  0.000000000000000E+00 0
 195    3890.00    3910.00  0.000000000000000E+00  0.000000000000000E+00 0
 196    3910.00    3930.00  0.000000000000000E+00  0.000000000000000E+00 0
 197    3930.00    3950.00  0.000000000000000E+00  0.000000000000000E+00 0
 198    3950.00    3970.00  0.000000000000000E+00  0.000000000000000E+00 0
 199    3970.00    3990.00  0.000000000000000E+00  0.000000000000000E+00 0
 200    3990.00    4010.00  0.000000000000000E+00  0.000000000000000E+00 0
 201    4010.00    4030.00  0.000000000000000E+00  0.000000000000000E+00 0
 202    4030.00    4050.00  0.000000000000000E+00  0.000000000000000E+00 0
 203    4050.00    4070.00  0.000000000000000E+00  0.000000000000000E+00 0
 204    4070.00    4090.00  0.000000000000000E+00  0.000000000000000E+00 0
 205    4090.00    4110.00  0.000000000000000E+00  0.000000000000000E+00 0
 206    4110.00    4130.00  0.000000000000000E+00  0.000000000000000E+00 0
 207    4130.00    4150.00  0.000000000000000E+00  0.000000000000000E+00 0
 208    4150.00    4170.00  0.000000000000000E+00  0.000000000000000E+00 0
 209    4170.00    4190.00  0.000000000000000E+00  0.000000000000000E+00 0
 210    4190.00    4210.00  0.000000000000000E+00  0.000000000000000E+00 0
 211    4210.00    4230.00  0.000000000000000E+00  0.000000000000000E+00 0
 212    4230.00    4250.00  0.000000000000000E+00  0.000000000000000E+00 0
 213    4250.00    4270.00  0.000000000000000E+00  0.000000000000000E+00 0
 214    4270.00    4290.00  0.000000000000000E+00  0.000000000000000E+00 0
 215    4290.00    4310.00  0.000000000000000E+00  0.000000000000000E+00 0
 216    4310.00    4330.00  0.000000000000000E+00  0.000000000000000E+00 0
 217    4330.00    4350.00  0.000000000000000E+00  0.000000000000000E+00 0
 218    4350.00    4370.00  0.000000000000000E+00  0.000000000000000E+00 0
 219    4370.00    4390.00  0.000000000000000E+00  0.000000000000000E+00 0
 220    4390.00    4410.00  0.000000000000000E+00  0.000000000000000E+00 0
 221    4410.00    4430.00  0.000000000000000E+00  0.000000000000000E+00 0
 222    4430.00    4450.00  0.000000000000000E+00  0.000000000000000E+00 0
 223    4450.00    4470.00  0.000000000000000E+00  0.000000000000000E+00 0
 224    4470.00    4490.00  0.000000000000000E+00  0.000000000000000E+00 0
 225    4490.00    4510.00  0.000000000000000E+00  0.000000000000000E+00 0
 226    4510.00    4530.00  0.000000000000000E+00  0.000000000000000E+00 0
 227    4530.00    4550.00  0.000000000000000E+00  0.000000000000000E+00 0
 228    4550.00    4570.00  0.000000000000000E+00  0.000000000000000E+00 0
 229    4570.00    4590.00  0.000000000000000E+00  0.000000000000000E+00 0
 230    4590.00    4610.00  0.000000000000000E+00  0.000000000000000E+00 0
 231    4610.00    4630.00  0.000000000000000E+00  0.000000000000000E+00 0
 232    4630.00    4650.00  0.000000000000000E+00  0.000000000000000E+00 0
 233    4650.00    4670.00  0.000000000000000E+00  0.000000000000000E+00 0
 234    4670.00    4690.00  0.000000000000000E+00  0.000000000000000E+00 0
 235    4690.00    4710.00  0.000000000000000E+00  0.000000000000000E+00 0
 236    4710.00    4730.00  0.000000000000000E+00  0.000000000000000E+00 0
 237    4730.00    4750.00  0.000000000000000E+00  0.000000000000000E+00 0
 238    4750.00    4770.00  0.000000000000000E+00  0.000000000000000E+00 0
 239    4770.00    4790.00  0.000000000000000E+00  0.000000000000000E+00 0
 240    4790.00    4810.00  0.000000000000000E+00  0.000000000000000E+00 0
 241    4810.00    4830.00  0.000000000000000E+00  0.000000000000000E+00 0
 242    4830.00    4850.00  0.000000000000000E+00  0.000000000000000E+00 0
 243    4850.00    4870.00  0.000000000000000E+00  0.000000000000000E+00 0
 244    4870.00    4890.00  0.000000000000000E+00  0.000000000000000E+00 0
 245    4890.00    4910.00  0.000000000000000E+00  0.000000000000000E+00 0
 246    4910.00    4930.00  0.000000000000000E+00  0.000000000000000E+00 0
 247    4930.00    4950.00  0.000000000000000E+00  0.000000000000000E+00 0
 248    4950.00    4970.00  0.000000000000000E+00  0.000000000000000E+00 0
 249    4970.00    4990.00  0.000000000000000E+00  0.000000000000000E+00 0
 250    4990.00    5010.00  0.000000000000000E+00  0.000000000000000E+00 0
 251    5010.00    5030.00  0.000000000000000E+00  0.000000000000000E+00 0
 252    5030.00    5050.00  0.000000000000000E+00  0.000000000000000E+00 0
 253    5050.00    5070.00  0.000000000000000E+00  0.000000000000000E+00 0
 254    5070.00    5090.00  0.000000000000000E+00  0.000000000000000E+00 0
 255    5090.00    5110.00  0.000000000000000E+00  0.000000000000000E+00 0
 256    5110.00    5130.00  0.000000000000000E+00  0.000000000000000E+00 0
 257    5130.00    5150.00  0.000000000000000E+00  0.000000000000000E+00 0
 258    5150.00    5170.00  0.000000000000000E+00  0.000000000000000E+00 0
 259    5170.00    5190.00  0.000000000000000E+00  0.000000000000000E+00 0
 260    5190.00    5210.00  0.000000000000000E+00  0.000000000000000E+00 0
 261    5210.00    5230.00  0.000000000000000E+00  0.000000000000000E+00 0
 262    5230.00    5250.00  0.000000000000000E+00  0.000000000000000E+00 0
 263    5250.00    5270.00  0.000000000000000E+00  0.000000000000000E+00 0
 264    5270.00    5290.00  0.000000000000000E+00  0.000000000000000E+00 0
 265    5290.00    5310.00  0.000000000000000E+00  0.000000000000000E+00 0
 266    5310.00    5330.00  0.000000000000000E+00  0.000000000000000E+00 0
 267    5330.00    5350.00  0.000000000000000E+00  0.000000000000000E+00 0
 268    5350.00    5370.00  0.000000000000000E+00  0.000000000000000E+00 0
 269    5370.00    5390.00  0.000000000000000E+00  0.000000000000000E+00 0
 270    5390.00    5410.00  0.000000000000000E+00  0.000000000000000E+00 0
 271    5410.00    5430.00  0.000000000000000E+00  0.000000000000000E+00 0
 272    5430.00    5450.00  0.000000000000000E+00  0.000000000000000E+00 0
 273    5450.00    5470.00  0.000000000000000E+00  0.000000000000000E+00 0
 274    5470.00    5490.00  0.000000000000000E+00  0.000000000000000E+00 0
 275    5490.00    5510.00  0.000000000000000E+00  0.000000000000000E+00 0
 276    5510.00    5530.00  0.000000000000000E+00  0.000000000000000E+00 0
 277    5530.00    5550.00  0.000000000000000E+00  0.000000000000000E+00 0
 278    5550.00    5570.00  0.000000000000000E+00  0.000000000000000E+00 0
 279    5570.00    5590.00  0.000000000000000E+00  0.000000000000000E+00 0
 280    5590.00    5610.00  0.000000000000000E+00  0.000000000000000E+00 0
 281    5610.00    5630.00  0.000000000000000E+00  0.000000000000000E+00 0
 282    5630.00    5650.00  0.000000000000000E+00  0.000000000000000E+00 0
 283    5650.00    5670.00  0.000000000000000E+00  0.000000000000000E+00 0
 284    5670.00    5690.00  0.000000000000000E+00  0.000000000000000E+00 0
 285    5690.00    5710.00  0.000000000000000E+00  0.000000000000000E+00 0
 286    5710.00    5730.00  0.000000000000000E+00  0.000000000000000E+00 0
 287    5730.00    5750.00  0.000000000000000E+00  0.000000000000000E+00 0
 288    5750.00    5770.00  0.000000000000000E+00  0.000000000000000E+00 0
 289    5770.00    5790.00  0.000000000000000E+00  0.000000000000000E+00 0
 290    5790.00    5810.00  0.000000000000000E+00  0.000000000000000E+00 0
 291    5810.00    5830.00  0.000000000000000E+00  0.000000000000000E+00 0
 292    5830.00    5850.00  0.000000000000000E+00  0.000000000000000E+00 0
 293    5850.00    5870.00  0.000000000000000E+00  0.000000000000000E+00 0
 294    5870.00    5890.00  0.000000000000000E+00  0.000000000000000E+00 0
 295    5890.00    5910.00  0.000000000000000E+00  0.000000000000000E+00 0
 296    5910.00    5930.00  0.000000000000000E+00  0.000000000000000E+00 0
 297    5930.00    5950.00  0.000000000000000E+00  0.000000000000000E+00 0
 298    5950.00    5970.00  0.000000000000000E+00  0.000000000000000E+00 0
 299    5970.00    5990.00  0.000000000000000E+00  0.000000000000000E+00 0
 300    5990.00    6010.00  0.000000000000000E+00  0.000000000000000E+00 0
 301    6010.00    6030.00  0.000000000000000E+00  0.000000000000000E+00 0
 302    6030.00    6050.00  0.000000000000000E+00  0.000000000000000E+00 0
 303    6050.00    6070.00  0.000000000000000E+00  0.000000000000000E+00 0
 304    6070.00    6090.00  0.000000000000000E+00  0.000000000000000E+00 0
 305    6090.00    6110.00  0.000000000000000E+00  0.000000000000000E+00 0
 306    6110.00    6130.00  0.000000000000000E+00  0.000000000000000E+00 0
 307    6130.00    6150.00  0.000000000000000E+00  0.000000000000000E+00 0
 308    6150.00    6170.00  0.000000000000000E+00  0.000000000000000E+00 0
 309    6170.00    6190.00  0.000000000000000E+00  0.000000000000000E+00 0
 310    6190.00    6210.00  0.000000000000000E+00  0.000000000000000E+00 0
 311    6210.00    6230.00  0.000000000000000E+00  0.000000000000000E+00 0
 312    6230.00    6250.00  0.000000000000000E+00  0.000000000000000E+00 0
 313    6250.00    6270.00  0.000000000000000E+00  0.000000000000000E+00 0
 314    6270.00    6290.00  0.000000000000000E+00  0.000000000000000E+00 0
 315    6290.00    6310.00  0.000000000000000E+00  0.000000000000000E+00 0
 316    6310.00    6330.00  0.000000000000000E+00  0.000000000000000E+00 0
 317    6330.00    6350.00  0.000000000000000E+00  0.000000000000000E+00 0
 318    6350.00    6370.00  0.000000000000000E+00  0.000000000000000E+00 0
 319    6370.00    6390.00  0.000000000000000E+00  0.000000000000000E+00 0
 320    6390.00    6410.00  0.000000000000000E+00  0.000000000000000E+00 0
 321    6410.00    6430.00  0.000000000000000E+00  0.000000000000000E+00 0
 322    6430.00    6450.00  0.000000000000000E+00  0.000000000000000E+00 0
 323    6450.00    6470.00  0.000000000000000E+00  0.000000000000000E+00 0
 324    6470.00    6490.00  0.000000000000000E+00  0.000000000000000E+00 0
 325    6490.00    6510.00  0.000000000000000E+00  0.000000000000000E+00 0
 326    6510.00    6530.00  0.000000000000000E+00  0.000000000000000E+00 0
 327    6530.00    6550.00  0.000000000000000E+00  0.000000000000000E+00 0
 328    6550.00    6570.00  0.000000000000000E+00  0.000000000000000E+00 0
 329    6570.00    6590.00  0.000000000000000E+00  0.000000000000000E+00 0
 330    6590.00    6610.00  0.000000000000000E+00  0.000000000000000E+00 0
 331    6610.00    6630.00  0.000000000000000E+00  0.000000000000000E+00 0
 332    6630.00    6650.00  0.000000000000000E+00  0.000000000000000E+00 0
 333    6650.00    6670.00  0.000000000000000E+00  0.000000000000000E+00 0
 334    6670.00    6690.00  0.000000000000000E+00  0.000000000000000E+00 0
 335    6690.00    6710.00  0.000000000000000E+00  0.000000000000000E+00 0
 336    6710.00    6730.00  0.000000000000000E+00  0.000000000000000E+00 0
 337    6730.00    6750.00  0.000000000000000E+00  0.000000000000000E+00 0
 338    6750.00    6770.00  0.000000000000000E+00  0.000000000000000E+00 0
 339    6770.00    6790.00  0.000000000000000E+00  0.000000000000000E+00 0
 340    6790.00    6810.00  0.000000000000000E+00  0.000000000000000E+00 0
 341    6810.00    6830.00  0.000000000000000E+00  0.000000000000000E+00 0
 342    6830.00    6850.00  0.000000000000000E+00  0.000000000000000E+00 0
 343    6850.00    6870.00  0.000000000000000E+00  0.000000000000000E+00 0
 344    6870.00    6890.00  0.000000000000000E+00  0.000000000000000E+00 0
 345    6890.00    6910.00  0.000000000000000E+00  0.000000000000000E+00 0
 346    6910.00    6930.00  0.000000000000000E+00  0.000000000000000E+00 0
 347    6930.00    6950.00  0.000000000000000E+00  0.000000000000000E+00 0
 348    6950.00    6970.00  0.000000000000000E+00  0.000000000000000E+00 0
 349    6970.00    6990.00  0.000000000000000E+00  0.000000000000000E+00 0
 350    6990.00    7010.00  0.000000000000000E+00  0.000000000000000E+00 0
 351    7010.00    7030.00  0.000000000000000E+00  0.000000000000000E+00 0
 352    7030.00    7050.00  0.000000000000000E+00  0.000000000000000E+00 0
 353    7050.00    7070.00  0.000000000000000E+00  0.000000000000000E+00 0
 354    7070.00    7090.00  0.000000000000000E+00  0.000000000000000E+00 0
 355    7090.00    7110.00  0.000000000000000E+00  0.000000000000000E+00 0
 356    7110.00    7130.00  0.000000000000000E+00  0.000000000000000E+00 0
 357    7130.00    7150.00  0.000000000000000E+00  0.000000000000000E+00 0
 358    7150.00    7170.00  0.000000000000000E+00  0.000000000000000E+00 0
 359    7170.00    7190.00  0.000000000000000E+00  0.000000000000000E+00 0
 360    7190.00    7210.00  0.000000000000000E+00  0.000000000000000E+00 0
 361    7210.00    7230.00  0.000000000000000E+00  0.000000000000000E+00 0
 362    7230.00    7250.00  0.000000000000000E+00  0.000000000000000E+00 0
 363    7250.00    7270.00  0.000000000000000E+00  0.000000000000000E+00 0
 364    7270.00    7290.00  0.000000000000000E+00  0.000000000000000E+00 0
 365    7290.00    7310.00  0.000000000000000E+00  0.000000000000000E+00 0
 366    7310.00    7330.00  0.000000000000000E+00  0.000000000000000E+00 0
 367    7330.00    7350.00  0.000000000000000E+00  0.000000000000000E+00 0
 368    7350.00    7370.00  0.000000000000000E+00  0.000000000000000E+00 0
 369    7370.00    7390.00  0.000000000000000E+00  0.000000000000000E+00 0
 370    7390.00    7410.00  0.000000000000000E+00  0.000000000000000E+00 0
 371    7410.00    7430.00  0.000000000000000E+00  0.000000000000000E+00 0
 372    7430.00    7450.00  0.000000000000000E+00  0.000000000000000E+00 0
 373    7450.00    7470.00  0.000000000000000E+00  0.000000000000000E+00 0
 374    7470.00    7490.00  0.000000000000000E+00  0.000000000000000E+00 0
 375    7490.00    7510.00  0.000000000000000E+00  0.000000000000000E+00 0
 376    7510.00    7530.00  0.000000000000000E+00  0.000000000000000E+00 0
 377    7530.00    7550.00  0.000000000000000E+00  0.000000000000000E+00 0
 378    7550.00    7570.00  0.000000000000000E+00  0.000000000000000E+00 0
 379    7570.00    7590.00  0.000000000000000E+00  0.000000000000000E+00 0
 380    7590.00    7610.00  0.000000000000000E+00  0.000000000000000E+00 0
 381    7610.00    7630.00  0.000000000000000E+00  0.000000000000000E+00 0
 382    7630.00    7650.00  0.000000000000000E+00  0.000000000000000E+00 0
 383    7650.00    7670.00  0.000000000000000E+00  0.000000000000000E+00 0
 384    7670.00    7690.00  0.000000000000000E+00  0.000000000000000E+00 0
 385    7690.00    7710.00  0.000000000000000E+00  0.000000000000000E+00 0
 386    7710.00    7730.00  0.000000000000000E+00  0.000000000000000E+00 0
 387    7730.00    7750.00  0.000000000000000E+00  0.000000000000000E+00 0
 388    7750.00    7770.00  0.000000000000000E+00  0.000000000000000E+00 0
 389    7770.00    7790.00  0.000000000000000E+00  0.000000000000000E+00 0
 390    7790.00    7810.00  0.000000000000000E+00  0.000000000000000E+00 0
 391    7810.00    7830.00  0.000000000000000E+00  0.000000000000000E+00 0
 392    7830.00    7850.00  0.000000000000000E+00  0.000000000000000E+00 0
 393    7850.00    7870.00  0.000000000000000E+00  0.000000000000000E+00 0
 394    7870.00    7890.00  0.000000000000000E+00  0.000000000000000E+00 0
 395    7890.00    7910.00  0.000000000000000E+00  0.000000000000000E+00 0
 396    7910.00    7930.00  0.000000000000000E+00  0.000000000000000E+00 0
 397    7930.00    7950.00  0.000000000000000E+00  0.000000000000000E+00 0
 398    7950.00    7970.00  0.000000000000000E+00  0.000000000000000E+00 0
 399    7970.00    7990.00  0.000000000000000E+00  0.000000000000000E+00 0
 400    7990.00    8010.00  0.000000000000000E+00  0.000000000000000E+00 0
 401    8010.00    8030.00  0.000000000000000E+00  0.000000000000000E+00 0
 402    8030.00    8050.00  0.000000000000000E+00  0.000000000000000E+00 0
 403    8050.00    8070.00  0.000000000000000E+00  0.000000000000000E+00 0
 404    8070.00    8090.00  0.000000000000000E+00  0.000000000000000E+00 0
 405    8090.00    8110.00  0.000000000000000E+00  0.000000000000000E+00 0
 406    8110.00    8130.00  0.000000000000000E+00  0.000000000000000E+00 0
 407    8130.00    8150.00  0.000000000000000E+00  0.000000000000000E+00 0
 408    8150.00    8170.00  0.000000000000000E+00  0.000000000000000E+00 0
 409    8170.00    8190.00  0.000000000000000E+00  0.000000000000000E+00 0
 410    8190.00    8210.00  0.000000000000000E+00  0.000000000000000E+00 0
 411    8210.00    8230.00  0.000000000000000E+00  0.000000000000000E+00 0
 412    8230.00    8250.00  0.000000000000000E+00  0.000000000000000E+00 0
 413    8250.00    8270.00  0.000000000000000E+00  0.000000000000000E+00 0
 414    8270.00    8290.00  0.000000000000000E+00  0.000000000000000E+00 0
 415    8290.00    8310.00  0.000000000000000E+00  0.000000000000000E+00 0
 416    8310.00    8330.00  0.000000000000000E+00  0.000000000000000E+00 0
 417    8330.00    8350.00  0.000000000000000E+00  0.000000000000000E+00 0
 418    8350.00    8370.00  0.000000000000000E+00  0.000000000000000E+00 0
 419    8370.00    8390.00  0.000000000000000E+00  0.000000000000000E+00 0
 420    8390.00    8410.00  0.000000000000000E+00  0.000000000000000E+00 0
 421    8410.00    8430.00  0.000000000000000E+00  0.000000000000000E+00 0
 422    8430.00    8450.00  0.000000000000000E+00  0.000000000000000E+00 0
 423    8450.00    8470.00  0.000000000000000E+00  0.000000000000000E+00 0
 424    8470.00    8490.00  0.000000000000000E+00  0.000000000000000E+00 0
 425    8490.00    8510.00  0.000000000000000E+00  0.000000000000000E+00 0
 426    8510.00    8530.00  0.000000000000000E+00  0.000000000000000E+00 0
 427    8530.00    8550.00  0.000000000000000E+00  0.000000000000000E+00 0
 428    8550.00    8570.00  0.000000000000000E+00  0.000000000000000E+00 0
 429    8570.00    8590.00  0.000000000000000E+00  0.000000000000000E+00 0
 430    8590.00    8610.00  0.000000000000000E+00  0.000000000000000E+00 0
 431    8610.00    8630.00  0.000000000000000E+00  0.000000000000000E+00 0
 432    8630.00    8650.00  0.000000000000000E+00  0.000000000000000E+00 0
 433    8650.00    8670.00  0.000000000000000E+00  0.000000000000000E+00 0
 434    8670.00    8690.00  0.000000000000000E+00  0.000000000000000E+00 0
 435    8690.00    8710.00  0.000000000000000E+00  0.000000000000000E+00 0
 436    8710.00    8730.00  0.000000000000000E+00  0.000000000000000E+00 0
 437    8730.00    8750.00  0.000000000000000E+00  0.000000000000000E+00 0
 438    8750.00    8770.00  0.000000000000000E+00  0.000000000000000E+00 0
 439    8770.00    8790.00  0.000000000000000E+00  0.000000000000000E+00 0
 440    8790.00    8810.00  0.000000000000000E+00  0.000000000000000E+00 0
 441    8810.00    8830.00  0.000000000000000E+00  0.000000000000000E+00 0
 442    8830.00    8850.00  0.000000000000000E+00  0.000000000000000E+00 0
 443    8850.00    8870.00  0.000000000000000E+00  0.000000000000000E+00 0
 444    8870.00    8890.00  0.000000000000000E+00  0.000000000000000E+00 0
 445    8890.00    8910.00  0.000000000000000E+00  0.000000000000000E+00 0
 446    8910.00    8930.00  0.000000000000000E+00  0.000000000000000E+00 0
 447    8930.00    8950.00  0.000000000000000E+00  0.000000000000000E+00 0
 448    8950.00    8970.00  0.000000000000000E+00  0.000000000000000E+00 0
 449    8970.00    8990.00  0.000000000000000E+00  0.000000000000000E+00 0
 450    8990.00    9010.00  0.000000000000000E+00  0.000000000000000E+00 0
 451    9010.00    9030.00  0.000000000000000E+00  0.000000000000000E+00 0
 452    9030.00    9050.00  0.000000000000000E+00  0.000000000000000E+00 0
 453    9050.00    9070.00  0.000000000000000E+00  0.000000000000000E+00 0
 454    9070.00    9090.00  0.000000000000000E+00  0.000000000000000E+00 0
 455    9090.00    9110.00  0.000000000000000E+00  0.000000000000000E+00 0
 456    9110.00    9130.00  0.000000000000000E+00  0.000000000000000E+00 0
 457    9130.00    9150.00  0.000000000000000E+00  0.000000000000000E+00 0
 458    9150.00    9170.00  0.000000000000000E+00  0.000000000000000E+00 0
 459    9170.00    9190.00  0.000000000000000E+00  0.000000000000000E+00 0
 460    9190.00    9210.00  0.000000000000000E+00  0.000000000000000E+00 0
 461    9210.00    9230.00  0.000000000000000E+00  0.000000000000000E+00 0
 462    9230.00    9250.00  0.000000000000000E+00  0.000000000000000E+00 0
 463    9250.00    9270.00  0.000000000000000E+00  0.000000000000000E+00 0
 464    9270.00    9290.00  0.000000000000000E+00  0.000000000000000E+00 0
 465    9290.00    9310.00  0.000000000000000E+00  0.000000000000000E+00 0
 466    9310.00    9330.00  0.000000000000000E+00  0.000000000000000E+00 0
 467    9330.00    9350.00  0.000000000000000E+00  0.000000000000000E+00 0
 468    9350.00    9370.00  0.000000000000000E+00  0.000000000000000E+00 0
 469    9370.00    9390.00  0.000000000000000E+00  0.000000000000000E+00 0
 470    9390.00    9410.00  0.000000000000000E+00  0.000000000000000E+00 0
 471    9410.00    9430.00  0.000000000000000E+00  0.000000000000000E+00 0
 472    9430.00    9450.00  0.000000000000000E+00  0.000000000000000E+00 0
 473    9450.00    9470.00  0.000000000000000E+00  0.000000000000000E+00 0
 474    9470.00    9490.00  0.000000000000000E+00  0.000000000000000E+00 0
 475    9490.00    9510.00  0.000000000000000E+00  0.000000000000000E+00 0
 476    9510.00    9530.00  0.000000000000000E+00  0.000000000000000E+00 0
 477    9530.00    9550.00  0.000000000000000E+00  0.000000000000000E+00 0
 478    9550.00    9570.00  0.000000000000000E+00  0.000000000000000E+00 0
 479    9570.00    9590.00  0.000000000000000E+00  0.000000000000000E+00 0
 480    9590.00    9610.00  0.000000000000000E+00  0.000000000000000E+00 0
 481    9610.00    9630.00  0.000000000000000E+00  0.000000000000000E+00 0
 482    9630.00    9650.00  0.000000000000000E+00  0.000000000000000E+00 0
 483    9650.00    9670.00  0.000000000000000E+00  0.000000000000000E+00 0
 484    9670.00    9690.00  0.000000000000000E+00  0.000000000000000E+00 0
 485    9690.00    9710.00  0.000000000000000E+00  0.000000000000000E+00 0
 486    9710.00    9730.00  0.000000000000000E+00  0.000000000000000E+00 0
 487    9730.00    9750.00  0.000000000000000E+00  0.000000000000000E+00 0
 488    9750.00    9770.00  0.000000000000000E+00  0.000000000000000E+00 0
 489    9770.00    9790.00  0.000000000000000E+00  0.000000000000000E+00 0
 490    9790.00    9810.00  0.000000000000000E+00  0.000000000000000E+00 0
 491    9810.00    9830.00  0.000000000000000E+00  0.000000000000000E+00 0
 492    9830.00    9850.00  0.000000000000000E+00  0.000000000000000E+00 0
 493    9850.00    9870.00  0.000000000000000E+00  0.000000000000000E+00 0
 494    9870.00    9890.00  0.000000000000000E+00  0.000000000000000E+00 0
 495    9890.00    9910.00  0.000000000000000E+00  0.000000000000000E+00 0
 496    9910.00    9930.00  0.000000000000000E+00  0.000000000000000E+00 0
 497    9930.00    9950.00  0.000000000000000E+00  0.000000000000000E+00 0
 498    9950.00    9970.00  0.000000000000000E+00  0.000000000000000E+00 0
 499    9970.00    9990.00  0.000000000000000E+00  0.000000000000000E+00 0
 500    9990.00   10010.00  0.000000000000000E+00  0.000000000000000E+00 0
 501   10010.00   10030.00  0.000000000000000E+00  0.000000000000000E+00 0
 502   10030.00   10050.00  0.000000000000000E+00  0.000000000000000E+00 0
 503   10050.00   10070.00  0.000000000000000E+00  0.000000000000000E+00 0
 504   10070.00   10090.00  0.000000000000000E+00  0.000000000000000E+00 0
 505   10090.00   10110.00  0.000000000000000E+00  0.000000000000000E+00 0
 506   10110.00   10130.00  0.000000000000000E+00  0.000000000000000E+00 0
 507   10130.00   10150.00  0.000000000000000E+00  0.000000000000000E+00 0
 508   10150.00   10170.00  0.000000000000000E+00  0.000000000000000E+00 0
 509   10170.00   10190.00  0.000000000000000E+00  0.000000000000000E+00 0
 510   10190.00   10210.00  0.000000000000000E+00  0.000000000000000E+00 0
 511   10210.00   10230.00  0.000000000000000E+00  0.000000000000000E+00 0
 512   10230.00   10250.00  0.000000000000000E+00  0.000000000000000E+00 0
 513   10250.00   10270.00  0.000000000000000E+00  0.000000000000000E+00 0
 514   10270.00   10290.00  0.000000000000000E+00  0.000000000000000E+00 0
 515   10290.00   10310.00  0.000000000000000E+00  0.000000000000000E+00 0
 516   10310.00   10330.00  0.000000000000000E+00  0.000000000000000E+00 0
 517   10330.00   10350.00  0.000000000000000E+00  0.000000000000000E+00 0
 518   10350.00   10370.00  0.000000000000000E+00  0.000000000000000E+00 0
 519   10370.00   10390.00  0.000000000000000E+00  0.000000000000000E+00 0
 520   10390.00   10410.00  0.000000000000000E+00  0.000000000000000E+00 0
 521   10410.00   10430.00  0.000000000000000E+00  0.000000000000000E+00 0
 522   10430.00   10450.00  0.000000000000000E+00  0.000000000000000E+00 0
 523   10450.00   10470.00  0.000000000000000E+00  0.000000000000000E+00 0
 524   10470.00   10490.00  0.000000000000000E+00  0.000000000000000E+00 0
 525   10490.00   10510.00  0.000000000000000E+00  0.000000000000000E+00 0
 526   10510.00   10530.00  0.000000000000000E+00  0.000000000000000E+00 0
 527   10530.00   10550.00  0.000000000000000E+00  0.000000000000000E+00 0
 528   10550.00   10570.00  0.000000000000000E+00  0.000000000000000E+00 0
 529   10570.00   10590.00  0.000000000000000E+00  0.000000000000000E+00 0
 530   10590.00   10610.00  0.000000000000000E+00  0.000000000000000E+00 0
 531   10610.00   10630.00  0.000000000000000E+00  0.000000000000000E+00 0
 532   10630.00   10650.00  0.000000000000000E+00  0.000000000000000E+00 0
 533   10650.00   10670.00  0.000000000000000E+00  0.000000000000000E+00 0
 534   10670.00   10690.00  0.000000000000000E+00  0.000000000000000E+00 0
 535   10690.00   10710.00  0.000000000000000E+00  0.000000000000000E+00 0
 536   10710.00   10730.00  0.000000000000000E+00  0.000000000000000E+00 0
 537   10730.00   10750.00  0.000000000000000E+00  0.000000000000000E+00 0
 538   10750.00   10770.00  0.000000000000000E+00  0.000000000000000E+00 0
 539   10770.00   10790.00  0.000000000000000E+00  0.000000000000000E+00 0
 540   10790.00   10810.00  0.000000000000000E+00  0.000000000000000E+00 0
 541   10810.00   10830.00  0.000000000000000E+00  0.000000000000000E+00 0
 542   10830.00   10850.00  0.000000000000000E+00  0.000000000000000E+00 0
 543   10850.00   10870.00  0.000000000000000E+00  0.000000000000000E+00 0
 544   10870.00   10890.00  0.000000000000000E+00  0.000000000000000E+00 0
 545   10890.00   10910.00  0.000000000000000E+00  0.000000000000000E+00 0
 546   10910.00   10930.00  0.000000000000000E+00  0.000000000000000E+00 0
 547   10930.00   10950.00  0.000000000000000E+00  0.000000000000000E+00 0
 548   10950.00   10970.00  0.000000000000000E+00  0.000000000000000E+00 0
 549   10970.00   10990.00  0.000000000000000E+00  0.000000000000000E+00 0
 550   10990.00   11010.00  0.000000000000000E+00  0.000000000000000E+00 0
 551   11010.00   11030.00  0.000000000000000E+00  0.000000000000000E+00 0
 552   11030.00   11050.00  0.000000000000000E+00  0.000000000000000E+00 0
 553   11050.00   11070.00  0.000000000000000E+00  0.000000000000000E+00 0
 554   11070.00   11090.00  0.000000000000000E+00  0.000000000000000E+00 0
 555   11090.00   11110.00  0.000000000000000E+00  0.000000000000000E+00 0
 556   11110.00   11130.00  0.000000000000000E+00  0.000000000000000E+00 0
 557   11130.00   11150.00  0.000000000000000E+00  0.000000000000000E+00 0
 558   11150.00   11170.00  0.000000000000000E+00  0.000000000000000E+00 0
 559   11170.00   11190.00  0.000000000000000E+00  0.000000000000000E+00 0
 560   11190.00   11210.00  0.000000000000000E+00  0.000000000000000E+00 0
 561   11210.00   11230.00  0.000000000000000E+00  0.000000000000000E+00 0
 562   11230.00   11250.00  0.000000000000000E+00  0.000000000000000E+00 0
 563   11250.00   11270.00  0.000000000000000E+00  0.000000000000000E+00 0
 564   11270.00   11290.00  0.000000000000000E+00  0.000000000000000E+00 0
 565   11290.00   11310.00  0.000000000000000E+00  0.000000000000000E+00 0
 566   11310.00   11330.00  0.000000000000000E+00  0.000000000000000E+00 0
 567   11330.00   11350.00  0.000000000000000E+00  0.000000000000000E+00 0
 568   11350.00   11370.00  0.000000000000000E+00  0.000000000000000E+00 0
 569   11370.00   11390.00  0.000000000000000E+00  0.000000000000000E+00 0
 570   11390.00   11410.00  0.000000000000000E+00  0.000000000000000E+00 0
 571   11410.00   11430.00  0.000000000000000E+00  0.000000000000000E+00 0
 572   11430.00   11450.00  0.000000000000000E+00  0.000000000000000E+00 0
 573   11450.00   11470.00  0.000000000000000E+00  0.000000000000000E+00 0
 574   11470.00   11490.00  0.000000000000000E+00  0.000000000000000E+00 0
 575   11490.00   11510.00  0.000000000000000E+00  0.000000000000000E+00 0
 576   11510.00   11530.00  0.000000000000000E+00  0.000000000000000E+00 0
 577   11530.00   11550.00  0.000000000000000E+00  0.000000000000000E+00 0
 578   11550.00   11570.00  0.000000000000000E+00  0.000000000000000E+00 0
 579   11570.00   11590.00  0.000000000000000E+00  0.000000000000000E+00 0
 580   11590.00   11610.00  0.000000000000000E+00  0.000000000000000E+00 0
 581   11610.00   11630.00  0.000000000000000E+00  0.000000000000000E+00 0
 582   11630.00   11650.00  0.000000000000000E+00  0.000000000000000E+00 0
 583   11650.00   11670.00  0.000000000000000E+00  0.000000000000000E+00 0
 584   11670.00   11690.00  0.000000000000000E+00  0.000000000000000E+00 0
 585   11690.00   11710.00  0.000000000000000E+00  0.000000000000000E+00 0
 586   11710.00   11730.00  0.000000000000000E+00  0.000000000000000E+00 0
 587   11730.00   11750.00  0.000000000000000E+00  0.000000000000000E+00 0
 588   11750.00   11770.00  0.000000000000000E+00  0.000000000000000E+00 0
 589   11770.00   11790.00  0.000000000000000E+00  0.000000000000000E+00 0
 590   11790.00   11810.00  0.000000000000000E+00  0.000000000000000E+00 0
 591   11810.00   11830.00  0.000000000000000E+00  0.000000000000000E+00 0
 592   11830.00   11850.00  0.000000000000000E+00  0.000000000000000E+00 0
 593   11850.00   11870.00  0.000000000000000E+00  0.000000000000000E+00 0
 594   11870.00   11890.00  0.000000000000000E+00  0.000000000000000E+00 0
 595   11890.00   11910.00  0.000000000000000E+00  0.000000000000000E+00 0
 596   11910.00   11930.00  0.000000000000000E+00  0.000000000000000E+00 0
 597   11930.00   11950.00  0.000000000000000E+00  0.000000000000000E+00 0
 598   11950.00   11970.00  0.000000000000000E+00  0.000000000000000E+00 0
 599   11970.00   11990.00  0.000000000000000E+00  0.000000000000000E+00 0
 600   11990.00   12010.00  0.000000000000000E+00  0.000000000000000E+00 0
 601   12010.00   12030.00  0.000000000000000E+00  0.000000000000000E+00 0
 602   12030.00   12050.00  0.000000000000000E+00  0.000000000000000E+00 0
 603   12050.00   12070.00  0.000000000000000E+00  0.000000000000000E+00 0
 604   12070.00   12090.00  0.000000000000000E+00  0.000000000000000E+00 0
 605   12090.00   12110.00  0.000000000000000E+00  0.000000000000000E+00 0
 606   12110.00   12130.00  0.000000000000000E+00  0.000000000000000E+00 0
 607   12130.00   12150.00  0.000000000000000E+00  0.000000000000000E+00 0
 608   12150.00   12170.00  0.000000000000000E+00  0.000000000000000E+00 0
 609   12170.00   12190.00  0.000000000000000E+00  0.000000000000000E+00 0
 610   12190.00   12210.00  0.000000000000000E+00  0.000000000000000E+00 0
 611   12210.00   12230.00  0.000000000000000E+00  0.000000000000000E+00 0
 612   12230.00   12250.00  0.000000000000000E+00  0.000000000000000E+00 0
 613   12250.00   12270.00  0.000000000000000E+00  0.000000000000000E+00 0
 614   12270.00   12290.00  0.000000000000000E+00  0.000000000000000E+00 0
 615   12290.00   12310.00  0.000000000000000E+00  0.000000000000000E+00 0
 616   12310.00   12330.00  0.000000000000000E+00  0.000000000000000E+00 0
 617   12330.00   12350.00  0.000000000000000E+00  0.000000000000000E+00 0
 618   12350.00   12370.00  0.000000000000000E+00  0.000000000000000E+00 0
 619   12370.00   12390.00  0.000000000000000E+00  0.000000000000000E+00 0
 620   12390.00   12410.00  0.000000000000000E+00  0.000000000000000E+00 0
 621   12410.00   12430.00  0.000000000000000E+00  0.000000000000000E+00 0
 622   12430.00   12450.00  0.000000000000000E+00  0.000000000000000E+00 0
 623   12450.00   12470.00  0.000000000000000E+00  0.000000000000000E+00 0
 624   12470.00   12490.00  0.000000000000000E+00  0.000000000000000E+00 0
 625   12490.00   12510.00  0.000000000000000E+00  0.000000000000000E+00 0
 626   12510.00   12530.00  0.000000000000000E+00  0.000000000000000E+00 0
 627   12530.00   12550.00  0.000000000000000E+00  0.000000000000000E+00 0
 628   12550.00   12570.00  0.000000000000000E+00  0.000000000000000E+00 0
 629   12570.00   12590.00  0.000000000000000E+00  0.000000000000000E+00 0
 630   12590.00   12610.00  0.000000000000000E+00  0.000000000000000E+00 0
 631   12610.00   12630.00  0.000000000000000E+00  0.000000000000000E+00 0
 632   12630.00   12650.00  0.000000000000000E+00  0.000000000000000E+00 0
 633   12650.00   12670.00  0.000000000000000E+00  0.000000000000000E+00 0
 634   12670.00   12690.00  0.000000000000000E+00  0.000000000000000E+00 0
 635   12690.00   12710.00  0.000000000000000E+00  0.000000000000000E+00 0
 636   12710.00   12730.00  0.000000000000000E+00  0.000000000000000E+00 0
 637   12730.00   12750.00  0.000000000000000E+00  0.000000000000000E+00 0
 638   12750.00   12770.00  0.000000000000000E+00  0.000000000000000E+00 0
 639   12770.00   12790.00  0.000000000000000E+00  0.000000000000000E+00 0
 640   12790.00   12810.00  0.000000000000000E+00  0.000000000000000E+00 0
 641   12810.00   12830.00  0.000000000000000E+00  0.000000000000000E+00 0
 642   12830.00   12850.00  0.000000000000000E+00  0.000000000000000E+00 0
 643   12850.00   12870.00  0.000000000000000E+00  0.000000000000000E+00 0
 644   12870.00   12890.00  0.000000000000000E+00  0.000000000000000E+00 0
 645   12890.00   12910.00  0.000000000000000E+00  0.000000000000000E+00 0
 646   12910.00   12930.00  0.000000000000000E+00  0.000000000000000E+00 0
 647   12930.00   12950.00  0.000000000000000E+00  0.000000000000000E+00 0
 648   12950.00   12970.00  0.000000000000000E+00  0.000000000000000E+00 0
 649   12970.00   12990.00  0.000000000000000E+00  0.000000000000000E+00 0
 650   12990.00   13010.00  0.000000000000000E+00  0.000000000000000E+00 0
# Underflow:                 0.0000000000000000E+00  0.0000000000000000E+00 0
# Overflow:                  0.0000000000000000E+00  0.0000000000000000E+00 0
#-------------------------------------------------------------------------------------
# Sum:                      -5.1493147386101629E-03  4.8405885874096106E-05 206000
#=====================================================================================
