# title = Transverse Momentum Jet Pair
# xlabel = $p_{\text{T},\text{j}_1\text{j}_2}\,$[GeV]
# ylabel = $\frac{\text{d}\sigma}{\text{d}p_{\text{T},\text{j}_1\text{j}_2}}\,\left[\frac{\text{fb}}{\text{GeV}}\right]$
# xmin=  0.000E+00
# xmax=  8.000E+02
# ymin=  1.000E-06
# ymax=  1.000E-02
# kmin= -5.000E+01
# kmax=  1.000E+01
# logscale = true
# Renormalization and factorization scale scaled by: 1.0000000000
# Renormalization scaled by: .0000000000
# Number of generated events: 5909354
#
#=====================================================================================
# No.       Left      Right                   Value                   Error Hits
#-------------------------------------------------------------------------------------
   1       0.00      20.00  1.164713004151746E-03  9.445618721794390E-06 188836718
   2      20.00      40.00  3.211498255166723E-03  1.760665179613589E-05 363517899
   3      40.00      60.00  4.720681552390798E-03  2.254596488023400E-05 441010599
   4      60.00      80.00  5.625577110268504E-03  2.448615285314398E-05 484296423
   5      80.00     100.00  5.988525954465254E-03  2.629596844446663E-05 507630523
   6     100.00     120.00  5.861330737123439E-03  2.672141818142682E-05 515151747
   7     120.00     140.00  5.463307850122222E-03  2.460193487184703E-05 510058545
   8     140.00     160.00  4.942910894006064E-03  2.239814121403454E-05 495387258
   9     160.00     180.00  4.302482710569505E-03  2.307586615789390E-05 474309357
  10     180.00     200.00  3.718541239275679E-03  2.060807962169303E-05 449223358
  11     200.00     220.00  3.126874430940460E-03  2.814535237615149E-05 422188698
  12     220.00     240.00  2.659353792321477E-03  2.104457102614986E-05 394745745
  13     240.00     260.00  2.242732217474171E-03  2.297319059316354E-05 367687866
  14     260.00     280.00  1.910682102061791E-03  1.341039862021090E-05 341608603
  15     280.00     300.00  1.557189665581940E-03  1.973541443131124E-05 316841742
  16     300.00     320.00  1.321265128360367E-03  1.305714476906049E-05 293490362
  17     320.00     340.00  1.053235108868627E-03  1.654313294978010E-05 271393638
  18     340.00     360.00  9.016519755262035E-04  1.130203611252616E-05 250972946
  19     360.00     380.00  7.463863809387160E-04  1.107224488908693E-05 232182666
  20     380.00     400.00  6.349012925734807E-04  9.853279687681918E-06 215020659
  21     400.00     420.00  5.223993081995586E-04  1.246030990802654E-05 199367201
  22     420.00     440.00  4.596031733549076E-04  7.888472345879007E-06 185091641
  23     440.00     460.00  3.564426225890972E-04  1.171320200721522E-05 172031565
  24     460.00     480.00  3.142348723438171E-04  7.990443337324413E-06 160115515
  25     480.00     500.00  2.576635794637152E-04  8.386099703932585E-06 149205627
  26     500.00     520.00  2.180456017005456E-04  7.193092698637804E-06 139219149
  27     520.00     540.00  1.829053178802861E-04  5.806975283268488E-06 130079385
  28     540.00     560.00  1.657060483138818E-04  4.444009737931648E-06 121666653
  29     560.00     580.00  1.439862128545089E-04  4.242873397294487E-06 113938146
  30     580.00     600.00  1.118564814152742E-04  4.377375782279940E-06 106788187
  31     600.00     620.00  1.019753463129902E-04  3.373506066331249E-06 100212428
  32     620.00     640.00  8.573201308968375E-05  2.900966910000524E-06 94131917
  33     640.00     660.00  6.388162678101481E-05  4.178777426930482E-06 88507106
  34     660.00     680.00  6.390886081296249E-05  3.024590320570461E-06 83302005
  35     680.00     700.00  5.438011778275157E-05  2.523117244527957E-06 78465925
  36     700.00     720.00  5.185701246252509E-05  2.024191189471471E-06 73970640
  37     720.00     740.00  3.608523482363858E-05  3.741735843646295E-06 69791475
  38     740.00     760.00  3.661759411318122E-05  2.295797048960590E-06 65887649
  39     760.00     780.00  2.937995480960508E-05  1.885721705412255E-06 62258566
  40     780.00     800.00  2.964374645584078E-05  1.385827047927472E-06 58891413
  41     800.00     820.00  2.439651809447346E-05  1.554166569029210E-06 55726343
  42     820.00     840.00  1.548100828378422E-05  2.283768646761385E-06 52755198
  43     840.00     860.00  1.615057563609774E-05  1.959525546605925E-06 50011126
  44     860.00     880.00  1.760540069988960E-05  8.840136904468559E-07 47412898
  45     880.00     900.00  9.179359191905579E-06  1.806321097359850E-06 44986904
  46     900.00     920.00  1.208223339009819E-05  9.978964878168956E-07 42695871
  47     920.00     940.00  9.753852534628718E-06  1.184970346745334E-06 40543146
  48     940.00     960.00  7.407963833587205E-06  1.051611673835918E-06 38535753
  49     960.00     980.00  7.206766979099046E-06  1.234892375664496E-06 36643662
  50     980.00    1000.00  8.809030413727956E-06  5.436885594274212E-07 34841346
  51    1000.00    1020.00  6.123298871139322E-06  7.268617339646336E-07 33173692
  52    1020.00    1040.00  6.481392998332886E-06  4.024591918282705E-07 31576911
  53    1040.00    1060.00  4.593819280723354E-06  5.638375156936272E-07 30086938
  54    1060.00    1080.00  4.118959212314424E-06  8.768007282362543E-07 28673147
  55    1080.00    1100.00  4.057116654781120E-06  4.446195679815825E-07 27340633
  56    1100.00    1120.00  3.438011757190669E-06  6.092880387440236E-07 26089403
  57    1120.00    1140.00  2.435202164969940E-06  6.493584750053382E-07 24885235
  58    1140.00    1160.00  2.023322695781601E-06  6.138909223624935E-07 23752842
  59    1160.00    1180.00  2.518228096725111E-06  3.050703005354370E-07 22685788
  60    1180.00    1200.00  2.036707885213338E-06  3.768654272237175E-07 21667187
  61    1200.00    1220.00  9.717187004660854E-07  6.449338608662636E-07 20711348
  62    1220.00    1240.00  1.603219729059425E-06  2.903581157033774E-07 19803002
  63    1240.00    1260.00  1.436862371041621E-06  3.040732622750672E-07 18932389
  64    1260.00    1280.00  8.189017284983790E-07  4.022176668375090E-07 18106725
  65    1280.00    1300.00  1.140248571748402E-06  2.353050541856775E-07 17330162
  66    1300.00    1320.00  1.332629932082308E-06  1.892161102754386E-07 16595243
  67    1320.00    1340.00  8.609730039438407E-07  3.202007933928484E-07 15884503
  68    1340.00    1360.00  6.495036863121334E-07  3.078607285741891E-07 15212514
  69    1360.00    1380.00  7.230289562593149E-07  1.795812503871908E-07 14583532
  70    1380.00    1400.00  6.531638618344237E-07  2.320672380220997E-07 13963880
  71    1400.00    1420.00  3.459840505954325E-07  2.396054033984360E-07 13387112
  72    1420.00    1440.00  4.585036466444133E-07  1.930661023743298E-07 12829333
  73    1440.00    1460.00  5.166467955794917E-07  1.526500103214695E-07 12297548
  74    1460.00    1480.00  3.161022452093001E-07  1.525518520328320E-07 11804987
  75    1480.00    1500.00  4.520482121904991E-07  7.629156652458871E-08 11327504
  76    1500.00    1520.00  4.191172014888642E-07  6.741532923504398E-08 10870027
  77    1520.00    1540.00 -1.374438735008251E-07  2.561248465767115E-07 10431999
  78    1540.00    1560.00  1.336255821476621E-07  1.312043410898121E-07 10011305
  79    1560.00    1580.00 -1.929239305213339E-09  1.668106011817582E-07 9616960
  80    1580.00    1600.00  1.929411853692822E-07  9.151995655960038E-08 9238573
  81    1600.00    1620.00  1.728305854109009E-07  8.170353844410820E-08 8876226
  82    1620.00    1640.00  1.029862504807503E-07  8.968305528095067E-08 8525357
  83    1640.00    1660.00 -5.407347998244247E-08  1.286019674274473E-07 8188461
  84    1660.00    1680.00  1.213951621669819E-07  5.850296940235317E-08 7871333
  85    1680.00    1700.00  1.202594610107740E-07  5.482558221410369E-08 7565507
  86    1700.00    1720.00  4.442030330474698E-08  7.192009940246568E-08 7273920
  87    1720.00    1740.00  1.471500110799806E-07  3.040388651516756E-08 6993762
  88    1740.00    1760.00  1.201908638032871E-07  4.307039124487956E-08 6720482
  89    1760.00    1780.00  2.590866045653782E-08  5.558631623692263E-08 6475455
  90    1780.00    1800.00  5.285740316635862E-08  4.886389372839979E-08 6225125
  91    1800.00    1820.00  1.070141201878662E-07  1.788316200687618E-08 5984298
  92    1820.00    1840.00 -4.255513882700682E-09  6.926492516143159E-08 5760691
  93    1840.00    1860.00  2.835149910127736E-08  3.643047791838399E-08 5545169
  94    1860.00    1880.00  6.048445860977954E-08  2.865208734876331E-08 5334413
  95    1880.00    1900.00 -3.094089156621574E-09  4.386866172105727E-08 5134281
  96    1900.00    1920.00  4.371952081569499E-08  2.517685972754163E-08 4943754
  97    1920.00    1940.00  4.637666894117080E-08  2.686357351733256E-08 4761384
  98    1940.00    1960.00  4.627028830873063E-08  1.487314407514245E-08 4584900
  99    1960.00    1980.00  5.254340265263723E-08  9.121572474728853E-09 4415633
 100    1980.00    2000.00  4.172061310230924E-08  1.104206579627926E-08 4249032
 101    2000.00    2020.00  1.904853984503124E-08  1.962695030111524E-08 4092426
 102    2020.00    2040.00  1.970528814673322E-08  1.122828603817831E-08 3942472
 103    2040.00    2060.00  2.282694356159095E-08  1.031176023828644E-08 3800929
 104    2060.00    2080.00  1.090726561682532E-08  1.298494479669466E-08 3659156
 105    2080.00    2100.00  1.152129103651766E-08  1.183231344023623E-08 3525598
 106    2100.00    2120.00  2.656328277465960E-08  6.086422353847236E-09 3396262
 107    2120.00    2140.00  1.745842728796586E-09  1.588342913424170E-08 3273439
 108    2140.00    2160.00  1.650186326936585E-08  5.649254936360064E-09 3159034
 109    2160.00    2180.00  1.292073342161991E-08  6.046121555865052E-09 3042296
 110    2180.00    2200.00  4.337034168011332E-09  1.089232006581514E-08 2932770
 111    2200.00    2220.00  1.276857190034808E-08  5.537860775715410E-09 2823685
 112    2220.00    2240.00  5.969156270191508E-09  9.045022507063624E-09 2720525
 113    2240.00    2260.00 -3.400924793974288E-09  1.001373848351942E-08 2627799
 114    2260.00    2280.00  8.590406142695978E-09  2.879224963370926E-09 2530813
 115    2280.00    2300.00 -1.100011546444590E-08  1.391841852210398E-08 2438736
 116    2300.00    2320.00  4.996049277168860E-09  4.959116203771619E-09 2350565
 117    2320.00    2340.00  9.591159296946201E-09  1.709360525869898E-09 2267784
 118    2340.00    2360.00  7.008484401696228E-09  3.101910954695741E-09 2188942
 119    2360.00    2380.00  7.711028917048665E-09  1.709327407085062E-09 2108168
 120    2380.00    2400.00 -4.544186387543409E-09  1.051780732229628E-08 2033244
 121    2400.00    2420.00  3.473253525922469E-09  3.038104726957853E-09 1961864
 122    2420.00    2440.00 -2.594812056658814E-09  6.438651777467426E-09 1893217
 123    2440.00    2460.00  1.956727465398998E-09  5.017239304495462E-09 1826174
 124    2460.00    2480.00 -3.960327533120663E-09  6.421579130745572E-09 1761626
 125    2480.00    2500.00 -5.426630663011209E-09  5.691347618026238E-09 1697609
 126    2500.00    2520.00  3.280572445603755E-09  1.838320454947599E-09 1638515
 127    2520.00    2540.00  2.562497004640702E-09  1.510841321422309E-09 1578697
 128    2540.00    2560.00 -5.866218008497262E-10  1.921737363960372E-09 1525117
 129    2560.00    2580.00 -1.438981561890622E-09  3.027867969056495E-09 1469848
 130    2580.00    2600.00 -1.302162750995160E-09  3.958182424118996E-09 1415985
 131    2600.00    2620.00  2.038780141567997E-09  1.056050495500725E-09 1366251
 132    2620.00    2640.00  1.549663096928674E-09  9.210840237897370E-10 1317142
 133    2640.00    2660.00  1.704527850842736E-09  1.072236627206470E-09 1271787
 134    2660.00    2680.00 -4.321161132921866E-10  2.017138946139712E-09 1227423
 135    2680.00    2700.00  8.640483017317291E-10  9.469711487916403E-10 1182213
 136    2700.00    2720.00  1.572293054606219E-09  4.186367358060432E-10 1141239
 137    2720.00    2740.00  1.796639426791379E-09  2.199560566211219E-10 1099769
 138    2740.00    2760.00  1.175711575617843E-09  4.980742304017724E-10 1061760
 139    2760.00    2780.00  1.403597187392755E-09  3.990875623105095E-10 1024746
 140    2780.00    2800.00  1.672567018593284E-09  1.099776787047613E-10 989680
 141    2800.00    2820.00  6.708853239237412E-10  4.421798792032585E-10 952351
 142    2820.00    2840.00  8.854621710867072E-10  2.540262652963302E-10 920253
 143    2840.00    2860.00 -1.595796449789026E-10  1.369536727521552E-09 886704
 144    2860.00    2880.00  1.092534452737939E-09  1.239923361437673E-10 855938
 145    2880.00    2900.00  2.891707690600594E-10  4.571603846266389E-10 824955
 146    2900.00    2920.00  7.361264339811539E-10  2.045017689429644E-10 797655
 147    2920.00    2940.00  4.542205046702649E-10  3.166619280304980E-10 770137
 148    2940.00    2960.00  1.333213935942154E-10  2.979047080571921E-10 741538
 149    2960.00    2980.00  6.562434212947207E-10  9.213677202305071E-11 714132
 150    2980.00    3000.00  2.170418872487870E-10  3.374228086959475E-10 690283
 151    3000.00    3020.00  4.177713112311217E-10  7.766814814432780E-11 666174
 152    3020.00    3040.00  2.943228891064288E-10  1.694141853336890E-10 642092
 153    3040.00    3060.00  4.442329320023111E-10  7.948819328178728E-11 619706
 154    3060.00    3080.00  8.675757121140140E-11  2.323953594438132E-10 597156
 155    3080.00    3100.00  3.274697116483314E-10  5.606229038541861E-11 574888
 156    3100.00    3120.00  2.998620966042755E-10  5.149327653394145E-11 555636
 157    3120.00    3140.00  3.033429649671897E-10  5.780124867423895E-11 534933
 158    3140.00    3160.00  1.530973795945124E-10  7.548336106933499E-11 515047
 159    3160.00    3180.00  1.224836066918684E-10  1.119013547631964E-10 497001
 160    3180.00    3200.00  1.396495540398007E-10  5.795497771953848E-11 478904
 161    3200.00    3220.00  1.439746033402420E-10  6.332113289678782E-11 462576
 162    3220.00    3240.00 -2.147550206016550E-10  3.647865383539303E-10 444373
 163    3240.00    3260.00  1.278775778260212E-10  4.290910805850824E-11 430094
 164    3260.00    3280.00  1.031596735126084E-10  3.238224990761315E-11 413947
 165    3280.00    3300.00  1.075388629150165E-10  3.464307343556041E-11 398946
 166    3300.00    3320.00  8.852378257806240E-11  3.176750268188848E-11 385136
 167    3320.00    3340.00  5.899694983982877E-11  3.090745314799005E-11 371257
 168    3340.00    3360.00 -8.338209345718770E-11  1.509316540630618E-10 357292
 169    3360.00    3380.00  9.836618500361669E-11  6.883854374978507E-12 344572
 170    3380.00    3400.00  3.968602879059411E-12  6.779970806959597E-11 332863
 171    3400.00    3420.00  4.931667373988221E-11  3.845959861563813E-11 320455
 172    3420.00    3440.00  2.483494472673799E-11  3.197910138971074E-11 308541
 173    3440.00    3460.00 -1.568867829920979E-11  4.542411501561469E-11 296441
 174    3460.00    3480.00  5.277755479749586E-11  3.929831379254842E-12 286455
 175    3480.00    3500.00  3.951838760969950E-11  6.079152839732233E-12 275704
 176    3500.00    3520.00  3.825490282663941E-11  1.215969372720659E-11 265039
 177    3520.00    3540.00 -7.071795609125119E-11  6.686697680456704E-11 255894
 178    3540.00    3560.00  2.467335396233804E-11  5.677330140540366E-12 246388
 179    3560.00    3580.00  2.582083576338778E-11  4.578968593034488E-12 237463
 180    3580.00    3600.00  2.074996828074830E-11  6.187867146468179E-12 228956
 181    3600.00    3620.00  1.977861620181004E-11  3.714649642463778E-12 220364
 182    3620.00    3640.00  3.200446327194945E-12  2.470539501566321E-11 212818
 183    3640.00    3660.00  2.320125515257169E-11  2.152521541893913E-12 204476
 184    3660.00    3680.00  2.238707950476020E-11  4.748274061659976E-12 196460
 185    3680.00    3700.00  1.184049481674499E-11  2.841411221139233E-12 188612
 186    3700.00    3720.00 -2.503930533693682E-12  1.488620119681904E-11 182437
 187    3720.00    3740.00  1.035864241863980E-11  3.477183040924575E-12 175549
 188    3740.00    3760.00  7.838131303707059E-12  3.382443027818155E-12 169326
 189    3760.00    3780.00 -1.410553351183031E-12  5.355362275104583E-12 162986
 190    3780.00    3800.00 -6.792660506220163E-11  7.781062007141793E-11 156251
 191    3800.00    3820.00 -6.100901139992252E-12  1.116474927386140E-11 150377
 192    3820.00    3840.00  7.853947972695531E-12  1.187340323338362E-12 144988
 193    3840.00    3860.00  5.113540339705656E-12  3.267350425674813E-12 139669
 194    3860.00    3880.00 -1.702504119431488E-11  1.617244233358395E-11 133761
 195    3880.00    3900.00  5.104230080820140E-12  1.125884871951681E-12 129718
 196    3900.00    3920.00  5.138572442460310E-12  5.322177970444620E-13 123458
 197    3920.00    3940.00  3.744767107236049E-12  5.266886643250652E-13 118859
 198    3940.00    3960.00 -6.798686771458624E-12  1.095648956907881E-11 114215
 199    3960.00    3980.00  2.398778533466305E-12  6.847984344372879E-13 109931
 200    3980.00    4000.00 -2.488526428383933E-12  4.111786200784655E-12 105371
 201    4000.00    4020.00  2.162633507329307E-12  3.151659985084693E-13 102024
 202    4020.00    4040.00  2.066237015562074E-12  4.160119993727493E-13 97754
 203    4040.00    4060.00  8.905635557145636E-13  6.115936465509121E-13 93753
 204    4060.00    4080.00  1.995335500625489E-12  1.854212631248602E-13 89721
 205    4080.00    4100.00  1.282217044785185E-12  4.612650942393599E-13 86238
 206    4100.00    4120.00  7.294703150924890E-13  4.283888138632455E-13 83054
 207    4120.00    4140.00  9.469035696159185E-13  1.469957240303460E-13 79392
 208    4140.00    4160.00 -2.243072477047292E-12  3.176107266461592E-12 76714
 209    4160.00    4180.00  9.066850660789754E-13  1.353026994514833E-13 73552
 210    4180.00    4200.00  7.273886422953702E-13  9.919587560813983E-14 69987
 211    4200.00    4220.00 -7.797627793491985E-13  1.700192010844380E-12 67549
 212    4220.00    4240.00  5.283613664002820E-13  2.516011230519352E-13 64853
 213    4240.00    4260.00 -2.625259580619682E-12  2.936983981711639E-12 62195
 214    4260.00    4280.00  4.402619694526027E-13  4.964361523599279E-14 59779
 215    4280.00    4300.00 -1.094425383097641E-12  1.354809855168246E-12 57276
 216    4300.00    4320.00  3.208410662132624E-13  1.576381162437115E-13 54828
 217    4320.00    4340.00  1.533136140187658E-13  1.582858399280416E-13 52591
 218    4340.00    4360.00 -2.856259642505333E-12  3.093796764933186E-12 50214
 219    4360.00    4380.00  2.064868330282368E-13  1.140678347047111E-13 47922
 220    4380.00    4400.00  2.176033801108549E-13  3.015213322145574E-14 45884
 221    4400.00    4420.00  1.802806798788810E-14  9.908354943960326E-14 44024
 222    4420.00    4440.00  1.093785295079722E-13  5.184373414800962E-14 41903
 223    4440.00    4460.00  1.510800268947291E-13  2.076457981716246E-14 40347
 224    4460.00    4480.00  6.173905817288326E-14  7.123580776780414E-14 38226
 225    4480.00    4500.00  8.715106348190246E-14  1.235264522108024E-14 36811
 226    4500.00    4520.00  5.189423492044590E-14  3.261388839254873E-14 35149
 227    4520.00    4540.00  6.798903809766799E-14  1.104808792927734E-14 33367
 228    4540.00    4560.00  7.685502868712425E-14  1.215091567066351E-14 32167
 229    4560.00    4580.00  5.840705953540412E-14  9.692565717202768E-15 30555
 230    4580.00    4600.00  5.957139888746561E-14  2.177299568239834E-14 29255
 231    4600.00    4620.00  2.491970867140147E-14  1.457983788482456E-14 27733
 232    4620.00    4640.00  4.101917254664281E-14  6.120544438730618E-15 26267
 233    4640.00    4660.00 -1.581451132086722E-13  1.995415184736949E-13 25201
 234    4660.00    4680.00  1.695799964678671E-14  9.066276187350384E-15 24431
 235    4680.00    4700.00  3.022733360786573E-14  1.219824262438901E-14 22866
 236    4700.00    4720.00  1.525495040988362E-14  2.962536152304343E-15 22056
 237    4720.00    4740.00 -3.511135186013756E-13  3.630067557411352E-13 20538
 238    4740.00    4760.00  1.278747533969891E-14  3.070290918127480E-15 19735
 239    4760.00    4780.00  7.843883899343754E-15  2.067642036831496E-15 18777
 240    4780.00    4800.00  4.636969377278315E-15  3.437052758394283E-15 18193
 241    4800.00    4820.00 -2.665658271141171E-15  6.674840675662828E-15 16948
 242    4820.00    4840.00  4.957014632150008E-15  1.714252537466978E-15 16305
 243    4840.00    4860.00  3.466344443388818E-15  1.723025953427467E-15 15472
 244    4860.00    4880.00  1.921150023426804E-15  1.758898961215765E-15 14492
 245    4880.00    4900.00  3.732786172838788E-15  7.209530490035770E-16 13585
 246    4900.00    4920.00  2.762149324062899E-15  1.302142776118700E-15 13093
 247    4920.00    4940.00  1.920693009507804E-15  7.288164048324058E-16 12483
 248    4940.00    4960.00  5.914578897983634E-16  9.693208140676968E-16 11855
 249    4960.00    4980.00  1.880009501081965E-15  5.689467045301695E-16 11098
 250    4980.00    5000.00  1.172146422855582E-15  3.670847054407252E-16 10265
 251    5000.00    5020.00  1.447663629502267E-15  2.587700095447625E-16 9820
 252    5020.00    5040.00  1.217015504303472E-15  3.261381859321931E-16 9261
 253    5040.00    5060.00 -1.010336544725248E-16  1.209781625599684E-15 8745
 254    5060.00    5080.00  2.872404807096295E-15  2.447445790631683E-15 8372
 255    5080.00    5100.00  1.718981893747540E-16  2.052111810404980E-16 7662
 256    5100.00    5120.00  5.079207600360338E-16  1.271828256882154E-16 7292
 257    5120.00    5140.00  6.557381624900222E-16  3.212203034693915E-16 6868
 258    5140.00    5160.00  2.672643413371418E-16  1.028522099898099E-16 6437
 259    5160.00    5180.00  2.127828844793445E-16  6.216443626852521E-17 6074
 260    5180.00    5200.00  1.351962531913153E-16  4.711896079432434E-17 5588
 261    5200.00    5220.00  1.611326275796412E-16  5.217353809821429E-17 5238
 262    5220.00    5240.00  6.482950873962130E-17  3.776784544366552E-17 4965
 263    5240.00    5260.00 -2.572276619766887E-16  3.430316507205340E-16 4697
 264    5260.00    5280.00  7.623647446564078E-17  2.255714119603583E-17 4364
 265    5280.00    5300.00  7.380806960539799E-17  3.172286115320262E-17 3983
 266    5300.00    5320.00  2.916833269544616E-17  7.925684534463661E-18 3748
 267    5320.00    5340.00  2.482495948676419E-16  2.238255957525503E-16 3565
 268    5340.00    5360.00  2.879995018907324E-17  4.944071673231108E-17 3351
 269    5360.00    5380.00 -4.469099993219177E-19  3.570076192718221E-17 3027
 270    5380.00    5400.00  2.414802271419719E-17  1.247585144338490E-17 2913
 271    5400.00    5420.00  1.427744702269363E-17  7.688282617819742E-18 2644
 272    5420.00    5440.00  1.468972537603437E-17  1.895009619413080E-17 2491
 273    5440.00    5460.00  5.129755397315902E-18  2.521476096412198E-18 2218
 274    5460.00    5480.00  4.338569566766489E-17  3.912811940286356E-17 1988
 275    5480.00    5500.00  9.696948865142079E-18  6.468948725501861E-18 1935
 276    5500.00    5520.00  2.200799403842335E-17  1.921466795227910E-17 1698
 277    5520.00    5540.00  9.414868695550569E-19  1.132776690366771E-18 1587
 278    5540.00    5560.00  1.267796197688067E-18  1.073309579879506E-18 1450
 279    5560.00    5580.00 -1.126626307443849E-18  2.187347696392118E-18 1351
 280    5580.00    5600.00  8.994070906582565E-19  1.179797232197843E-18 1257
 281    5600.00    5620.00  3.203794937009214E-17  2.514196707422430E-17 1058
 282    5620.00    5640.00  7.281732586956836E-19  5.068248137299626E-19 992
 283    5640.00    5660.00  6.932834444134196E-19  3.261994982114327E-18 943
 284    5660.00    5680.00 -8.401691156578684E-20  7.232917653163144E-19 859
 285    5680.00    5700.00 -5.108852787111058E-19  8.726143557408571E-19 713
 286    5700.00    5720.00  6.342430975965407E-21  2.050522593408421E-19 683
 287    5720.00    5740.00  7.916841410975627E-19  9.371903819987189E-19 599
 288    5740.00    5760.00  1.500908145320212E-19  1.773380125070032E-19 533
 289    5760.00    5780.00  2.477090609123610E-19  2.367949611110291E-19 457
 290    5780.00    5800.00  1.495275850318777E-18  1.911054374869621E-18 447
 291    5800.00    5820.00 -1.167070693840756E-21  2.444875181561370E-20 351
 292    5820.00    5840.00  4.838486976698424E-20  6.430017693594343E-20 332
 293    5840.00    5860.00 -1.370139677148276E-20  3.104649951909379E-20 301
 294    5860.00    5880.00 -2.193099467549210E-20  1.346708829948057E-20 227
 295    5880.00    5900.00  1.326321260698184E-20  7.794216888052834E-21 220
 296    5900.00    5920.00  1.824405514970533E-21  8.821970628969744E-21 174
 297    5920.00    5940.00  8.225382875706650E-21  1.181268143546499E-20 146
 298    5940.00    5960.00  2.048892845785948E-21  2.589686408069061E-21 140
 299    5960.00    5980.00  7.413622380952392E-22  1.275717570166826E-21 86
 300    5980.00    6000.00  4.070971173663727E-21  2.745377598753964E-21 81
 301    6000.00    6020.00 -1.493346059449888E-21  1.030608874391560E-21 74
 302    6020.00    6040.00 -6.695465869701848E-22  4.482464806161185E-22 64
 303    6040.00    6060.00 -9.193261029287266E-23  1.413857734552516E-21 49
 304    6060.00    6080.00 -7.143711010002809E-22  7.235738476440858E-22 45
 305    6080.00    6100.00  3.590766627750072E-22  4.080179684344855E-22 28
 306    6100.00    6120.00 -5.938352408221698E-23  2.405538111149378E-22 22
 307    6120.00    6140.00 -1.113811541208721E-22  1.221459267835706E-22 11
 308    6140.00    6160.00  3.993136915001309E-22  3.668134786673858E-22 19
 309    6160.00    6180.00  1.325642029214052E-23  8.561968010922855E-24 8
 310    6180.00    6200.00 -1.893322841627138E-24  1.401729121153500E-24 5
 311    6200.00    6220.00 -9.269960066657864E-24  9.319635092923734E-24 4
 312    6220.00    6240.00 -5.872049363452438E-27  4.928387932965316E-27 4
 313    6240.00    6260.00 -2.512609322384325E-26  1.829324772925188E-26 3
 314    6260.00    6280.00 -7.529652977306944E-27  7.529629224925945E-27 2
 315    6280.00    6300.00  0.000000000000000E+00  0.000000000000000E+00 0
 316    6300.00    6320.00  0.000000000000000E+00  0.000000000000000E+00 0
 317    6320.00    6340.00  0.000000000000000E+00  0.000000000000000E+00 0
 318    6340.00    6360.00  0.000000000000000E+00  0.000000000000000E+00 0
 319    6360.00    6380.00  0.000000000000000E+00  0.000000000000000E+00 0
 320    6380.00    6400.00  0.000000000000000E+00  0.000000000000000E+00 0
 321    6400.00    6420.00  0.000000000000000E+00  0.000000000000000E+00 0
 322    6420.00    6440.00  0.000000000000000E+00  0.000000000000000E+00 0
 323    6440.00    6460.00  0.000000000000000E+00  0.000000000000000E+00 0
 324    6460.00    6480.00  0.000000000000000E+00  0.000000000000000E+00 0
 325    6480.00    6500.00  0.000000000000000E+00  0.000000000000000E+00 0
 326    6500.00    6520.00  0.000000000000000E+00  0.000000000000000E+00 0
 327    6520.00    6540.00  0.000000000000000E+00  0.000000000000000E+00 0
 328    6540.00    6560.00  0.000000000000000E+00  0.000000000000000E+00 0
 329    6560.00    6580.00  0.000000000000000E+00  0.000000000000000E+00 0
 330    6580.00    6600.00  0.000000000000000E+00  0.000000000000000E+00 0
 331    6600.00    6620.00  0.000000000000000E+00  0.000000000000000E+00 0
 332    6620.00    6640.00  0.000000000000000E+00  0.000000000000000E+00 0
 333    6640.00    6660.00  0.000000000000000E+00  0.000000000000000E+00 0
 334    6660.00    6680.00  0.000000000000000E+00  0.000000000000000E+00 0
 335    6680.00    6700.00  0.000000000000000E+00  0.000000000000000E+00 0
 336    6700.00    6720.00  0.000000000000000E+00  0.000000000000000E+00 0
 337    6720.00    6740.00  0.000000000000000E+00  0.000000000000000E+00 0
 338    6740.00    6760.00  0.000000000000000E+00  0.000000000000000E+00 0
 339    6760.00    6780.00  0.000000000000000E+00  0.000000000000000E+00 0
 340    6780.00    6800.00  0.000000000000000E+00  0.000000000000000E+00 0
 341    6800.00    6820.00  0.000000000000000E+00  0.000000000000000E+00 0
 342    6820.00    6840.00  0.000000000000000E+00  0.000000000000000E+00 0
 343    6840.00    6860.00  0.000000000000000E+00  0.000000000000000E+00 0
 344    6860.00    6880.00  0.000000000000000E+00  0.000000000000000E+00 0
 345    6880.00    6900.00  0.000000000000000E+00  0.000000000000000E+00 0
 346    6900.00    6920.00  0.000000000000000E+00  0.000000000000000E+00 0
 347    6920.00    6940.00  0.000000000000000E+00  0.000000000000000E+00 0
 348    6940.00    6960.00  0.000000000000000E+00  0.000000000000000E+00 0
 349    6960.00    6980.00  0.000000000000000E+00  0.000000000000000E+00 0
 350    6980.00    7000.00  0.000000000000000E+00  0.000000000000000E+00 0
 351    7000.00    7020.00  0.000000000000000E+00  0.000000000000000E+00 0
 352    7020.00    7040.00  0.000000000000000E+00  0.000000000000000E+00 0
 353    7040.00    7060.00  0.000000000000000E+00  0.000000000000000E+00 0
 354    7060.00    7080.00  0.000000000000000E+00  0.000000000000000E+00 0
 355    7080.00    7100.00  0.000000000000000E+00  0.000000000000000E+00 0
 356    7100.00    7120.00  0.000000000000000E+00  0.000000000000000E+00 0
 357    7120.00    7140.00  0.000000000000000E+00  0.000000000000000E+00 0
 358    7140.00    7160.00  0.000000000000000E+00  0.000000000000000E+00 0
 359    7160.00    7180.00  0.000000000000000E+00  0.000000000000000E+00 0
 360    7180.00    7200.00  0.000000000000000E+00  0.000000000000000E+00 0
 361    7200.00    7220.00  0.000000000000000E+00  0.000000000000000E+00 0
 362    7220.00    7240.00  0.000000000000000E+00  0.000000000000000E+00 0
 363    7240.00    7260.00  0.000000000000000E+00  0.000000000000000E+00 0
 364    7260.00    7280.00  0.000000000000000E+00  0.000000000000000E+00 0
 365    7280.00    7300.00  0.000000000000000E+00  0.000000000000000E+00 0
 366    7300.00    7320.00  0.000000000000000E+00  0.000000000000000E+00 0
 367    7320.00    7340.00  0.000000000000000E+00  0.000000000000000E+00 0
 368    7340.00    7360.00  0.000000000000000E+00  0.000000000000000E+00 0
 369    7360.00    7380.00  0.000000000000000E+00  0.000000000000000E+00 0
 370    7380.00    7400.00  0.000000000000000E+00  0.000000000000000E+00 0
 371    7400.00    7420.00  0.000000000000000E+00  0.000000000000000E+00 0
 372    7420.00    7440.00  0.000000000000000E+00  0.000000000000000E+00 0
 373    7440.00    7460.00  0.000000000000000E+00  0.000000000000000E+00 0
 374    7460.00    7480.00  0.000000000000000E+00  0.000000000000000E+00 0
 375    7480.00    7500.00  0.000000000000000E+00  0.000000000000000E+00 0
 376    7500.00    7520.00  0.000000000000000E+00  0.000000000000000E+00 0
 377    7520.00    7540.00  0.000000000000000E+00  0.000000000000000E+00 0
 378    7540.00    7560.00  0.000000000000000E+00  0.000000000000000E+00 0
 379    7560.00    7580.00  0.000000000000000E+00  0.000000000000000E+00 0
 380    7580.00    7600.00  0.000000000000000E+00  0.000000000000000E+00 0
 381    7600.00    7620.00  0.000000000000000E+00  0.000000000000000E+00 0
 382    7620.00    7640.00  0.000000000000000E+00  0.000000000000000E+00 0
 383    7640.00    7660.00  0.000000000000000E+00  0.000000000000000E+00 0
 384    7660.00    7680.00  0.000000000000000E+00  0.000000000000000E+00 0
 385    7680.00    7700.00  0.000000000000000E+00  0.000000000000000E+00 0
 386    7700.00    7720.00  0.000000000000000E+00  0.000000000000000E+00 0
 387    7720.00    7740.00  0.000000000000000E+00  0.000000000000000E+00 0
 388    7740.00    7760.00  0.000000000000000E+00  0.000000000000000E+00 0
 389    7760.00    7780.00  0.000000000000000E+00  0.000000000000000E+00 0
 390    7780.00    7800.00  0.000000000000000E+00  0.000000000000000E+00 0
 391    7800.00    7820.00  0.000000000000000E+00  0.000000000000000E+00 0
 392    7820.00    7840.00  0.000000000000000E+00  0.000000000000000E+00 0
 393    7840.00    7860.00  0.000000000000000E+00  0.000000000000000E+00 0
 394    7860.00    7880.00  0.000000000000000E+00  0.000000000000000E+00 0
 395    7880.00    7900.00  0.000000000000000E+00  0.000000000000000E+00 0
 396    7900.00    7920.00  0.000000000000000E+00  0.000000000000000E+00 0
 397    7920.00    7940.00  0.000000000000000E+00  0.000000000000000E+00 0
 398    7940.00    7960.00  0.000000000000000E+00  0.000000000000000E+00 0
 399    7960.00    7980.00  0.000000000000000E+00  0.000000000000000E+00 0
 400    7980.00    8000.00  0.000000000000000E+00  0.000000000000000E+00 0
 401    8000.00    8020.00  0.000000000000000E+00  0.000000000000000E+00 0
 402    8020.00    8040.00  0.000000000000000E+00  0.000000000000000E+00 0
 403    8040.00    8060.00  0.000000000000000E+00  0.000000000000000E+00 0
 404    8060.00    8080.00  0.000000000000000E+00  0.000000000000000E+00 0
 405    8080.00    8100.00  0.000000000000000E+00  0.000000000000000E+00 0
 406    8100.00    8120.00  0.000000000000000E+00  0.000000000000000E+00 0
 407    8120.00    8140.00  0.000000000000000E+00  0.000000000000000E+00 0
 408    8140.00    8160.00  0.000000000000000E+00  0.000000000000000E+00 0
 409    8160.00    8180.00  0.000000000000000E+00  0.000000000000000E+00 0
 410    8180.00    8200.00  0.000000000000000E+00  0.000000000000000E+00 0
 411    8200.00    8220.00  0.000000000000000E+00  0.000000000000000E+00 0
 412    8220.00    8240.00  0.000000000000000E+00  0.000000000000000E+00 0
 413    8240.00    8260.00  0.000000000000000E+00  0.000000000000000E+00 0
 414    8260.00    8280.00  0.000000000000000E+00  0.000000000000000E+00 0
 415    8280.00    8300.00  0.000000000000000E+00  0.000000000000000E+00 0
 416    8300.00    8320.00  0.000000000000000E+00  0.000000000000000E+00 0
 417    8320.00    8340.00  0.000000000000000E+00  0.000000000000000E+00 0
 418    8340.00    8360.00  0.000000000000000E+00  0.000000000000000E+00 0
 419    8360.00    8380.00  0.000000000000000E+00  0.000000000000000E+00 0
 420    8380.00    8400.00  0.000000000000000E+00  0.000000000000000E+00 0
 421    8400.00    8420.00  0.000000000000000E+00  0.000000000000000E+00 0
 422    8420.00    8440.00  0.000000000000000E+00  0.000000000000000E+00 0
 423    8440.00    8460.00  0.000000000000000E+00  0.000000000000000E+00 0
 424    8460.00    8480.00  0.000000000000000E+00  0.000000000000000E+00 0
 425    8480.00    8500.00  0.000000000000000E+00  0.000000000000000E+00 0
 426    8500.00    8520.00  0.000000000000000E+00  0.000000000000000E+00 0
 427    8520.00    8540.00  0.000000000000000E+00  0.000000000000000E+00 0
 428    8540.00    8560.00  0.000000000000000E+00  0.000000000000000E+00 0
 429    8560.00    8580.00  0.000000000000000E+00  0.000000000000000E+00 0
 430    8580.00    8600.00  0.000000000000000E+00  0.000000000000000E+00 0
 431    8600.00    8620.00  0.000000000000000E+00  0.000000000000000E+00 0
 432    8620.00    8640.00  0.000000000000000E+00  0.000000000000000E+00 0
 433    8640.00    8660.00  0.000000000000000E+00  0.000000000000000E+00 0
 434    8660.00    8680.00  0.000000000000000E+00  0.000000000000000E+00 0
 435    8680.00    8700.00  0.000000000000000E+00  0.000000000000000E+00 0
 436    8700.00    8720.00  0.000000000000000E+00  0.000000000000000E+00 0
 437    8720.00    8740.00  0.000000000000000E+00  0.000000000000000E+00 0
 438    8740.00    8760.00  0.000000000000000E+00  0.000000000000000E+00 0
 439    8760.00    8780.00  0.000000000000000E+00  0.000000000000000E+00 0
 440    8780.00    8800.00  0.000000000000000E+00  0.000000000000000E+00 0
 441    8800.00    8820.00  0.000000000000000E+00  0.000000000000000E+00 0
 442    8820.00    8840.00  0.000000000000000E+00  0.000000000000000E+00 0
 443    8840.00    8860.00  0.000000000000000E+00  0.000000000000000E+00 0
 444    8860.00    8880.00  0.000000000000000E+00  0.000000000000000E+00 0
 445    8880.00    8900.00  0.000000000000000E+00  0.000000000000000E+00 0
 446    8900.00    8920.00  0.000000000000000E+00  0.000000000000000E+00 0
 447    8920.00    8940.00  0.000000000000000E+00  0.000000000000000E+00 0
 448    8940.00    8960.00  0.000000000000000E+00  0.000000000000000E+00 0
 449    8960.00    8980.00  0.000000000000000E+00  0.000000000000000E+00 0
 450    8980.00    9000.00  0.000000000000000E+00  0.000000000000000E+00 0
 451    9000.00    9020.00  0.000000000000000E+00  0.000000000000000E+00 0
 452    9020.00    9040.00  0.000000000000000E+00  0.000000000000000E+00 0
 453    9040.00    9060.00  0.000000000000000E+00  0.000000000000000E+00 0
 454    9060.00    9080.00  0.000000000000000E+00  0.000000000000000E+00 0
 455    9080.00    9100.00  0.000000000000000E+00  0.000000000000000E+00 0
 456    9100.00    9120.00  0.000000000000000E+00  0.000000000000000E+00 0
 457    9120.00    9140.00  0.000000000000000E+00  0.000000000000000E+00 0
 458    9140.00    9160.00  0.000000000000000E+00  0.000000000000000E+00 0
 459    9160.00    9180.00  0.000000000000000E+00  0.000000000000000E+00 0
 460    9180.00    9200.00  0.000000000000000E+00  0.000000000000000E+00 0
 461    9200.00    9220.00  0.000000000000000E+00  0.000000000000000E+00 0
 462    9220.00    9240.00  0.000000000000000E+00  0.000000000000000E+00 0
 463    9240.00    9260.00  0.000000000000000E+00  0.000000000000000E+00 0
 464    9260.00    9280.00  0.000000000000000E+00  0.000000000000000E+00 0
 465    9280.00    9300.00  0.000000000000000E+00  0.000000000000000E+00 0
 466    9300.00    9320.00  0.000000000000000E+00  0.000000000000000E+00 0
 467    9320.00    9340.00  0.000000000000000E+00  0.000000000000000E+00 0
 468    9340.00    9360.00  0.000000000000000E+00  0.000000000000000E+00 0
 469    9360.00    9380.00  0.000000000000000E+00  0.000000000000000E+00 0
 470    9380.00    9400.00  0.000000000000000E+00  0.000000000000000E+00 0
 471    9400.00    9420.00  0.000000000000000E+00  0.000000000000000E+00 0
 472    9420.00    9440.00  0.000000000000000E+00  0.000000000000000E+00 0
 473    9440.00    9460.00  0.000000000000000E+00  0.000000000000000E+00 0
 474    9460.00    9480.00  0.000000000000000E+00  0.000000000000000E+00 0
 475    9480.00    9500.00  0.000000000000000E+00  0.000000000000000E+00 0
 476    9500.00    9520.00  0.000000000000000E+00  0.000000000000000E+00 0
 477    9520.00    9540.00  0.000000000000000E+00  0.000000000000000E+00 0
 478    9540.00    9560.00  0.000000000000000E+00  0.000000000000000E+00 0
 479    9560.00    9580.00  0.000000000000000E+00  0.000000000000000E+00 0
 480    9580.00    9600.00  0.000000000000000E+00  0.000000000000000E+00 0
 481    9600.00    9620.00  0.000000000000000E+00  0.000000000000000E+00 0
 482    9620.00    9640.00  0.000000000000000E+00  0.000000000000000E+00 0
 483    9640.00    9660.00  0.000000000000000E+00  0.000000000000000E+00 0
 484    9660.00    9680.00  0.000000000000000E+00  0.000000000000000E+00 0
 485    9680.00    9700.00  0.000000000000000E+00  0.000000000000000E+00 0
 486    9700.00    9720.00  0.000000000000000E+00  0.000000000000000E+00 0
 487    9720.00    9740.00  0.000000000000000E+00  0.000000000000000E+00 0
 488    9740.00    9760.00  0.000000000000000E+00  0.000000000000000E+00 0
 489    9760.00    9780.00  0.000000000000000E+00  0.000000000000000E+00 0
 490    9780.00    9800.00  0.000000000000000E+00  0.000000000000000E+00 0
 491    9800.00    9820.00  0.000000000000000E+00  0.000000000000000E+00 0
 492    9820.00    9840.00  0.000000000000000E+00  0.000000000000000E+00 0
 493    9840.00    9860.00  0.000000000000000E+00  0.000000000000000E+00 0
 494    9860.00    9880.00  0.000000000000000E+00  0.000000000000000E+00 0
 495    9880.00    9900.00  0.000000000000000E+00  0.000000000000000E+00 0
 496    9900.00    9920.00  0.000000000000000E+00  0.000000000000000E+00 0
 497    9920.00    9940.00  0.000000000000000E+00  0.000000000000000E+00 0
 498    9940.00    9960.00  0.000000000000000E+00  0.000000000000000E+00 0
 499    9960.00    9980.00  0.000000000000000E+00  0.000000000000000E+00 0
 500    9980.00   10000.00  0.000000000000000E+00  0.000000000000000E+00 0
 501   10000.00   10020.00  0.000000000000000E+00  0.000000000000000E+00 0
 502   10020.00   10040.00  0.000000000000000E+00  0.000000000000000E+00 0
 503   10040.00   10060.00  0.000000000000000E+00  0.000000000000000E+00 0
 504   10060.00   10080.00  0.000000000000000E+00  0.000000000000000E+00 0
 505   10080.00   10100.00  0.000000000000000E+00  0.000000000000000E+00 0
 506   10100.00   10120.00  0.000000000000000E+00  0.000000000000000E+00 0
 507   10120.00   10140.00  0.000000000000000E+00  0.000000000000000E+00 0
 508   10140.00   10160.00  0.000000000000000E+00  0.000000000000000E+00 0
 509   10160.00   10180.00  0.000000000000000E+00  0.000000000000000E+00 0
 510   10180.00   10200.00  0.000000000000000E+00  0.000000000000000E+00 0
 511   10200.00   10220.00  0.000000000000000E+00  0.000000000000000E+00 0
 512   10220.00   10240.00  0.000000000000000E+00  0.000000000000000E+00 0
 513   10240.00   10260.00  0.000000000000000E+00  0.000000000000000E+00 0
 514   10260.00   10280.00  0.000000000000000E+00  0.000000000000000E+00 0
 515   10280.00   10300.00  0.000000000000000E+00  0.000000000000000E+00 0
 516   10300.00   10320.00  0.000000000000000E+00  0.000000000000000E+00 0
 517   10320.00   10340.00  0.000000000000000E+00  0.000000000000000E+00 0
 518   10340.00   10360.00  0.000000000000000E+00  0.000000000000000E+00 0
 519   10360.00   10380.00  0.000000000000000E+00  0.000000000000000E+00 0
 520   10380.00   10400.00  0.000000000000000E+00  0.000000000000000E+00 0
 521   10400.00   10420.00  0.000000000000000E+00  0.000000000000000E+00 0
 522   10420.00   10440.00  0.000000000000000E+00  0.000000000000000E+00 0
 523   10440.00   10460.00  0.000000000000000E+00  0.000000000000000E+00 0
 524   10460.00   10480.00  0.000000000000000E+00  0.000000000000000E+00 0
 525   10480.00   10500.00  0.000000000000000E+00  0.000000000000000E+00 0
 526   10500.00   10520.00  0.000000000000000E+00  0.000000000000000E+00 0
 527   10520.00   10540.00  0.000000000000000E+00  0.000000000000000E+00 0
 528   10540.00   10560.00  0.000000000000000E+00  0.000000000000000E+00 0
 529   10560.00   10580.00  0.000000000000000E+00  0.000000000000000E+00 0
 530   10580.00   10600.00  0.000000000000000E+00  0.000000000000000E+00 0
 531   10600.00   10620.00  0.000000000000000E+00  0.000000000000000E+00 0
 532   10620.00   10640.00  0.000000000000000E+00  0.000000000000000E+00 0
 533   10640.00   10660.00  0.000000000000000E+00  0.000000000000000E+00 0
 534   10660.00   10680.00  0.000000000000000E+00  0.000000000000000E+00 0
 535   10680.00   10700.00  0.000000000000000E+00  0.000000000000000E+00 0
 536   10700.00   10720.00  0.000000000000000E+00  0.000000000000000E+00 0
 537   10720.00   10740.00  0.000000000000000E+00  0.000000000000000E+00 0
 538   10740.00   10760.00  0.000000000000000E+00  0.000000000000000E+00 0
 539   10760.00   10780.00  0.000000000000000E+00  0.000000000000000E+00 0
 540   10780.00   10800.00  0.000000000000000E+00  0.000000000000000E+00 0
 541   10800.00   10820.00  0.000000000000000E+00  0.000000000000000E+00 0
 542   10820.00   10840.00  0.000000000000000E+00  0.000000000000000E+00 0
 543   10840.00   10860.00  0.000000000000000E+00  0.000000000000000E+00 0
 544   10860.00   10880.00  0.000000000000000E+00  0.000000000000000E+00 0
 545   10880.00   10900.00  0.000000000000000E+00  0.000000000000000E+00 0
 546   10900.00   10920.00  0.000000000000000E+00  0.000000000000000E+00 0
 547   10920.00   10940.00  0.000000000000000E+00  0.000000000000000E+00 0
 548   10940.00   10960.00  0.000000000000000E+00  0.000000000000000E+00 0
 549   10960.00   10980.00  0.000000000000000E+00  0.000000000000000E+00 0
 550   10980.00   11000.00  0.000000000000000E+00  0.000000000000000E+00 0
 551   11000.00   11020.00  0.000000000000000E+00  0.000000000000000E+00 0
 552   11020.00   11040.00  0.000000000000000E+00  0.000000000000000E+00 0
 553   11040.00   11060.00  0.000000000000000E+00  0.000000000000000E+00 0
 554   11060.00   11080.00  0.000000000000000E+00  0.000000000000000E+00 0
 555   11080.00   11100.00  0.000000000000000E+00  0.000000000000000E+00 0
 556   11100.00   11120.00  0.000000000000000E+00  0.000000000000000E+00 0
 557   11120.00   11140.00  0.000000000000000E+00  0.000000000000000E+00 0
 558   11140.00   11160.00  0.000000000000000E+00  0.000000000000000E+00 0
 559   11160.00   11180.00  0.000000000000000E+00  0.000000000000000E+00 0
 560   11180.00   11200.00  0.000000000000000E+00  0.000000000000000E+00 0
 561   11200.00   11220.00  0.000000000000000E+00  0.000000000000000E+00 0
 562   11220.00   11240.00  0.000000000000000E+00  0.000000000000000E+00 0
 563   11240.00   11260.00  0.000000000000000E+00  0.000000000000000E+00 0
 564   11260.00   11280.00  0.000000000000000E+00  0.000000000000000E+00 0
 565   11280.00   11300.00  0.000000000000000E+00  0.000000000000000E+00 0
 566   11300.00   11320.00  0.000000000000000E+00  0.000000000000000E+00 0
 567   11320.00   11340.00  0.000000000000000E+00  0.000000000000000E+00 0
 568   11340.00   11360.00  0.000000000000000E+00  0.000000000000000E+00 0
 569   11360.00   11380.00  0.000000000000000E+00  0.000000000000000E+00 0
 570   11380.00   11400.00  0.000000000000000E+00  0.000000000000000E+00 0
 571   11400.00   11420.00  0.000000000000000E+00  0.000000000000000E+00 0
 572   11420.00   11440.00  0.000000000000000E+00  0.000000000000000E+00 0
 573   11440.00   11460.00  0.000000000000000E+00  0.000000000000000E+00 0
 574   11460.00   11480.00  0.000000000000000E+00  0.000000000000000E+00 0
 575   11480.00   11500.00  0.000000000000000E+00  0.000000000000000E+00 0
 576   11500.00   11520.00  0.000000000000000E+00  0.000000000000000E+00 0
 577   11520.00   11540.00  0.000000000000000E+00  0.000000000000000E+00 0
 578   11540.00   11560.00  0.000000000000000E+00  0.000000000000000E+00 0
 579   11560.00   11580.00  0.000000000000000E+00  0.000000000000000E+00 0
 580   11580.00   11600.00  0.000000000000000E+00  0.000000000000000E+00 0
 581   11600.00   11620.00  0.000000000000000E+00  0.000000000000000E+00 0
 582   11620.00   11640.00  0.000000000000000E+00  0.000000000000000E+00 0
 583   11640.00   11660.00  0.000000000000000E+00  0.000000000000000E+00 0
 584   11660.00   11680.00  0.000000000000000E+00  0.000000000000000E+00 0
 585   11680.00   11700.00  0.000000000000000E+00  0.000000000000000E+00 0
 586   11700.00   11720.00  0.000000000000000E+00  0.000000000000000E+00 0
 587   11720.00   11740.00  0.000000000000000E+00  0.000000000000000E+00 0
 588   11740.00   11760.00  0.000000000000000E+00  0.000000000000000E+00 0
 589   11760.00   11780.00  0.000000000000000E+00  0.000000000000000E+00 0
 590   11780.00   11800.00  0.000000000000000E+00  0.000000000000000E+00 0
 591   11800.00   11820.00  0.000000000000000E+00  0.000000000000000E+00 0
 592   11820.00   11840.00  0.000000000000000E+00  0.000000000000000E+00 0
 593   11840.00   11860.00  0.000000000000000E+00  0.000000000000000E+00 0
 594   11860.00   11880.00  0.000000000000000E+00  0.000000000000000E+00 0
 595   11880.00   11900.00  0.000000000000000E+00  0.000000000000000E+00 0
 596   11900.00   11920.00  0.000000000000000E+00  0.000000000000000E+00 0
 597   11920.00   11940.00  0.000000000000000E+00  0.000000000000000E+00 0
 598   11940.00   11960.00  0.000000000000000E+00  0.000000000000000E+00 0
 599   11960.00   11980.00  0.000000000000000E+00  0.000000000000000E+00 0
 600   11980.00   12000.00  0.000000000000000E+00  0.000000000000000E+00 0
 601   12000.00   12020.00  0.000000000000000E+00  0.000000000000000E+00 0
 602   12020.00   12040.00  0.000000000000000E+00  0.000000000000000E+00 0
 603   12040.00   12060.00  0.000000000000000E+00  0.000000000000000E+00 0
 604   12060.00   12080.00  0.000000000000000E+00  0.000000000000000E+00 0
 605   12080.00   12100.00  0.000000000000000E+00  0.000000000000000E+00 0
 606   12100.00   12120.00  0.000000000000000E+00  0.000000000000000E+00 0
 607   12120.00   12140.00  0.000000000000000E+00  0.000000000000000E+00 0
 608   12140.00   12160.00  0.000000000000000E+00  0.000000000000000E+00 0
 609   12160.00   12180.00  0.000000000000000E+00  0.000000000000000E+00 0
 610   12180.00   12200.00  0.000000000000000E+00  0.000000000000000E+00 0
 611   12200.00   12220.00  0.000000000000000E+00  0.000000000000000E+00 0
 612   12220.00   12240.00  0.000000000000000E+00  0.000000000000000E+00 0
 613   12240.00   12260.00  0.000000000000000E+00  0.000000000000000E+00 0
 614   12260.00   12280.00  0.000000000000000E+00  0.000000000000000E+00 0
 615   12280.00   12300.00  0.000000000000000E+00  0.000000000000000E+00 0
 616   12300.00   12320.00  0.000000000000000E+00  0.000000000000000E+00 0
 617   12320.00   12340.00  0.000000000000000E+00  0.000000000000000E+00 0
 618   12340.00   12360.00  0.000000000000000E+00  0.000000000000000E+00 0
 619   12360.00   12380.00  0.000000000000000E+00  0.000000000000000E+00 0
 620   12380.00   12400.00  0.000000000000000E+00  0.000000000000000E+00 0
 621   12400.00   12420.00  0.000000000000000E+00  0.000000000000000E+00 0
 622   12420.00   12440.00  0.000000000000000E+00  0.000000000000000E+00 0
 623   12440.00   12460.00  0.000000000000000E+00  0.000000000000000E+00 0
 624   12460.00   12480.00  0.000000000000000E+00  0.000000000000000E+00 0
 625   12480.00   12500.00  0.000000000000000E+00  0.000000000000000E+00 0
 626   12500.00   12520.00  0.000000000000000E+00  0.000000000000000E+00 0
 627   12520.00   12540.00  0.000000000000000E+00  0.000000000000000E+00 0
 628   12540.00   12560.00  0.000000000000000E+00  0.000000000000000E+00 0
 629   12560.00   12580.00  0.000000000000000E+00  0.000000000000000E+00 0
 630   12580.00   12600.00  0.000000000000000E+00  0.000000000000000E+00 0
 631   12600.00   12620.00  0.000000000000000E+00  0.000000000000000E+00 0
 632   12620.00   12640.00  0.000000000000000E+00  0.000000000000000E+00 0
 633   12640.00   12660.00  0.000000000000000E+00  0.000000000000000E+00 0
 634   12660.00   12680.00  0.000000000000000E+00  0.000000000000000E+00 0
 635   12680.00   12700.00  0.000000000000000E+00  0.000000000000000E+00 0
 636   12700.00   12720.00  0.000000000000000E+00  0.000000000000000E+00 0
 637   12720.00   12740.00  0.000000000000000E+00  0.000000000000000E+00 0
 638   12740.00   12760.00  0.000000000000000E+00  0.000000000000000E+00 0
 639   12760.00   12780.00  0.000000000000000E+00  0.000000000000000E+00 0
 640   12780.00   12800.00  0.000000000000000E+00  0.000000000000000E+00 0
 641   12800.00   12820.00  0.000000000000000E+00  0.000000000000000E+00 0
 642   12820.00   12840.00  0.000000000000000E+00  0.000000000000000E+00 0
 643   12840.00   12860.00  0.000000000000000E+00  0.000000000000000E+00 0
 644   12860.00   12880.00  0.000000000000000E+00  0.000000000000000E+00 0
 645   12880.00   12900.00  0.000000000000000E+00  0.000000000000000E+00 0
 646   12900.00   12920.00  0.000000000000000E+00  0.000000000000000E+00 0
 647   12920.00   12940.00  0.000000000000000E+00  0.000000000000000E+00 0
 648   12940.00   12960.00  0.000000000000000E+00  0.000000000000000E+00 0
 649   12960.00   12980.00  0.000000000000000E+00  0.000000000000000E+00 0
 650   12980.00   13000.00  0.000000000000000E+00  0.000000000000000E+00 0
# Underflow:                 0.0000000000000000E+00  0.0000000000000000E+00 0
# Overflow:                  0.0000000000000000E+00  0.0000000000000000E+00 0
#-------------------------------------------------------------------------------------
# Sum:                      -4.8027697840481601E-04  3.6712193694675206E-06 368000
#=====================================================================================
