# title = Transverse Momentum Harder Jet
# xlabel = $p_{\text{T},\text{j}_1}\,$[GeV]
# ylabel = $\frac{\text{d}\sigma}{\text{d}p_{\text{T},\text{j}_1}}\,\left[\frac{\text{fb}}{\text{GeV}}\right]$
# xmin=  0.000E+00
# xmax=  8.000E+02
# ymin=  1.000E-06
# ymax=  1.000E-02
# kmin= -5.000E+01
# kmax=  1.000E+01
# logscale = true
# Renormalization and factorization scale scaled by: 1.0000000000
# Renormalization scaled by: .0000000000
# Number of generated events: 7531973577
#
#=====================================================================================
# No.       Left      Right                   Value                   Error Hits
#-------------------------------------------------------------------------------------
   1      10.00      30.00  0.000000000000000E+00  0.000000000000000E+00 0
   2      30.00      50.00  3.499706739592461E-04  4.264881514485283E-07 26398537
   3      50.00      70.00  1.737505214728048E-03  1.086726559786357E-06 100918274
   4      70.00      90.00  3.627590895982623E-03  1.658336340777209E-06 186646695
   5      90.00     110.00  5.258143243194206E-03  2.016409568165153E-06 263543371
   6     110.00     130.00  6.285127547061816E-03  2.185308937877753E-06 322236038
   7     130.00     150.00  6.697296159435880E-03  2.212666577370195E-06 357351439
   8     150.00     170.00  6.597878355550263E-03  2.154322259415742E-06 363524730
   9     170.00     190.00  6.147569662348714E-03  2.037957402605546E-06 351624428
  10     190.00     210.00  5.544208793060252E-03  1.913866843505484E-06 331282021
  11     210.00     230.00  4.886552635787609E-03  1.768850035499438E-06 307593799
  12     230.00     250.00  4.251350674575655E-03  1.625095368315371E-06 283348131
  13     250.00     270.00  3.660378037108288E-03  1.490846988489711E-06 259906676
  14     270.00     290.00  3.136583072574899E-03  1.363426179056762E-06 237929934
  15     290.00     310.00  2.672731764363745E-03  1.226280463791828E-06 217677017
  16     310.00     330.00  2.275085217951209E-03  1.117459131131732E-06 199223995
  17     330.00     350.00  1.937395295006244E-03  1.014041972568579E-06 182512733
  18     350.00     370.00  1.648876962003002E-03  9.227525815320856E-07 167432009
  19     370.00     390.00  1.402893592413870E-03  8.346786454774752E-07 153785225
  20     390.00     410.00  1.195627743328503E-03  7.575289974013834E-07 141525665
  21     410.00     430.00  1.019128982398965E-03  6.864719230191848E-07 130433616
  22     430.00     450.00  8.701091375825030E-04  6.212763405707051E-07 120396929
  23     450.00     470.00  7.459653465833928E-04  5.691618550639268E-07 111344088
  24     470.00     490.00  6.386877151696189E-04  5.144795355140939E-07 103095705
  25     490.00     510.00  5.479035540078119E-04  4.673219596773726E-07 95645123
  26     510.00     530.00  4.708479625011107E-04  4.233112083120603E-07 88870077
  27     530.00     550.00  4.052264520763814E-04  3.863143670323709E-07 82680757
  28     550.00     570.00  3.495240618651392E-04  3.506111276760213E-07 77006475
  29     570.00     590.00  3.018402199492859E-04  3.199968695501027E-07 71836233
  30     590.00     610.00  2.614803424037772E-04  2.918819987140569E-07 67112956
  31     610.00     630.00  2.262720320492693E-04  2.659379014364717E-07 62749597
  32     630.00     650.00  1.961064046175364E-04  2.418746738353569E-07 58736525
  33     650.00     670.00  1.702510507735526E-04  2.207105942022301E-07 55043070
  34     670.00     690.00  1.480213288186597E-04  2.016149819602099E-07 51661936
  35     690.00     710.00  1.288433252185315E-04  1.836310945868923E-07 48519815
  36     710.00     730.00  1.123025604717367E-04  1.675529109854391E-07 45628356
  37     730.00     750.00  9.800733580306934E-05  1.515180979466704E-07 42920505
  38     750.00     770.00  8.572535658803786E-05  1.393687041961629E-07 40423785
  39     770.00     790.00  7.526004424388046E-05  1.282530297837387E-07 38097011
  40     790.00     810.00  6.564468397610508E-05  1.167867713520221E-07 35949486
  41     810.00     830.00  5.763949581753375E-05  1.083656623176806E-07 33934399
  42     830.00     850.00  5.075456582479139E-05  9.832449974036709E-08 32058031
  43     850.00     870.00  4.454121491728030E-05  9.151017616160602E-08 30319783
  44     870.00     890.00  3.903472608669042E-05  8.114821830960815E-08 28677160
  45     890.00     910.00  3.441083242579777E-05  7.464291844190360E-08 27165228
  46     910.00     930.00  3.025417000664402E-05  6.796441025897191E-08 25728343
  47     930.00     950.00  2.665682685198815E-05  6.215862043568159E-08 24394556
  48     950.00     970.00  2.350020938666836E-05  5.707370804762036E-08 23136332
  49     970.00     990.00  2.075679274264767E-05  5.228757967117061E-08 21956756
  50     990.00    1010.00  1.842848193420883E-05  4.872533692883962E-08 20843641
  51    1010.00    1030.00  1.623332589626157E-05  4.428710442492236E-08 19809314
  52    1030.00    1050.00  1.442336414604890E-05  4.106130316729475E-08 18831074
  53    1050.00    1070.00  1.284712018711829E-05  3.792877409861581E-08 17912186
  54    1070.00    1090.00  1.134533291890909E-05  3.440005648271751E-08 17043112
  55    1090.00    1110.00  1.005000317318085E-05  3.120323205416107E-08 16214697
  56    1110.00    1130.00  8.907804323059564E-06  2.854176148504917E-08 15448637
  57    1130.00    1150.00  7.882424889020867E-06  2.603957974232545E-08 14722253
  58    1150.00    1170.00  7.060866137582353E-06  2.378563157259977E-08 14035784
  59    1170.00    1190.00  6.223597704542053E-06  2.168542503818946E-08 13377786
  60    1190.00    1210.00  5.564166415566011E-06  2.042856749832550E-08 12764766
  61    1210.00    1230.00  4.945352302845630E-06  1.868471905117220E-08 12180333
  62    1230.00    1250.00  4.425792367312486E-06  1.769734717731018E-08 11630113
  63    1250.00    1270.00  3.913261446906126E-06  1.566695673432801E-08 11109083
  64    1270.00    1290.00  3.475761841123016E-06  1.401917923008510E-08 10603653
  65    1290.00    1310.00  3.134929457927647E-06  1.321047813797272E-08 10137967
  66    1310.00    1330.00  2.786822645553930E-06  1.225046886061779E-08 9689407
  67    1330.00    1350.00  2.502175093643866E-06  1.133433748454801E-08 9260558
  68    1350.00    1370.00  2.214636590784785E-06  1.017609428163244E-08 8861449
  69    1370.00    1390.00  1.995651639734591E-06  9.563046470911445E-09 8479613
  70    1390.00    1410.00  1.794788804754527E-06  9.006802146164372E-09 8115401
  71    1410.00    1430.00  1.592176050456216E-06  8.017351124458147E-09 7766277
  72    1430.00    1450.00  1.412584461851578E-06  7.198856305671646E-09 7436944
  73    1450.00    1470.00  1.284314423631503E-06  6.820188408610487E-09 7121052
  74    1470.00    1490.00  1.138329704007099E-06  6.106403777705344E-09 6820600
  75    1490.00    1510.00  1.015976839650973E-06  5.625183354881326E-09 6538667
  76    1510.00    1530.00  9.278461914696217E-07  5.234737249672366E-09 6269165
  77    1530.00    1550.00  8.273433911470278E-07  4.904048880554402E-09 6001103
  78    1550.00    1570.00  7.472716791675070E-07  4.731087478355658E-09 5754559
  79    1570.00    1590.00  6.710859496921930E-07  4.307567388165621E-09 5519925
  80    1590.00    1610.00  5.936948886618664E-07  3.658478412715034E-09 5296365
  81    1610.00    1630.00  5.386242812488505E-07  3.473691448421769E-09 5079608
  82    1630.00    1650.00  4.828646984981983E-07  3.237366598892036E-09 4874225
  83    1650.00    1670.00  4.376311535780486E-07  2.999300400331954E-09 4675869
  84    1670.00    1690.00  3.870507346090422E-07  2.706561335398519E-09 4492304
  85    1690.00    1710.00  3.467679714985325E-07  2.397520742257358E-09 4307529
  86    1710.00    1730.00  3.164186917948045E-07  2.297207381554193E-09 4139625
  87    1730.00    1750.00  2.870086128693910E-07  2.187784438849361E-09 3976283
  88    1750.00    1770.00  2.594197557024258E-07  2.049857659270854E-09 3818415
  89    1770.00    1790.00  2.316983282363758E-07  2.039169941902960E-09 3667634
  90    1790.00    1810.00  2.087244685072534E-07  1.659027326677749E-09 3528010
  91    1810.00    1830.00  1.899426365113059E-07  1.781092588934502E-09 3385968
  92    1830.00    1850.00  1.701148143856776E-07  1.401098030179392E-09 3254750
  93    1850.00    1870.00  1.528015630408830E-07  1.347783856151575E-09 3125808
  94    1870.00    1890.00  1.389069939731691E-07  1.253601073842584E-09 3008367
  95    1890.00    1910.00  1.249928775016019E-07  1.304087900795296E-09 2889045
  96    1910.00    1930.00  1.139974971428917E-07  1.039439824225062E-09 2778246
  97    1930.00    1950.00  1.024215625254962E-07  9.996592230320629E-10 2672015
  98    1950.00    1970.00  9.187398804842773E-08  8.936997274165738E-10 2572756
  99    1970.00    1990.00  8.236997424851624E-08  8.051891616558608E-10 2473228
 100    1990.00    2010.00  7.373793415501080E-08  7.416040213466496E-10 2377361
 101    2010.00    2030.00  6.802636943346250E-08  6.722063822997140E-10 2288903
 102    2030.00    2050.00  6.197549174638218E-08  6.897094058470724E-10 2203689
 103    2050.00    2070.00  5.746564288514830E-08  6.769536291188281E-10 2119550
 104    2070.00    2090.00  5.001133426886777E-08  5.287336724573567E-10 2040652
 105    2090.00    2110.00  4.644169019426644E-08  6.678143558358561E-10 1962264
 106    2110.00    2130.00  4.131552355106152E-08  4.853422427604737E-10 1887973
 107    2130.00    2150.00  3.728440578102891E-08  4.550319970320816E-10 1818885
 108    2150.00    2170.00  3.360042334586564E-08  3.907150228107543E-10 1750507
 109    2170.00    2190.00  3.264792165437740E-08  6.519291230616858E-10 1684388
 110    2190.00    2210.00  2.829729876261606E-08  3.527610079062530E-10 1620761
 111    2210.00    2230.00  2.553556527156746E-08  3.510134652649258E-10 1562816
 112    2230.00    2250.00  2.291924977475750E-08  3.060623460960510E-10 1504017
 113    2250.00    2270.00  2.133442981051432E-08  3.017462873908784E-10 1447069
 114    2270.00    2290.00  1.906999159433235E-08  3.908128082319196E-10 1393012
 115    2290.00    2310.00  1.779609558158289E-08  3.414450714985867E-10 1343566
 116    2310.00    2330.00  1.566441046485626E-08  2.286455300832408E-10 1292952
 117    2330.00    2350.00  1.405069152985038E-08  2.132440342722830E-10 1246206
 118    2350.00    2370.00  1.289809847855472E-08  1.880994560623605E-10 1199942
 119    2370.00    2390.00  1.192522780035396E-08  1.848237962681912E-10 1155587
 120    2390.00    2410.00  1.060110833474190E-08  1.682270896892892E-10 1113434
 121    2410.00    2430.00  9.353501586835300E-09  1.555337651194831E-10 1073219
 122    2430.00    2450.00  8.622731787852520E-09  1.400453484299197E-10 1034526
 123    2450.00    2470.00  8.023571059584824E-09  1.359851445448521E-10 995896
 124    2470.00    2490.00  7.090615337256655E-09  1.222123808256798E-10 959692
 125    2490.00    2510.00  6.869311017265729E-09  1.304593483531616E-10 926069
 126    2510.00    2530.00  6.159520933556830E-09  1.463653723738793E-10 889937
 127    2530.00    2550.00  5.437464119428855E-09  1.285383369268310E-10 857983
 128    2550.00    2570.00  4.858780192222013E-09  9.162624835381112E-11 826620
 129    2570.00    2590.00  4.529730007278691E-09  9.204409799084053E-11 798738
 130    2590.00    2610.00  4.087210522250458E-09  1.062878575037480E-10 770314
 131    2610.00    2630.00  3.716849185934915E-09  7.075090061476357E-11 742007
 132    2630.00    2650.00  3.340748247211242E-09  8.436542699325307E-11 714108
 133    2650.00    2670.00  3.075653196468121E-09  6.952441797209961E-11 687628
 134    2670.00    2690.00  2.832661618590697E-09  7.069678392723692E-11 664156
 135    2690.00    2710.00  2.546097513992498E-09  6.411006875855552E-11 640834
 136    2710.00    2730.00  2.452157180863899E-09  1.494204351470477E-10 616581
 137    2730.00    2750.00  2.065292101388604E-09  4.671829465013547E-11 593308
 138    2750.00    2770.00  1.865802808905946E-09  4.223198864250807E-11 573000
 139    2770.00    2790.00  1.702001052926337E-09  4.181235006739553E-11 553746
 140    2790.00    2810.00  1.537417655126892E-09  3.682152724498445E-11 532293
 141    2810.00    2830.00  1.410554378836540E-09  3.480877364454632E-11 514084
 142    2830.00    2850.00  1.244046350988675E-09  2.845108882120908E-11 496541
 143    2850.00    2870.00  1.156428997141412E-09  2.837160601333358E-11 478414
 144    2870.00    2890.00  1.082683907901767E-09  2.659538689184013E-11 460124
 145    2890.00    2910.00  9.649578663354765E-10  2.487492215876381E-11 445015
 146    2910.00    2930.00  8.292349054001841E-10  2.146081418585147E-11 428108
 147    2930.00    2950.00  7.887090723690056E-10  2.025788403738422E-11 413382
 148    2950.00    2970.00  7.018377608098144E-10  1.843390000680595E-11 397918
 149    2970.00    2990.00  6.078444818963763E-10  1.594836368922245E-11 384985
 150    2990.00    3010.00  5.790868382413686E-10  2.138829480348067E-11 369919
 151    3010.00    3030.00  5.642265515038979E-10  1.974892375663551E-11 356580
 152    3030.00    3050.00  4.802498760828296E-10  1.514352062158251E-11 343977
 153    3050.00    3070.00  4.436718815242886E-10  1.535855903009470E-11 333304
 154    3070.00    3090.00  4.077315508608945E-10  1.247732003767988E-11 320116
 155    3090.00    3110.00  3.434551220851005E-10  9.287598520129352E-12 308064
 156    3110.00    3130.00  3.232575186955860E-10  1.221030999861367E-11 297084
 157    3130.00    3150.00  2.962149883846328E-10  1.169407771951286E-11 287338
 158    3150.00    3170.00  2.619718490828103E-10  8.547538575253291E-12 277681
 159    3170.00    3190.00  2.320531112553484E-10  7.490057172874499E-12 266838
 160    3190.00    3210.00  2.358511210713253E-10  1.776513110317927E-11 257927
 161    3210.00    3230.00  1.933687724410321E-10  8.066923070912630E-12 248839
 162    3230.00    3250.00  1.764352562848967E-10  6.632799604310798E-12 240363
 163    3250.00    3270.00  1.514954469212498E-10  5.467664001192797E-12 231085
 164    3270.00    3290.00  1.510790340243122E-10  5.204356395824012E-12 222650
 165    3290.00    3310.00  1.160493780554174E-10  4.197819607107570E-12 214237
 166    3310.00    3330.00  1.118587354202205E-10  4.326871287440590E-12 206763
 167    3330.00    3350.00  1.000835036040616E-10  3.891076402223730E-12 199791
 168    3350.00    3370.00  9.429372274954234E-11  3.453540206466286E-12 192275
 169    3370.00    3390.00  8.567325231902289E-11  3.546028840827976E-12 185262
 170    3390.00    3410.00  7.401298550402355E-11  3.178321718431603E-12 178677
 171    3410.00    3430.00  6.706618078029421E-11  2.996771190512114E-12 172159
 172    3430.00    3450.00  6.580547345118886E-11  2.836028615070935E-12 165967
 173    3450.00    3470.00  5.587247598986822E-11  2.645244163031463E-12 159237
 174    3470.00    3490.00  5.222809632199581E-11  2.370264470333549E-12 154451
 175    3490.00    3510.00  4.674486257899166E-11  3.859711294070387E-12 149055
 176    3510.00    3530.00  4.216497379723565E-11  2.101728233626943E-12 144035
 177    3530.00    3550.00  3.789392179751781E-11  1.885715204214190E-12 138343
 178    3550.00    3570.00  3.493674810636862E-11  1.832949285734062E-12 133733
 179    3570.00    3590.00  2.999487915112498E-11  1.696387218070326E-12 128771
 180    3590.00    3610.00  2.946305744965969E-11  3.074734743224895E-12 124492
 181    3610.00    3630.00  2.305552565069698E-11  1.130331414568237E-12 119439
 182    3630.00    3650.00  1.839738061322720E-11  1.006306205539605E-12 114882
 183    3650.00    3670.00  1.943781343785645E-11  1.091552580539264E-12 111115
 184    3670.00    3690.00  1.615389819915432E-11  8.369756121295738E-13 107185
 185    3690.00    3710.00  1.552275256887845E-11  1.503469147207696E-12 102473
 186    3710.00    3730.00  1.222701409825221E-11  6.004247738581870E-13 98834
 187    3730.00    3750.00  1.128753122653489E-11  5.620493890706172E-13 94952
 188    3750.00    3770.00  1.033217441505450E-11  6.634617159259051E-13 91853
 189    3770.00    3790.00  8.915738646355950E-12  5.361664828216959E-13 87895
 190    3790.00    3810.00  7.559620425836369E-12  4.292392585371755E-13 84877
 191    3810.00    3830.00  6.794012935266806E-12  3.555252325703262E-13 81538
 192    3830.00    3850.00  6.931861746849650E-12  4.322283981920332E-13 78846
 193    3850.00    3870.00  6.083871237899934E-12  3.481762291417253E-13 75485
 194    3870.00    3890.00  5.229822082492088E-12  3.067452467503648E-13 73042
 195    3890.00    3910.00  4.339141850050001E-12  4.134547760140860E-13 70482
 196    3910.00    3930.00  4.141290454371228E-12  3.281572764372508E-13 67396
 197    3930.00    3950.00  3.730445635200510E-12  2.503502550494076E-13 64700
 198    3950.00    3970.00  2.948899994417834E-12  1.900424819044236E-13 62608
 199    3970.00    3990.00  2.955584697298683E-12  2.138868849038843E-13 60254
 200    3990.00    4010.00  2.147023160148965E-12  1.496653686665044E-13 57939
 201    4010.00    4030.00  2.216330017611555E-12  1.715752989809748E-13 55920
 202    4030.00    4050.00  1.915369359928756E-12  1.452896883910164E-13 53479
 203    4050.00    4070.00  1.660242087274777E-12  1.289273255992178E-13 51293
 204    4070.00    4090.00  1.609282104773396E-12  1.207307588034157E-13 49346
 205    4090.00    4110.00  1.488337820847081E-12  1.248792961640910E-13 47068
 206    4110.00    4130.00  1.300612540780444E-12  1.250197376704517E-13 45735
 207    4130.00    4150.00  1.147394838263753E-12  9.126426230272796E-14 43877
 208    4150.00    4170.00  8.672682499343998E-13  7.980634987543238E-14 41857
 209    4170.00    4190.00  7.673364809630727E-13  6.581715957520571E-14 40080
 210    4190.00    4210.00  6.499817432283528E-13  5.348647591038992E-14 38406
 211    4210.00    4230.00  6.939379429353998E-13  6.678614377464374E-14 37053
 212    4230.00    4250.00  4.721596917015108E-13  4.248390549944992E-14 35380
 213    4250.00    4270.00  3.585425364132084E-13  3.181905027397135E-14 34077
 214    4270.00    4290.00  4.468291596567778E-13  5.205341804936928E-14 32527
 215    4290.00    4310.00  3.374556883506647E-13  3.273804318675487E-14 31318
 216    4310.00    4330.00  3.106730266532470E-13  3.633670310952458E-14 29901
 217    4330.00    4350.00  3.993057965183348E-13  1.384614273600593E-13 28651
 218    4350.00    4370.00  2.397259299022876E-13  3.128987042860093E-14 27496
 219    4370.00    4390.00  2.027219732547131E-13  2.252655891286983E-14 26243
 220    4390.00    4410.00  1.820396981616453E-13  1.826332948979639E-14 25225
 221    4410.00    4430.00  1.289473377147447E-13  1.268029031364381E-14 24317
 222    4430.00    4450.00  1.489353757373589E-13  1.660920632280006E-14 22953
 223    4450.00    4470.00  9.726164453347193E-14  1.374661597872985E-14 22124
 224    4470.00    4490.00  1.231009780716346E-13  1.965451069317770E-14 21133
 225    4490.00    4510.00  8.311682483633209E-14  9.408397953779997E-15 20121
 226    4510.00    4530.00  8.122744840547812E-14  1.076508019822481E-14 19183
 227    4530.00    4550.00  6.151916175310159E-14  6.651211814361551E-15 18316
 228    4550.00    4570.00  4.411274372944127E-14  5.424112544185621E-15 17660
 229    4570.00    4590.00  5.108955566609014E-14  5.749108981556748E-15 17001
 230    4590.00    4610.00  4.185757644070662E-14  6.608469580972461E-15 16288
 231    4610.00    4630.00  3.273396060801838E-14  5.180167546648253E-15 15198
 232    4630.00    4650.00  3.440929811703476E-14  4.637141010326472E-15 14872
 233    4650.00    4670.00  1.937085206063162E-14  1.881927809720429E-15 14062
 234    4670.00    4690.00  2.282458647025398E-14  2.881150984025334E-15 13401
 235    4690.00    4710.00  1.976123446123452E-14  3.237157865881244E-15 12488
 236    4710.00    4730.00  1.194434589605316E-14  1.624400304367186E-15 12119
 237    4730.00    4750.00  1.776887046123783E-14  3.946244936890826E-15 11407
 238    4750.00    4770.00  7.598366535257466E-15  9.283546059150910E-16 10943
 239    4770.00    4790.00  8.283685394432576E-15  1.012529897251897E-15 10365
 240    4790.00    4810.00  7.903311191963552E-15  1.294736407771475E-15 9852
 241    4810.00    4830.00  6.312387809866713E-15  9.215431943869293E-16 9401
 242    4830.00    4850.00  4.574899150028012E-15  7.460537479658039E-16 8947
 243    4850.00    4870.00  3.630947011707809E-15  5.412718545655011E-16 8476
 244    4870.00    4890.00  3.508854729312401E-15  6.424514457331821E-16 8024
 245    4890.00    4910.00  2.982927767133424E-15  4.631020913441415E-16 7521
 246    4910.00    4930.00  2.424937862418183E-15  5.099648437129282E-16 7217
 247    4930.00    4950.00  2.415454331380615E-15  5.165806558439184E-16 6777
 248    4950.00    4970.00  2.088246777603112E-15  3.753715855216384E-16 6412
 249    4970.00    4990.00  1.034277298620827E-15  2.376170100527857E-16 6033
 250    4990.00    5010.00  7.657114128883359E-16  2.152713379551471E-16 5769
 251    5010.00    5030.00  8.215072731824644E-16  1.475279360586770E-16 5356
 252    5030.00    5050.00  8.986431240790423E-16  1.959891696211426E-16 5055
 253    5050.00    5070.00  6.792702221326223E-16  1.234150104617709E-16 4721
 254    5070.00    5090.00  4.183502983460058E-16  8.120689870429980E-17 4446
 255    5090.00    5110.00  3.558920289717211E-16  8.236106019706674E-17 4285
 256    5110.00    5130.00  2.539718313138551E-16  5.715008159661960E-17 4025
 257    5130.00    5150.00  4.345175809188013E-16  1.546925676803390E-16 3865
 258    5150.00    5170.00  1.630230304737712E-16  3.436071736676508E-17 3571
 259    5170.00    5190.00  1.463109581701819E-16  2.185548002766115E-17 3364
 260    5190.00    5210.00  1.802622828831724E-16  4.628408636257989E-17 3076
 261    5210.00    5230.00  9.106332700009527E-17  2.914462971743569E-17 2949
 262    5230.00    5250.00  9.707627747021208E-17  2.115630154697733E-17 2701
 263    5250.00    5270.00  8.369387454987687E-17  2.281405551555046E-17 2553
 264    5270.00    5290.00  6.697061871927050E-17  2.170987302438391E-17 2464
 265    5290.00    5310.00  8.321981910919674E-17  3.024714357383765E-17 2289
 266    5310.00    5330.00  6.095771614761355E-17  4.721920578243252E-17 1991
 267    5330.00    5350.00  2.602339430186486E-17  9.118986237020528E-18 1973
 268    5350.00    5370.00  2.266989350159920E-17  6.818566867562945E-18 1704
 269    5370.00    5390.00  1.778731362790851E-17  3.886844012201533E-18 1663
 270    5390.00    5410.00  1.381729418979148E-17  5.202001113541385E-18 1560
 271    5410.00    5430.00  3.053310817508336E-18  2.470622109742500E-18 1423
 272    5430.00    5450.00  1.579940780665655E-17  7.852306602016384E-18 1294
 273    5450.00    5470.00  1.063867666695567E-17  4.572530082827019E-18 1215
 274    5470.00    5490.00  4.055808011715700E-18  1.717085518403914E-18 1056
 275    5490.00    5510.00  3.134872807528271E-18  1.934165785866306E-18 999
 276    5510.00    5530.00  4.309371450780913E-19  9.559909190695294E-19 956
 277    5530.00    5550.00  3.886416306818091E-19  9.509274362534153E-19 879
 278    5550.00    5570.00  1.222459285390903E-18  1.223470005209631E-18 767
 279    5570.00    5590.00  9.654165038248791E-19  1.010254359624528E-18 690
 280    5590.00    5610.00  8.653911753155201E-19  7.672096039751077E-19 661
 281    5610.00    5630.00 -7.716557457608590E-19  7.870285412302310E-19 643
 282    5630.00    5650.00 -4.967177974747513E-19  2.800846499563975E-19 554
 283    5650.00    5670.00  4.057064661395594E-20  1.912473246126501E-19 485
 284    5670.00    5690.00  5.953544824185309E-19  3.384058536131019E-19 453
 285    5690.00    5710.00  6.268415852735323E-20  1.703496797174458E-19 395
 286    5710.00    5730.00 -2.544382847520533E-19  1.492995892644831E-19 345
 287    5730.00    5750.00 -8.362729830544882E-20  6.445641991858754E-20 307
 288    5750.00    5770.00  7.326903768236086E-22  7.703058721797642E-20 276
 289    5770.00    5790.00  8.488064581749011E-20  7.142459594381335E-20 235
 290    5790.00    5810.00  1.765207781855779E-20  4.335390459182333E-20 221
 291    5810.00    5830.00  4.308755120516687E-20  8.140225764253986E-20 169
 292    5830.00    5850.00  6.805007557535651E-20  4.195494481135942E-20 144
 293    5850.00    5870.00  3.052983179775165E-20  4.833950556055064E-20 123
 294    5870.00    5890.00 -1.524335024736105E-20  1.733739364771303E-20 131
 295    5890.00    5910.00  1.908323376936125E-20  2.210933623369015E-20 97
 296    5910.00    5930.00 -4.154228894983059E-21  2.030939398782810E-20 88
 297    5930.00    5950.00 -4.955105199451164E-21  2.172414187119114E-21 70
 298    5950.00    5970.00 -6.151521848767408E-21  8.564225973975564E-21 71
 299    5970.00    5990.00  1.523782168173733E-21  4.568769216433468E-21 45
 300    5990.00    6010.00 -6.128076936086904E-21  4.599051497948542E-21 50
 301    6010.00    6030.00  2.980250645573334E-21  3.138748277158358E-21 34
 302    6030.00    6050.00 -5.776488113245567E-22  3.968529166268681E-22 28
 303    6050.00    6070.00  6.627303655634751E-23  1.093101567879440E-22 29
 304    6070.00    6090.00  1.320814548887359E-21  1.168905389090230E-21 23
 305    6090.00    6110.00 -4.192231146199942E-22  4.291750925403882E-22 11
 306    6110.00    6130.00 -1.350976371008760E-23  1.430080700476929E-23 4
 307    6130.00    6150.00 -5.222699199505802E-23  5.814674416085040E-23 4
 308    6150.00    6170.00  1.227747426793086E-23  1.174651481611112E-23 4
 309    6170.00    6190.00  2.153252727900963E-24  5.757015494296199E-24 4
 310    6190.00    6210.00 -6.022784783875134E-24  4.250850571511683E-24 5
 311    6210.00    6230.00  4.222514419248900E-25  4.620257355894312E-25 2
 312    6230.00    6250.00  0.000000000000000E+00  0.000000000000000E+00 0
 313    6250.00    6270.00  0.000000000000000E+00  0.000000000000000E+00 0
 314    6270.00    6290.00  0.000000000000000E+00  0.000000000000000E+00 0
 315    6290.00    6310.00  0.000000000000000E+00  0.000000000000000E+00 0
 316    6310.00    6330.00  0.000000000000000E+00  0.000000000000000E+00 0
 317    6330.00    6350.00  0.000000000000000E+00  0.000000000000000E+00 0
 318    6350.00    6370.00  0.000000000000000E+00  0.000000000000000E+00 0
 319    6370.00    6390.00  0.000000000000000E+00  0.000000000000000E+00 0
 320    6390.00    6410.00  0.000000000000000E+00  0.000000000000000E+00 0
 321    6410.00    6430.00  0.000000000000000E+00  0.000000000000000E+00 0
 322    6430.00    6450.00  0.000000000000000E+00  0.000000000000000E+00 0
 323    6450.00    6470.00  0.000000000000000E+00  0.000000000000000E+00 0
 324    6470.00    6490.00  0.000000000000000E+00  0.000000000000000E+00 0
 325    6490.00    6510.00  0.000000000000000E+00  0.000000000000000E+00 0
 326    6510.00    6530.00  0.000000000000000E+00  0.000000000000000E+00 0
 327    6530.00    6550.00  0.000000000000000E+00  0.000000000000000E+00 0
 328    6550.00    6570.00  0.000000000000000E+00  0.000000000000000E+00 0
 329    6570.00    6590.00  0.000000000000000E+00  0.000000000000000E+00 0
 330    6590.00    6610.00  0.000000000000000E+00  0.000000000000000E+00 0
 331    6610.00    6630.00  0.000000000000000E+00  0.000000000000000E+00 0
 332    6630.00    6650.00  0.000000000000000E+00  0.000000000000000E+00 0
 333    6650.00    6670.00  0.000000000000000E+00  0.000000000000000E+00 0
 334    6670.00    6690.00  0.000000000000000E+00  0.000000000000000E+00 0
 335    6690.00    6710.00  0.000000000000000E+00  0.000000000000000E+00 0
 336    6710.00    6730.00  0.000000000000000E+00  0.000000000000000E+00 0
 337    6730.00    6750.00  0.000000000000000E+00  0.000000000000000E+00 0
 338    6750.00    6770.00  0.000000000000000E+00  0.000000000000000E+00 0
 339    6770.00    6790.00  0.000000000000000E+00  0.000000000000000E+00 0
 340    6790.00    6810.00  0.000000000000000E+00  0.000000000000000E+00 0
 341    6810.00    6830.00  0.000000000000000E+00  0.000000000000000E+00 0
 342    6830.00    6850.00  0.000000000000000E+00  0.000000000000000E+00 0
 343    6850.00    6870.00  0.000000000000000E+00  0.000000000000000E+00 0
 344    6870.00    6890.00  0.000000000000000E+00  0.000000000000000E+00 0
 345    6890.00    6910.00  0.000000000000000E+00  0.000000000000000E+00 0
 346    6910.00    6930.00  0.000000000000000E+00  0.000000000000000E+00 0
 347    6930.00    6950.00  0.000000000000000E+00  0.000000000000000E+00 0
 348    6950.00    6970.00  0.000000000000000E+00  0.000000000000000E+00 0
 349    6970.00    6990.00  0.000000000000000E+00  0.000000000000000E+00 0
 350    6990.00    7010.00  0.000000000000000E+00  0.000000000000000E+00 0
 351    7010.00    7030.00  0.000000000000000E+00  0.000000000000000E+00 0
 352    7030.00    7050.00  0.000000000000000E+00  0.000000000000000E+00 0
 353    7050.00    7070.00  0.000000000000000E+00  0.000000000000000E+00 0
 354    7070.00    7090.00  0.000000000000000E+00  0.000000000000000E+00 0
 355    7090.00    7110.00  0.000000000000000E+00  0.000000000000000E+00 0
 356    7110.00    7130.00  0.000000000000000E+00  0.000000000000000E+00 0
 357    7130.00    7150.00  0.000000000000000E+00  0.000000000000000E+00 0
 358    7150.00    7170.00  0.000000000000000E+00  0.000000000000000E+00 0
 359    7170.00    7190.00  0.000000000000000E+00  0.000000000000000E+00 0
 360    7190.00    7210.00  0.000000000000000E+00  0.000000000000000E+00 0
 361    7210.00    7230.00  0.000000000000000E+00  0.000000000000000E+00 0
 362    7230.00    7250.00  0.000000000000000E+00  0.000000000000000E+00 0
 363    7250.00    7270.00  0.000000000000000E+00  0.000000000000000E+00 0
 364    7270.00    7290.00  0.000000000000000E+00  0.000000000000000E+00 0
 365    7290.00    7310.00  0.000000000000000E+00  0.000000000000000E+00 0
 366    7310.00    7330.00  0.000000000000000E+00  0.000000000000000E+00 0
 367    7330.00    7350.00  0.000000000000000E+00  0.000000000000000E+00 0
 368    7350.00    7370.00  0.000000000000000E+00  0.000000000000000E+00 0
 369    7370.00    7390.00  0.000000000000000E+00  0.000000000000000E+00 0
 370    7390.00    7410.00  0.000000000000000E+00  0.000000000000000E+00 0
 371    7410.00    7430.00  0.000000000000000E+00  0.000000000000000E+00 0
 372    7430.00    7450.00  0.000000000000000E+00  0.000000000000000E+00 0
 373    7450.00    7470.00  0.000000000000000E+00  0.000000000000000E+00 0
 374    7470.00    7490.00  0.000000000000000E+00  0.000000000000000E+00 0
 375    7490.00    7510.00  0.000000000000000E+00  0.000000000000000E+00 0
 376    7510.00    7530.00  0.000000000000000E+00  0.000000000000000E+00 0
 377    7530.00    7550.00  0.000000000000000E+00  0.000000000000000E+00 0
 378    7550.00    7570.00  0.000000000000000E+00  0.000000000000000E+00 0
 379    7570.00    7590.00  0.000000000000000E+00  0.000000000000000E+00 0
 380    7590.00    7610.00  0.000000000000000E+00  0.000000000000000E+00 0
 381    7610.00    7630.00  0.000000000000000E+00  0.000000000000000E+00 0
 382    7630.00    7650.00  0.000000000000000E+00  0.000000000000000E+00 0
 383    7650.00    7670.00  0.000000000000000E+00  0.000000000000000E+00 0
 384    7670.00    7690.00  0.000000000000000E+00  0.000000000000000E+00 0
 385    7690.00    7710.00  0.000000000000000E+00  0.000000000000000E+00 0
 386    7710.00    7730.00  0.000000000000000E+00  0.000000000000000E+00 0
 387    7730.00    7750.00  0.000000000000000E+00  0.000000000000000E+00 0
 388    7750.00    7770.00  0.000000000000000E+00  0.000000000000000E+00 0
 389    7770.00    7790.00  0.000000000000000E+00  0.000000000000000E+00 0
 390    7790.00    7810.00  0.000000000000000E+00  0.000000000000000E+00 0
 391    7810.00    7830.00  0.000000000000000E+00  0.000000000000000E+00 0
 392    7830.00    7850.00  0.000000000000000E+00  0.000000000000000E+00 0
 393    7850.00    7870.00  0.000000000000000E+00  0.000000000000000E+00 0
 394    7870.00    7890.00  0.000000000000000E+00  0.000000000000000E+00 0
 395    7890.00    7910.00  0.000000000000000E+00  0.000000000000000E+00 0
 396    7910.00    7930.00  0.000000000000000E+00  0.000000000000000E+00 0
 397    7930.00    7950.00  0.000000000000000E+00  0.000000000000000E+00 0
 398    7950.00    7970.00  0.000000000000000E+00  0.000000000000000E+00 0
 399    7970.00    7990.00  0.000000000000000E+00  0.000000000000000E+00 0
 400    7990.00    8010.00  0.000000000000000E+00  0.000000000000000E+00 0
 401    8010.00    8030.00  0.000000000000000E+00  0.000000000000000E+00 0
 402    8030.00    8050.00  0.000000000000000E+00  0.000000000000000E+00 0
 403    8050.00    8070.00  0.000000000000000E+00  0.000000000000000E+00 0
 404    8070.00    8090.00  0.000000000000000E+00  0.000000000000000E+00 0
 405    8090.00    8110.00  0.000000000000000E+00  0.000000000000000E+00 0
 406    8110.00    8130.00  0.000000000000000E+00  0.000000000000000E+00 0
 407    8130.00    8150.00  0.000000000000000E+00  0.000000000000000E+00 0
 408    8150.00    8170.00  0.000000000000000E+00  0.000000000000000E+00 0
 409    8170.00    8190.00  0.000000000000000E+00  0.000000000000000E+00 0
 410    8190.00    8210.00  0.000000000000000E+00  0.000000000000000E+00 0
 411    8210.00    8230.00  0.000000000000000E+00  0.000000000000000E+00 0
 412    8230.00    8250.00  0.000000000000000E+00  0.000000000000000E+00 0
 413    8250.00    8270.00  0.000000000000000E+00  0.000000000000000E+00 0
 414    8270.00    8290.00  0.000000000000000E+00  0.000000000000000E+00 0
 415    8290.00    8310.00  0.000000000000000E+00  0.000000000000000E+00 0
 416    8310.00    8330.00  0.000000000000000E+00  0.000000000000000E+00 0
 417    8330.00    8350.00  0.000000000000000E+00  0.000000000000000E+00 0
 418    8350.00    8370.00  0.000000000000000E+00  0.000000000000000E+00 0
 419    8370.00    8390.00  0.000000000000000E+00  0.000000000000000E+00 0
 420    8390.00    8410.00  0.000000000000000E+00  0.000000000000000E+00 0
 421    8410.00    8430.00  0.000000000000000E+00  0.000000000000000E+00 0
 422    8430.00    8450.00  0.000000000000000E+00  0.000000000000000E+00 0
 423    8450.00    8470.00  0.000000000000000E+00  0.000000000000000E+00 0
 424    8470.00    8490.00  0.000000000000000E+00  0.000000000000000E+00 0
 425    8490.00    8510.00  0.000000000000000E+00  0.000000000000000E+00 0
 426    8510.00    8530.00  0.000000000000000E+00  0.000000000000000E+00 0
 427    8530.00    8550.00  0.000000000000000E+00  0.000000000000000E+00 0
 428    8550.00    8570.00  0.000000000000000E+00  0.000000000000000E+00 0
 429    8570.00    8590.00  0.000000000000000E+00  0.000000000000000E+00 0
 430    8590.00    8610.00  0.000000000000000E+00  0.000000000000000E+00 0
 431    8610.00    8630.00  0.000000000000000E+00  0.000000000000000E+00 0
 432    8630.00    8650.00  0.000000000000000E+00  0.000000000000000E+00 0
 433    8650.00    8670.00  0.000000000000000E+00  0.000000000000000E+00 0
 434    8670.00    8690.00  0.000000000000000E+00  0.000000000000000E+00 0
 435    8690.00    8710.00  0.000000000000000E+00  0.000000000000000E+00 0
 436    8710.00    8730.00  0.000000000000000E+00  0.000000000000000E+00 0
 437    8730.00    8750.00  0.000000000000000E+00  0.000000000000000E+00 0
 438    8750.00    8770.00  0.000000000000000E+00  0.000000000000000E+00 0
 439    8770.00    8790.00  0.000000000000000E+00  0.000000000000000E+00 0
 440    8790.00    8810.00  0.000000000000000E+00  0.000000000000000E+00 0
 441    8810.00    8830.00  0.000000000000000E+00  0.000000000000000E+00 0
 442    8830.00    8850.00  0.000000000000000E+00  0.000000000000000E+00 0
 443    8850.00    8870.00  0.000000000000000E+00  0.000000000000000E+00 0
 444    8870.00    8890.00  0.000000000000000E+00  0.000000000000000E+00 0
 445    8890.00    8910.00  0.000000000000000E+00  0.000000000000000E+00 0
 446    8910.00    8930.00  0.000000000000000E+00  0.000000000000000E+00 0
 447    8930.00    8950.00  0.000000000000000E+00  0.000000000000000E+00 0
 448    8950.00    8970.00  0.000000000000000E+00  0.000000000000000E+00 0
 449    8970.00    8990.00  0.000000000000000E+00  0.000000000000000E+00 0
 450    8990.00    9010.00  0.000000000000000E+00  0.000000000000000E+00 0
 451    9010.00    9030.00  0.000000000000000E+00  0.000000000000000E+00 0
 452    9030.00    9050.00  0.000000000000000E+00  0.000000000000000E+00 0
 453    9050.00    9070.00  0.000000000000000E+00  0.000000000000000E+00 0
 454    9070.00    9090.00  0.000000000000000E+00  0.000000000000000E+00 0
 455    9090.00    9110.00  0.000000000000000E+00  0.000000000000000E+00 0
 456    9110.00    9130.00  0.000000000000000E+00  0.000000000000000E+00 0
 457    9130.00    9150.00  0.000000000000000E+00  0.000000000000000E+00 0
 458    9150.00    9170.00  0.000000000000000E+00  0.000000000000000E+00 0
 459    9170.00    9190.00  0.000000000000000E+00  0.000000000000000E+00 0
 460    9190.00    9210.00  0.000000000000000E+00  0.000000000000000E+00 0
 461    9210.00    9230.00  0.000000000000000E+00  0.000000000000000E+00 0
 462    9230.00    9250.00  0.000000000000000E+00  0.000000000000000E+00 0
 463    9250.00    9270.00  0.000000000000000E+00  0.000000000000000E+00 0
 464    9270.00    9290.00  0.000000000000000E+00  0.000000000000000E+00 0
 465    9290.00    9310.00  0.000000000000000E+00  0.000000000000000E+00 0
 466    9310.00    9330.00  0.000000000000000E+00  0.000000000000000E+00 0
 467    9330.00    9350.00  0.000000000000000E+00  0.000000000000000E+00 0
 468    9350.00    9370.00  0.000000000000000E+00  0.000000000000000E+00 0
 469    9370.00    9390.00  0.000000000000000E+00  0.000000000000000E+00 0
 470    9390.00    9410.00  0.000000000000000E+00  0.000000000000000E+00 0
 471    9410.00    9430.00  0.000000000000000E+00  0.000000000000000E+00 0
 472    9430.00    9450.00  0.000000000000000E+00  0.000000000000000E+00 0
 473    9450.00    9470.00  0.000000000000000E+00  0.000000000000000E+00 0
 474    9470.00    9490.00  0.000000000000000E+00  0.000000000000000E+00 0
 475    9490.00    9510.00  0.000000000000000E+00  0.000000000000000E+00 0
 476    9510.00    9530.00  0.000000000000000E+00  0.000000000000000E+00 0
 477    9530.00    9550.00  0.000000000000000E+00  0.000000000000000E+00 0
 478    9550.00    9570.00  0.000000000000000E+00  0.000000000000000E+00 0
 479    9570.00    9590.00  0.000000000000000E+00  0.000000000000000E+00 0
 480    9590.00    9610.00  0.000000000000000E+00  0.000000000000000E+00 0
 481    9610.00    9630.00  0.000000000000000E+00  0.000000000000000E+00 0
 482    9630.00    9650.00  0.000000000000000E+00  0.000000000000000E+00 0
 483    9650.00    9670.00  0.000000000000000E+00  0.000000000000000E+00 0
 484    9670.00    9690.00  0.000000000000000E+00  0.000000000000000E+00 0
 485    9690.00    9710.00  0.000000000000000E+00  0.000000000000000E+00 0
 486    9710.00    9730.00  0.000000000000000E+00  0.000000000000000E+00 0
 487    9730.00    9750.00  0.000000000000000E+00  0.000000000000000E+00 0
 488    9750.00    9770.00  0.000000000000000E+00  0.000000000000000E+00 0
 489    9770.00    9790.00  0.000000000000000E+00  0.000000000000000E+00 0
 490    9790.00    9810.00  0.000000000000000E+00  0.000000000000000E+00 0
 491    9810.00    9830.00  0.000000000000000E+00  0.000000000000000E+00 0
 492    9830.00    9850.00  0.000000000000000E+00  0.000000000000000E+00 0
 493    9850.00    9870.00  0.000000000000000E+00  0.000000000000000E+00 0
 494    9870.00    9890.00  0.000000000000000E+00  0.000000000000000E+00 0
 495    9890.00    9910.00  0.000000000000000E+00  0.000000000000000E+00 0
 496    9910.00    9930.00  0.000000000000000E+00  0.000000000000000E+00 0
 497    9930.00    9950.00  0.000000000000000E+00  0.000000000000000E+00 0
 498    9950.00    9970.00  0.000000000000000E+00  0.000000000000000E+00 0
 499    9970.00    9990.00  0.000000000000000E+00  0.000000000000000E+00 0
 500    9990.00   10010.00  0.000000000000000E+00  0.000000000000000E+00 0
 501   10010.00   10030.00  0.000000000000000E+00  0.000000000000000E+00 0
 502   10030.00   10050.00  0.000000000000000E+00  0.000000000000000E+00 0
 503   10050.00   10070.00  0.000000000000000E+00  0.000000000000000E+00 0
 504   10070.00   10090.00  0.000000000000000E+00  0.000000000000000E+00 0
 505   10090.00   10110.00  0.000000000000000E+00  0.000000000000000E+00 0
 506   10110.00   10130.00  0.000000000000000E+00  0.000000000000000E+00 0
 507   10130.00   10150.00  0.000000000000000E+00  0.000000000000000E+00 0
 508   10150.00   10170.00  0.000000000000000E+00  0.000000000000000E+00 0
 509   10170.00   10190.00  0.000000000000000E+00  0.000000000000000E+00 0
 510   10190.00   10210.00  0.000000000000000E+00  0.000000000000000E+00 0
 511   10210.00   10230.00  0.000000000000000E+00  0.000000000000000E+00 0
 512   10230.00   10250.00  0.000000000000000E+00  0.000000000000000E+00 0
 513   10250.00   10270.00  0.000000000000000E+00  0.000000000000000E+00 0
 514   10270.00   10290.00  0.000000000000000E+00  0.000000000000000E+00 0
 515   10290.00   10310.00  0.000000000000000E+00  0.000000000000000E+00 0
 516   10310.00   10330.00  0.000000000000000E+00  0.000000000000000E+00 0
 517   10330.00   10350.00  0.000000000000000E+00  0.000000000000000E+00 0
 518   10350.00   10370.00  0.000000000000000E+00  0.000000000000000E+00 0
 519   10370.00   10390.00  0.000000000000000E+00  0.000000000000000E+00 0
 520   10390.00   10410.00  0.000000000000000E+00  0.000000000000000E+00 0
 521   10410.00   10430.00  0.000000000000000E+00  0.000000000000000E+00 0
 522   10430.00   10450.00  0.000000000000000E+00  0.000000000000000E+00 0
 523   10450.00   10470.00  0.000000000000000E+00  0.000000000000000E+00 0
 524   10470.00   10490.00  0.000000000000000E+00  0.000000000000000E+00 0
 525   10490.00   10510.00  0.000000000000000E+00  0.000000000000000E+00 0
 526   10510.00   10530.00  0.000000000000000E+00  0.000000000000000E+00 0
 527   10530.00   10550.00  0.000000000000000E+00  0.000000000000000E+00 0
 528   10550.00   10570.00  0.000000000000000E+00  0.000000000000000E+00 0
 529   10570.00   10590.00  0.000000000000000E+00  0.000000000000000E+00 0
 530   10590.00   10610.00  0.000000000000000E+00  0.000000000000000E+00 0
 531   10610.00   10630.00  0.000000000000000E+00  0.000000000000000E+00 0
 532   10630.00   10650.00  0.000000000000000E+00  0.000000000000000E+00 0
 533   10650.00   10670.00  0.000000000000000E+00  0.000000000000000E+00 0
 534   10670.00   10690.00  0.000000000000000E+00  0.000000000000000E+00 0
 535   10690.00   10710.00  0.000000000000000E+00  0.000000000000000E+00 0
 536   10710.00   10730.00  0.000000000000000E+00  0.000000000000000E+00 0
 537   10730.00   10750.00  0.000000000000000E+00  0.000000000000000E+00 0
 538   10750.00   10770.00  0.000000000000000E+00  0.000000000000000E+00 0
 539   10770.00   10790.00  0.000000000000000E+00  0.000000000000000E+00 0
 540   10790.00   10810.00  0.000000000000000E+00  0.000000000000000E+00 0
 541   10810.00   10830.00  0.000000000000000E+00  0.000000000000000E+00 0
 542   10830.00   10850.00  0.000000000000000E+00  0.000000000000000E+00 0
 543   10850.00   10870.00  0.000000000000000E+00  0.000000000000000E+00 0
 544   10870.00   10890.00  0.000000000000000E+00  0.000000000000000E+00 0
 545   10890.00   10910.00  0.000000000000000E+00  0.000000000000000E+00 0
 546   10910.00   10930.00  0.000000000000000E+00  0.000000000000000E+00 0
 547   10930.00   10950.00  0.000000000000000E+00  0.000000000000000E+00 0
 548   10950.00   10970.00  0.000000000000000E+00  0.000000000000000E+00 0
 549   10970.00   10990.00  0.000000000000000E+00  0.000000000000000E+00 0
 550   10990.00   11010.00  0.000000000000000E+00  0.000000000000000E+00 0
 551   11010.00   11030.00  0.000000000000000E+00  0.000000000000000E+00 0
 552   11030.00   11050.00  0.000000000000000E+00  0.000000000000000E+00 0
 553   11050.00   11070.00  0.000000000000000E+00  0.000000000000000E+00 0
 554   11070.00   11090.00  0.000000000000000E+00  0.000000000000000E+00 0
 555   11090.00   11110.00  0.000000000000000E+00  0.000000000000000E+00 0
 556   11110.00   11130.00  0.000000000000000E+00  0.000000000000000E+00 0
 557   11130.00   11150.00  0.000000000000000E+00  0.000000000000000E+00 0
 558   11150.00   11170.00  0.000000000000000E+00  0.000000000000000E+00 0
 559   11170.00   11190.00  0.000000000000000E+00  0.000000000000000E+00 0
 560   11190.00   11210.00  0.000000000000000E+00  0.000000000000000E+00 0
 561   11210.00   11230.00  0.000000000000000E+00  0.000000000000000E+00 0
 562   11230.00   11250.00  0.000000000000000E+00  0.000000000000000E+00 0
 563   11250.00   11270.00  0.000000000000000E+00  0.000000000000000E+00 0
 564   11270.00   11290.00  0.000000000000000E+00  0.000000000000000E+00 0
 565   11290.00   11310.00  0.000000000000000E+00  0.000000000000000E+00 0
 566   11310.00   11330.00  0.000000000000000E+00  0.000000000000000E+00 0
 567   11330.00   11350.00  0.000000000000000E+00  0.000000000000000E+00 0
 568   11350.00   11370.00  0.000000000000000E+00  0.000000000000000E+00 0
 569   11370.00   11390.00  0.000000000000000E+00  0.000000000000000E+00 0
 570   11390.00   11410.00  0.000000000000000E+00  0.000000000000000E+00 0
 571   11410.00   11430.00  0.000000000000000E+00  0.000000000000000E+00 0
 572   11430.00   11450.00  0.000000000000000E+00  0.000000000000000E+00 0
 573   11450.00   11470.00  0.000000000000000E+00  0.000000000000000E+00 0
 574   11470.00   11490.00  0.000000000000000E+00  0.000000000000000E+00 0
 575   11490.00   11510.00  0.000000000000000E+00  0.000000000000000E+00 0
 576   11510.00   11530.00  0.000000000000000E+00  0.000000000000000E+00 0
 577   11530.00   11550.00  0.000000000000000E+00  0.000000000000000E+00 0
 578   11550.00   11570.00  0.000000000000000E+00  0.000000000000000E+00 0
 579   11570.00   11590.00  0.000000000000000E+00  0.000000000000000E+00 0
 580   11590.00   11610.00  0.000000000000000E+00  0.000000000000000E+00 0
 581   11610.00   11630.00  0.000000000000000E+00  0.000000000000000E+00 0
 582   11630.00   11650.00  0.000000000000000E+00  0.000000000000000E+00 0
 583   11650.00   11670.00  0.000000000000000E+00  0.000000000000000E+00 0
 584   11670.00   11690.00  0.000000000000000E+00  0.000000000000000E+00 0
 585   11690.00   11710.00  0.000000000000000E+00  0.000000000000000E+00 0
 586   11710.00   11730.00  0.000000000000000E+00  0.000000000000000E+00 0
 587   11730.00   11750.00  0.000000000000000E+00  0.000000000000000E+00 0
 588   11750.00   11770.00  0.000000000000000E+00  0.000000000000000E+00 0
 589   11770.00   11790.00  0.000000000000000E+00  0.000000000000000E+00 0
 590   11790.00   11810.00  0.000000000000000E+00  0.000000000000000E+00 0
 591   11810.00   11830.00  0.000000000000000E+00  0.000000000000000E+00 0
 592   11830.00   11850.00  0.000000000000000E+00  0.000000000000000E+00 0
 593   11850.00   11870.00  0.000000000000000E+00  0.000000000000000E+00 0
 594   11870.00   11890.00  0.000000000000000E+00  0.000000000000000E+00 0
 595   11890.00   11910.00  0.000000000000000E+00  0.000000000000000E+00 0
 596   11910.00   11930.00  0.000000000000000E+00  0.000000000000000E+00 0
 597   11930.00   11950.00  0.000000000000000E+00  0.000000000000000E+00 0
 598   11950.00   11970.00  0.000000000000000E+00  0.000000000000000E+00 0
 599   11970.00   11990.00  0.000000000000000E+00  0.000000000000000E+00 0
 600   11990.00   12010.00  0.000000000000000E+00  0.000000000000000E+00 0
 601   12010.00   12030.00  0.000000000000000E+00  0.000000000000000E+00 0
 602   12030.00   12050.00  0.000000000000000E+00  0.000000000000000E+00 0
 603   12050.00   12070.00  0.000000000000000E+00  0.000000000000000E+00 0
 604   12070.00   12090.00  0.000000000000000E+00  0.000000000000000E+00 0
 605   12090.00   12110.00  0.000000000000000E+00  0.000000000000000E+00 0
 606   12110.00   12130.00  0.000000000000000E+00  0.000000000000000E+00 0
 607   12130.00   12150.00  0.000000000000000E+00  0.000000000000000E+00 0
 608   12150.00   12170.00  0.000000000000000E+00  0.000000000000000E+00 0
 609   12170.00   12190.00  0.000000000000000E+00  0.000000000000000E+00 0
 610   12190.00   12210.00  0.000000000000000E+00  0.000000000000000E+00 0
 611   12210.00   12230.00  0.000000000000000E+00  0.000000000000000E+00 0
 612   12230.00   12250.00  0.000000000000000E+00  0.000000000000000E+00 0
 613   12250.00   12270.00  0.000000000000000E+00  0.000000000000000E+00 0
 614   12270.00   12290.00  0.000000000000000E+00  0.000000000000000E+00 0
 615   12290.00   12310.00  0.000000000000000E+00  0.000000000000000E+00 0
 616   12310.00   12330.00  0.000000000000000E+00  0.000000000000000E+00 0
 617   12330.00   12350.00  0.000000000000000E+00  0.000000000000000E+00 0
 618   12350.00   12370.00  0.000000000000000E+00  0.000000000000000E+00 0
 619   12370.00   12390.00  0.000000000000000E+00  0.000000000000000E+00 0
 620   12390.00   12410.00  0.000000000000000E+00  0.000000000000000E+00 0
 621   12410.00   12430.00  0.000000000000000E+00  0.000000000000000E+00 0
 622   12430.00   12450.00  0.000000000000000E+00  0.000000000000000E+00 0
 623   12450.00   12470.00  0.000000000000000E+00  0.000000000000000E+00 0
 624   12470.00   12490.00  0.000000000000000E+00  0.000000000000000E+00 0
 625   12490.00   12510.00  0.000000000000000E+00  0.000000000000000E+00 0
 626   12510.00   12530.00  0.000000000000000E+00  0.000000000000000E+00 0
 627   12530.00   12550.00  0.000000000000000E+00  0.000000000000000E+00 0
 628   12550.00   12570.00  0.000000000000000E+00  0.000000000000000E+00 0
 629   12570.00   12590.00  0.000000000000000E+00  0.000000000000000E+00 0
 630   12590.00   12610.00  0.000000000000000E+00  0.000000000000000E+00 0
 631   12610.00   12630.00  0.000000000000000E+00  0.000000000000000E+00 0
 632   12630.00   12650.00  0.000000000000000E+00  0.000000000000000E+00 0
 633   12650.00   12670.00  0.000000000000000E+00  0.000000000000000E+00 0
 634   12670.00   12690.00  0.000000000000000E+00  0.000000000000000E+00 0
 635   12690.00   12710.00  0.000000000000000E+00  0.000000000000000E+00 0
 636   12710.00   12730.00  0.000000000000000E+00  0.000000000000000E+00 0
 637   12730.00   12750.00  0.000000000000000E+00  0.000000000000000E+00 0
 638   12750.00   12770.00  0.000000000000000E+00  0.000000000000000E+00 0
 639   12770.00   12790.00  0.000000000000000E+00  0.000000000000000E+00 0
 640   12790.00   12810.00  0.000000000000000E+00  0.000000000000000E+00 0
 641   12810.00   12830.00  0.000000000000000E+00  0.000000000000000E+00 0
 642   12830.00   12850.00  0.000000000000000E+00  0.000000000000000E+00 0
 643   12850.00   12870.00  0.000000000000000E+00  0.000000000000000E+00 0
 644   12870.00   12890.00  0.000000000000000E+00  0.000000000000000E+00 0
 645   12890.00   12910.00  0.000000000000000E+00  0.000000000000000E+00 0
 646   12910.00   12930.00  0.000000000000000E+00  0.000000000000000E+00 0
 647   12930.00   12950.00  0.000000000000000E+00  0.000000000000000E+00 0
 648   12950.00   12970.00  0.000000000000000E+00  0.000000000000000E+00 0
 649   12970.00   12990.00  0.000000000000000E+00  0.000000000000000E+00 0
 650   12990.00   13010.00  0.000000000000000E+00  0.000000000000000E+00 0
# Underflow:                 0.0000000000000000E+00  0.0000000000000000E+00 0
# Overflow:                  0.0000000000000000E+00  0.0000000000000000E+00 0
#-------------------------------------------------------------------------------------
# Sum:                       5.6305534675441249E-03  8.6558099744859502E-07 667479000
#=====================================================================================
