# title = Transverse Momentum Softer Jet
# xlabel = $p_{\text{T},\text{j}_2}\,$[GeV]
# ylabel = $\frac{\text{d}\sigma}{\text{d}p_{\text{T},\text{j}_2}}\,\left[\frac{\text{fb}}{\text{GeV}}\right]$
# xmin=  0.000E+00
# xmax=  8.000E+02
# ymin=  1.000E-06
# ymax=  2.000E-02
# kmin= -5.000E+01
# kmax=  1.000E+01
# logscale = true
# Renormalization and factorization scale scaled by: 1.0000000000
# Renormalization scaled by: .0000000000
# Number of generated events: 7531973577
#
#=====================================================================================
# No.       Left      Right                   Value                   Error Hits
#-------------------------------------------------------------------------------------
   1      10.00      30.00  0.000000000000000E+00  0.000000000000000E+00 0
   2      30.00      50.00  9.234782368176372E-03  2.442467746564217E-06 703009997
   3      50.00      70.00  1.207545925962331E-02  2.990072531219774E-06 778156366
   4      70.00      90.00  1.189762446925920E-02  2.980094613356944E-06 763696783
   5      90.00     110.00  1.015314763999361E-02  2.666257543346460E-06 698447427
   6     110.00     130.00  8.024096533658933E-03  2.277469698785693E-06 605041787
   7     130.00     150.00  6.077654798889081E-03  1.912389496943657E-06 497927426
   8     150.00     170.00  4.528839935335564E-03  1.600732863861615E-06 401160911
   9     170.00     190.00  3.379022174041009E-03  1.333706173468602E-06 325173006
  10     190.00     210.00  2.534070744876152E-03  1.115713727162988E-06 265788015
  11     210.00     230.00  1.914231361397139E-03  9.423996669302507E-07 219054086
  12     230.00     250.00  1.459003577179245E-03  7.993906845543787E-07 181907631
  13     250.00     270.00  1.120441599069704E-03  6.817639156858741E-07 152198407
  14     270.00     290.00  8.679311284224687E-04  5.868251987411911E-07 128248576
  15     290.00     310.00  6.771854680080667E-04  5.040248665071670E-07 108747876
  16     310.00     330.00  5.318315072106494E-04  4.390101935971189E-07 92765475
  17     330.00     350.00  4.211261762648970E-04  3.819507440479403E-07 79583270
  18     350.00     370.00  3.353306827121470E-04  3.338007389487074E-07 68604263
  19     370.00     390.00  2.685832069704189E-04  2.937864119809209E-07 59423832
  20     390.00     410.00  2.164950749352898E-04  2.586999838159893E-07 51705820
  21     410.00     430.00  1.749677795223489E-04  2.274828030850828E-07 45156949
  22     430.00     450.00  1.424649431504589E-04  2.015903642728529E-07 39597465
  23     450.00     470.00  1.166954422431338E-04  1.799400678555776E-07 34835344
  24     470.00     490.00  9.581849906401075E-05  1.598020931640787E-07 30747711
  25     490.00     510.00  7.864339860203323E-05  1.421903849995810E-07 27224630
  26     510.00     530.00  6.485537458515696E-05  1.265719467660349E-07 24165920
  27     530.00     550.00  5.363957929866842E-05  1.135846791241008E-07 21500964
  28     550.00     570.00  4.454350761806643E-05  1.006211459817270E-07 19184162
  29     570.00     590.00  3.705299288818607E-05  9.079901526504318E-08 17159010
  30     590.00     610.00  3.108437646623892E-05  8.137142874915530E-08 15371470
  31     610.00     630.00  2.596334114712401E-05  7.280228935108570E-08 13797981
  32     630.00     650.00  2.171088813520825E-05  6.520598318479800E-08 12414478
  33     650.00     670.00  1.831469972454314E-05  5.894143577087310E-08 11180273
  34     670.00     690.00  1.534515001056749E-05  5.269151580960541E-08 10083693
  35     690.00     710.00  1.290236783235752E-05  4.758903688110419E-08 9120787
  36     710.00     730.00  1.097058109579190E-05  4.302083103976949E-08 8254301
  37     730.00     750.00  9.226929119471335E-06  3.821756605016545E-08 7477442
  38     750.00     770.00  7.839732124305220E-06  3.465481160625800E-08 6786621
  39     770.00     790.00  6.586568485607908E-06  3.050145800209665E-08 6170725
  40     790.00     810.00  5.612247579548677E-06  2.783911348779107E-08 5609456
  41     810.00     830.00  4.771688626934058E-06  2.480816971377514E-08 5114262
  42     830.00     850.00  4.049091628748721E-06  2.229861627833055E-08 4659047
  43     850.00     870.00  3.446202449002007E-06  2.024090218620785E-08 4248992
  44     870.00     890.00  2.936577841576060E-06  1.840168631062767E-08 3884423
  45     890.00     910.00  2.514726308811773E-06  1.645675866645153E-08 3553461
  46     910.00     930.00  2.118596741475302E-06  1.498325767016149E-08 3245670
  47     930.00     950.00  1.812359637274475E-06  1.310016235706874E-08 2976348
  48     950.00     970.00  1.545259129338890E-06  1.182578137065885E-08 2728515
  49     970.00     990.00  1.320749386221158E-06  1.098989460988241E-08 2499479
  50     990.00    1010.00  1.120201183350712E-06  9.674583825412847E-09 2296514
  51    1010.00    1030.00  9.536086841206931E-07  8.451682124416391E-09 2105000
  52    1030.00    1050.00  8.162936585435358E-07  7.550649552783133E-09 1935569
  53    1050.00    1070.00  6.982585685217384E-07  6.855286367477174E-09 1780064
  54    1070.00    1090.00  6.087993413440868E-07  6.263922917788082E-09 1635791
  55    1090.00    1110.00  5.182251858582042E-07  5.535255263458252E-09 1504918
  56    1110.00    1130.00  4.363142441256064E-07  4.828649343539040E-09 1387381
  57    1130.00    1150.00  3.763080262754181E-07  4.397148326475522E-09 1274596
  58    1150.00    1170.00  3.214658021818937E-07  3.980508148310191E-09 1175937
  59    1170.00    1190.00  2.701047755317468E-07  3.452873123307653E-09 1085727
  60    1190.00    1210.00  2.345389942293119E-07  3.125653749933862E-09 999792
  61    1210.00    1230.00  1.962062397344258E-07  2.743478027925543E-09 922463
  62    1230.00    1250.00  1.700643597234751E-07  2.474751693512911E-09 852385
  63    1250.00    1270.00  1.447371422496898E-07  2.226866281431135E-09 786761
  64    1270.00    1290.00  1.237439659271895E-07  2.034005589455599E-09 724930
  65    1290.00    1310.00  1.074657375846274E-07  1.760710721790898E-09 670189
  66    1310.00    1330.00  8.845835458207312E-08  1.589458931178046E-09 619679
  67    1330.00    1350.00  8.005736737125904E-08  1.431167802575405E-09 574131
  68    1350.00    1370.00  6.475784315499830E-08  1.236889261732460E-09 529645
  69    1370.00    1390.00  5.563784246211868E-08  1.098811681153288E-09 488586
  70    1390.00    1410.00  4.725540347423046E-08  9.489121412901871E-10 453894
  71    1410.00    1430.00  3.747980649056540E-08  8.177174555111436E-10 418603
  72    1430.00    1450.00  3.321249930753243E-08  7.558344055971428E-10 386818
  73    1450.00    1470.00  2.868852575174156E-08  6.474325446983052E-10 356959
  74    1470.00    1490.00  2.506564960818098E-08  6.548659306295962E-10 332027
  75    1490.00    1510.00  2.048917702761065E-08  4.966360224352017E-10 307124
  76    1510.00    1530.00  1.739170693664742E-08  4.376200037315204E-10 284720
  77    1530.00    1550.00  1.522845522078732E-08  4.214260962558574E-10 261942
  78    1550.00    1570.00  1.226207925343006E-08  3.851332050528050E-10 242910
  79    1570.00    1590.00  1.075743529894617E-08  3.351308078977765E-10 224378
  80    1590.00    1610.00  9.351817866994062E-09  3.010891490273261E-10 208329
  81    1610.00    1630.00  7.564056796490555E-09  2.375894502537814E-10 192500
  82    1630.00    1650.00  6.253652259272806E-09  1.963473923630128E-10 177934
  83    1650.00    1670.00  5.335655518927202E-09  1.849128855576611E-10 164249
  84    1670.00    1690.00  4.490811224834700E-09  1.438581317017502E-10 152724
  85    1690.00    1710.00  3.916300611478694E-09  1.480917481202433E-10 141834
  86    1710.00    1730.00  3.154590245970984E-09  1.158970658724418E-10 130777
  87    1730.00    1750.00  2.686365631621068E-09  1.051214632665647E-10 121255
  88    1750.00    1770.00  2.126294745976271E-09  8.542909929543926E-11 112136
  89    1770.00    1790.00  1.832176605121661E-09  7.438150245212823E-11 103948
  90    1790.00    1810.00  1.413385133290332E-09  5.812439737817794E-11 95717
  91    1810.00    1830.00  1.259762792194637E-09  5.422279128279453E-11 89106
  92    1830.00    1850.00  1.013399370090639E-09  4.667730356732920E-11 82324
  93    1850.00    1870.00  9.487769849046410E-10  4.505247903983325E-11 76270
  94    1870.00    1890.00  7.961442186372212E-10  3.797918685005858E-11 70738
  95    1890.00    1910.00  5.543338130234642E-10  2.836904404253245E-11 65015
  96    1910.00    1930.00  4.942942480576637E-10  2.739312225639813E-11 60780
  97    1930.00    1950.00  4.306365258166639E-10  2.742849049822749E-11 55805
  98    1950.00    1970.00  3.556870566776965E-10  2.089787256660245E-11 51852
  99    1970.00    1990.00  2.494078597258419E-10  1.449007047597650E-11 47859
 100    1990.00    2010.00  2.075262209696863E-10  1.207316644621244E-11 44361
 101    2010.00    2030.00  1.779528073414057E-10  1.063074292148634E-11 40539
 102    2030.00    2050.00  1.542432780969441E-10  1.120693206240145E-11 37564
 103    2050.00    2070.00  1.219056037396741E-10  7.287461386504488E-12 34604
 104    2070.00    2090.00  1.013952667914050E-10  6.702642833191609E-12 32352
 105    2090.00    2110.00  8.316986017594612E-11  5.900856360882688E-12 29486
 106    2110.00    2130.00  6.588894118917060E-11  4.623541347741782E-12 27182
 107    2130.00    2150.00  5.322798406258736E-11  3.962111018437822E-12 25279
 108    2150.00    2170.00  4.050129451031858E-11  3.049326996340665E-12 23094
 109    2170.00    2190.00  3.353316096330538E-11  2.746751603021576E-12 21258
 110    2190.00    2210.00  2.862825822114062E-11  2.569527246986198E-12 19583
 111    2210.00    2230.00  2.334669874248268E-11  2.307612546092646E-12 18087
 112    2230.00    2250.00  1.732710047556157E-11  1.721953212249029E-12 16526
 113    2250.00    2270.00  1.291273625448809E-11  1.137846363584181E-12 15448
 114    2270.00    2290.00  9.562032921805545E-12  9.352062079528626E-13 14064
 115    2290.00    2310.00  7.339182669362126E-12  6.864716313965811E-13 12905
 116    2310.00    2330.00  6.498520969521088E-12  6.369729913241095E-13 11944
 117    2330.00    2350.00  5.258242746030922E-12  5.211117577401532E-13 10950
 118    2350.00    2370.00  4.146451242287468E-12  4.255943619146340E-13 9875
 119    2370.00    2390.00  3.373320492113550E-12  4.973808804964810E-13 9008
 120    2390.00    2410.00  2.340191002941600E-12  4.214162080101446E-13 8246
 121    2410.00    2430.00  1.512902336262277E-12  1.901346384669674E-13 7630
 122    2430.00    2450.00  1.393351370277943E-12  2.306910820809403E-13 6865
 123    2450.00    2470.00  9.833638993495137E-13  1.271107256087654E-13 6228
 124    2470.00    2490.00  5.898643713385043E-13  7.694834016502933E-14 5693
 125    2490.00    2510.00  5.562317512771585E-13  8.391658001018862E-14 5173
 126    2510.00    2530.00  4.463061448127518E-13  5.731600016144180E-14 4710
 127    2530.00    2550.00  4.255381112507440E-13  6.450261314302103E-14 4363
 128    2550.00    2570.00  1.891048148291502E-13  2.603586370336837E-14 3852
 129    2570.00    2590.00  1.936612663205051E-13  3.573192358873487E-14 3480
 130    2590.00    2610.00  1.389934996483360E-13  3.717312738056865E-14 3102
 131    2610.00    2630.00  1.006318931829998E-13  2.418863208806019E-14 2716
 132    2630.00    2650.00  4.175711959946726E-14  6.949469724276023E-15 2452
 133    2650.00    2670.00  4.144171830977534E-14  9.125138648700446E-15 2350
 134    2670.00    2690.00  1.831143835083571E-14  3.380912690573560E-15 1982
 135    2690.00    2710.00  3.791819227501070E-14  7.831014887411490E-15 1806
 136    2710.00    2730.00  1.304377361106070E-14  2.629866611572036E-15 1553
 137    2730.00    2750.00  6.936772597497123E-15  1.686586350411425E-15 1473
 138    2750.00    2770.00  4.911838602904296E-15  1.122874252057328E-15 1267
 139    2770.00    2790.00  2.798897072916328E-15  8.714270241002738E-16 1157
 140    2790.00    2810.00  2.299964528244317E-15  5.720949262216386E-16 945
 141    2810.00    2830.00  2.164283770797031E-15  6.622039602711380E-16 892
 142    2830.00    2850.00  7.684156296211133E-16  3.452719669770177E-16 744
 143    2850.00    2870.00  9.965861130296749E-16  3.830611218071102E-16 704
 144    2870.00    2890.00  1.752661566911558E-16  1.321921693464101E-16 572
 145    2890.00    2910.00  2.704441368775482E-16  1.540658523541344E-16 468
 146    2910.00    2930.00  3.350772038059569E-16  1.300702834242499E-16 388
 147    2930.00    2950.00  7.481974785147863E-17  5.546351917550343E-17 376
 148    2950.00    2970.00  7.668375135216198E-18  4.055545725710517E-17 292
 149    2970.00    2990.00  8.772491200282932E-17  3.011014660258482E-17 248
 150    2990.00    3010.00  3.263401658445753E-18  1.045915723962272E-17 230
 151    3010.00    3030.00  6.285642867783440E-18  9.488964540848489E-18 189
 152    3030.00    3050.00 -1.081156963708679E-17  9.111958352165184E-18 148
 153    3050.00    3070.00  2.439232774569862E-18  4.594501684289247E-18 116
 154    3070.00    3090.00 -6.955604808871520E-19  2.003710792681799E-18 95
 155    3090.00    3110.00 -8.629898126830147E-19  7.161891138637480E-19 64
 156    3110.00    3130.00  1.882811537913972E-19  4.217957543052610E-19 56
 157    3130.00    3150.00 -8.334214185493496E-19  1.080513977839206E-18 41
 158    3150.00    3170.00  1.668839319495032E-19  4.878537231292759E-19 23
 159    3170.00    3190.00  4.433609601746418E-20  2.015978472967270E-19 30
 160    3190.00    3210.00 -2.018512726436222E-19  1.138923879779747E-19 19
 161    3210.00    3230.00 -4.531896929431403E-20  6.546206542962868E-20 12
 162    3230.00    3250.00  3.954260269143245E-21  4.301228707537581E-21 11
 163    3250.00    3270.00  3.552477830999944E-20  2.486284844789410E-20 7
 164    3270.00    3290.00 -8.870564628021297E-21  9.070981306502565E-21 3
 165    3290.00    3310.00 -5.022754764196355E-22  5.022754763813355E-22 1
 166    3310.00    3330.00  2.883468018867469E-23  2.883468018674753E-23 1
 167    3330.00    3350.00  0.000000000000000E+00  0.000000000000000E+00 0
 168    3350.00    3370.00  0.000000000000000E+00  0.000000000000000E+00 0
 169    3370.00    3390.00  0.000000000000000E+00  0.000000000000000E+00 0
 170    3390.00    3410.00  0.000000000000000E+00  0.000000000000000E+00 0
 171    3410.00    3430.00  0.000000000000000E+00  0.000000000000000E+00 0
 172    3430.00    3450.00  0.000000000000000E+00  0.000000000000000E+00 0
 173    3450.00    3470.00  0.000000000000000E+00  0.000000000000000E+00 0
 174    3470.00    3490.00  0.000000000000000E+00  0.000000000000000E+00 0
 175    3490.00    3510.00  0.000000000000000E+00  0.000000000000000E+00 0
 176    3510.00    3530.00  0.000000000000000E+00  0.000000000000000E+00 0
 177    3530.00    3550.00  0.000000000000000E+00  0.000000000000000E+00 0
 178    3550.00    3570.00  0.000000000000000E+00  0.000000000000000E+00 0
 179    3570.00    3590.00  0.000000000000000E+00  0.000000000000000E+00 0
 180    3590.00    3610.00  0.000000000000000E+00  0.000000000000000E+00 0
 181    3610.00    3630.00  0.000000000000000E+00  0.000000000000000E+00 0
 182    3630.00    3650.00  0.000000000000000E+00  0.000000000000000E+00 0
 183    3650.00    3670.00  0.000000000000000E+00  0.000000000000000E+00 0
 184    3670.00    3690.00  0.000000000000000E+00  0.000000000000000E+00 0
 185    3690.00    3710.00  0.000000000000000E+00  0.000000000000000E+00 0
 186    3710.00    3730.00  0.000000000000000E+00  0.000000000000000E+00 0
 187    3730.00    3750.00  0.000000000000000E+00  0.000000000000000E+00 0
 188    3750.00    3770.00  0.000000000000000E+00  0.000000000000000E+00 0
 189    3770.00    3790.00  0.000000000000000E+00  0.000000000000000E+00 0
 190    3790.00    3810.00  0.000000000000000E+00  0.000000000000000E+00 0
 191    3810.00    3830.00  0.000000000000000E+00  0.000000000000000E+00 0
 192    3830.00    3850.00  0.000000000000000E+00  0.000000000000000E+00 0
 193    3850.00    3870.00  0.000000000000000E+00  0.000000000000000E+00 0
 194    3870.00    3890.00  0.000000000000000E+00  0.000000000000000E+00 0
 195    3890.00    3910.00  0.000000000000000E+00  0.000000000000000E+00 0
 196    3910.00    3930.00  0.000000000000000E+00  0.000000000000000E+00 0
 197    3930.00    3950.00  0.000000000000000E+00  0.000000000000000E+00 0
 198    3950.00    3970.00  0.000000000000000E+00  0.000000000000000E+00 0
 199    3970.00    3990.00  0.000000000000000E+00  0.000000000000000E+00 0
 200    3990.00    4010.00  0.000000000000000E+00  0.000000000000000E+00 0
 201    4010.00    4030.00  0.000000000000000E+00  0.000000000000000E+00 0
 202    4030.00    4050.00  0.000000000000000E+00  0.000000000000000E+00 0
 203    4050.00    4070.00  0.000000000000000E+00  0.000000000000000E+00 0
 204    4070.00    4090.00  0.000000000000000E+00  0.000000000000000E+00 0
 205    4090.00    4110.00  0.000000000000000E+00  0.000000000000000E+00 0
 206    4110.00    4130.00  0.000000000000000E+00  0.000000000000000E+00 0
 207    4130.00    4150.00  0.000000000000000E+00  0.000000000000000E+00 0
 208    4150.00    4170.00  0.000000000000000E+00  0.000000000000000E+00 0
 209    4170.00    4190.00  0.000000000000000E+00  0.000000000000000E+00 0
 210    4190.00    4210.00  0.000000000000000E+00  0.000000000000000E+00 0
 211    4210.00    4230.00  0.000000000000000E+00  0.000000000000000E+00 0
 212    4230.00    4250.00  0.000000000000000E+00  0.000000000000000E+00 0
 213    4250.00    4270.00  0.000000000000000E+00  0.000000000000000E+00 0
 214    4270.00    4290.00  0.000000000000000E+00  0.000000000000000E+00 0
 215    4290.00    4310.00  0.000000000000000E+00  0.000000000000000E+00 0
 216    4310.00    4330.00  0.000000000000000E+00  0.000000000000000E+00 0
 217    4330.00    4350.00  0.000000000000000E+00  0.000000000000000E+00 0
 218    4350.00    4370.00  0.000000000000000E+00  0.000000000000000E+00 0
 219    4370.00    4390.00  0.000000000000000E+00  0.000000000000000E+00 0
 220    4390.00    4410.00  0.000000000000000E+00  0.000000000000000E+00 0
 221    4410.00    4430.00  0.000000000000000E+00  0.000000000000000E+00 0
 222    4430.00    4450.00  0.000000000000000E+00  0.000000000000000E+00 0
 223    4450.00    4470.00  0.000000000000000E+00  0.000000000000000E+00 0
 224    4470.00    4490.00  0.000000000000000E+00  0.000000000000000E+00 0
 225    4490.00    4510.00  0.000000000000000E+00  0.000000000000000E+00 0
 226    4510.00    4530.00  0.000000000000000E+00  0.000000000000000E+00 0
 227    4530.00    4550.00  0.000000000000000E+00  0.000000000000000E+00 0
 228    4550.00    4570.00  0.000000000000000E+00  0.000000000000000E+00 0
 229    4570.00    4590.00  0.000000000000000E+00  0.000000000000000E+00 0
 230    4590.00    4610.00  0.000000000000000E+00  0.000000000000000E+00 0
 231    4610.00    4630.00  0.000000000000000E+00  0.000000000000000E+00 0
 232    4630.00    4650.00  0.000000000000000E+00  0.000000000000000E+00 0
 233    4650.00    4670.00  0.000000000000000E+00  0.000000000000000E+00 0
 234    4670.00    4690.00  0.000000000000000E+00  0.000000000000000E+00 0
 235    4690.00    4710.00  0.000000000000000E+00  0.000000000000000E+00 0
 236    4710.00    4730.00  0.000000000000000E+00  0.000000000000000E+00 0
 237    4730.00    4750.00  0.000000000000000E+00  0.000000000000000E+00 0
 238    4750.00    4770.00  0.000000000000000E+00  0.000000000000000E+00 0
 239    4770.00    4790.00  0.000000000000000E+00  0.000000000000000E+00 0
 240    4790.00    4810.00  0.000000000000000E+00  0.000000000000000E+00 0
 241    4810.00    4830.00  0.000000000000000E+00  0.000000000000000E+00 0
 242    4830.00    4850.00  0.000000000000000E+00  0.000000000000000E+00 0
 243    4850.00    4870.00  0.000000000000000E+00  0.000000000000000E+00 0
 244    4870.00    4890.00  0.000000000000000E+00  0.000000000000000E+00 0
 245    4890.00    4910.00  0.000000000000000E+00  0.000000000000000E+00 0
 246    4910.00    4930.00  0.000000000000000E+00  0.000000000000000E+00 0
 247    4930.00    4950.00  0.000000000000000E+00  0.000000000000000E+00 0
 248    4950.00    4970.00  0.000000000000000E+00  0.000000000000000E+00 0
 249    4970.00    4990.00  0.000000000000000E+00  0.000000000000000E+00 0
 250    4990.00    5010.00  0.000000000000000E+00  0.000000000000000E+00 0
 251    5010.00    5030.00  0.000000000000000E+00  0.000000000000000E+00 0
 252    5030.00    5050.00  0.000000000000000E+00  0.000000000000000E+00 0
 253    5050.00    5070.00  0.000000000000000E+00  0.000000000000000E+00 0
 254    5070.00    5090.00  0.000000000000000E+00  0.000000000000000E+00 0
 255    5090.00    5110.00  0.000000000000000E+00  0.000000000000000E+00 0
 256    5110.00    5130.00  0.000000000000000E+00  0.000000000000000E+00 0
 257    5130.00    5150.00  0.000000000000000E+00  0.000000000000000E+00 0
 258    5150.00    5170.00  0.000000000000000E+00  0.000000000000000E+00 0
 259    5170.00    5190.00  0.000000000000000E+00  0.000000000000000E+00 0
 260    5190.00    5210.00  0.000000000000000E+00  0.000000000000000E+00 0
 261    5210.00    5230.00  0.000000000000000E+00  0.000000000000000E+00 0
 262    5230.00    5250.00  0.000000000000000E+00  0.000000000000000E+00 0
 263    5250.00    5270.00  0.000000000000000E+00  0.000000000000000E+00 0
 264    5270.00    5290.00  0.000000000000000E+00  0.000000000000000E+00 0
 265    5290.00    5310.00  0.000000000000000E+00  0.000000000000000E+00 0
 266    5310.00    5330.00  0.000000000000000E+00  0.000000000000000E+00 0
 267    5330.00    5350.00  0.000000000000000E+00  0.000000000000000E+00 0
 268    5350.00    5370.00  0.000000000000000E+00  0.000000000000000E+00 0
 269    5370.00    5390.00  0.000000000000000E+00  0.000000000000000E+00 0
 270    5390.00    5410.00  0.000000000000000E+00  0.000000000000000E+00 0
 271    5410.00    5430.00  0.000000000000000E+00  0.000000000000000E+00 0
 272    5430.00    5450.00  0.000000000000000E+00  0.000000000000000E+00 0
 273    5450.00    5470.00  0.000000000000000E+00  0.000000000000000E+00 0
 274    5470.00    5490.00  0.000000000000000E+00  0.000000000000000E+00 0
 275    5490.00    5510.00  0.000000000000000E+00  0.000000000000000E+00 0
 276    5510.00    5530.00  0.000000000000000E+00  0.000000000000000E+00 0
 277    5530.00    5550.00  0.000000000000000E+00  0.000000000000000E+00 0
 278    5550.00    5570.00  0.000000000000000E+00  0.000000000000000E+00 0
 279    5570.00    5590.00  0.000000000000000E+00  0.000000000000000E+00 0
 280    5590.00    5610.00  0.000000000000000E+00  0.000000000000000E+00 0
 281    5610.00    5630.00  0.000000000000000E+00  0.000000000000000E+00 0
 282    5630.00    5650.00  0.000000000000000E+00  0.000000000000000E+00 0
 283    5650.00    5670.00  0.000000000000000E+00  0.000000000000000E+00 0
 284    5670.00    5690.00  0.000000000000000E+00  0.000000000000000E+00 0
 285    5690.00    5710.00  0.000000000000000E+00  0.000000000000000E+00 0
 286    5710.00    5730.00  0.000000000000000E+00  0.000000000000000E+00 0
 287    5730.00    5750.00  0.000000000000000E+00  0.000000000000000E+00 0
 288    5750.00    5770.00  0.000000000000000E+00  0.000000000000000E+00 0
 289    5770.00    5790.00  0.000000000000000E+00  0.000000000000000E+00 0
 290    5790.00    5810.00  0.000000000000000E+00  0.000000000000000E+00 0
 291    5810.00    5830.00  0.000000000000000E+00  0.000000000000000E+00 0
 292    5830.00    5850.00  0.000000000000000E+00  0.000000000000000E+00 0
 293    5850.00    5870.00  0.000000000000000E+00  0.000000000000000E+00 0
 294    5870.00    5890.00  0.000000000000000E+00  0.000000000000000E+00 0
 295    5890.00    5910.00  0.000000000000000E+00  0.000000000000000E+00 0
 296    5910.00    5930.00  0.000000000000000E+00  0.000000000000000E+00 0
 297    5930.00    5950.00  0.000000000000000E+00  0.000000000000000E+00 0
 298    5950.00    5970.00  0.000000000000000E+00  0.000000000000000E+00 0
 299    5970.00    5990.00  0.000000000000000E+00  0.000000000000000E+00 0
 300    5990.00    6010.00  0.000000000000000E+00  0.000000000000000E+00 0
 301    6010.00    6030.00  0.000000000000000E+00  0.000000000000000E+00 0
 302    6030.00    6050.00  0.000000000000000E+00  0.000000000000000E+00 0
 303    6050.00    6070.00  0.000000000000000E+00  0.000000000000000E+00 0
 304    6070.00    6090.00  0.000000000000000E+00  0.000000000000000E+00 0
 305    6090.00    6110.00  0.000000000000000E+00  0.000000000000000E+00 0
 306    6110.00    6130.00  0.000000000000000E+00  0.000000000000000E+00 0
 307    6130.00    6150.00  0.000000000000000E+00  0.000000000000000E+00 0
 308    6150.00    6170.00  0.000000000000000E+00  0.000000000000000E+00 0
 309    6170.00    6190.00  0.000000000000000E+00  0.000000000000000E+00 0
 310    6190.00    6210.00  0.000000000000000E+00  0.000000000000000E+00 0
 311    6210.00    6230.00  0.000000000000000E+00  0.000000000000000E+00 0
 312    6230.00    6250.00  0.000000000000000E+00  0.000000000000000E+00 0
 313    6250.00    6270.00  0.000000000000000E+00  0.000000000000000E+00 0
 314    6270.00    6290.00  0.000000000000000E+00  0.000000000000000E+00 0
 315    6290.00    6310.00  0.000000000000000E+00  0.000000000000000E+00 0
 316    6310.00    6330.00  0.000000000000000E+00  0.000000000000000E+00 0
 317    6330.00    6350.00  0.000000000000000E+00  0.000000000000000E+00 0
 318    6350.00    6370.00  0.000000000000000E+00  0.000000000000000E+00 0
 319    6370.00    6390.00  0.000000000000000E+00  0.000000000000000E+00 0
 320    6390.00    6410.00  0.000000000000000E+00  0.000000000000000E+00 0
 321    6410.00    6430.00  0.000000000000000E+00  0.000000000000000E+00 0
 322    6430.00    6450.00  0.000000000000000E+00  0.000000000000000E+00 0
 323    6450.00    6470.00  0.000000000000000E+00  0.000000000000000E+00 0
 324    6470.00    6490.00  0.000000000000000E+00  0.000000000000000E+00 0
 325    6490.00    6510.00  0.000000000000000E+00  0.000000000000000E+00 0
 326    6510.00    6530.00  0.000000000000000E+00  0.000000000000000E+00 0
 327    6530.00    6550.00  0.000000000000000E+00  0.000000000000000E+00 0
 328    6550.00    6570.00  0.000000000000000E+00  0.000000000000000E+00 0
 329    6570.00    6590.00  0.000000000000000E+00  0.000000000000000E+00 0
 330    6590.00    6610.00  0.000000000000000E+00  0.000000000000000E+00 0
 331    6610.00    6630.00  0.000000000000000E+00  0.000000000000000E+00 0
 332    6630.00    6650.00  0.000000000000000E+00  0.000000000000000E+00 0
 333    6650.00    6670.00  0.000000000000000E+00  0.000000000000000E+00 0
 334    6670.00    6690.00  0.000000000000000E+00  0.000000000000000E+00 0
 335    6690.00    6710.00  0.000000000000000E+00  0.000000000000000E+00 0
 336    6710.00    6730.00  0.000000000000000E+00  0.000000000000000E+00 0
 337    6730.00    6750.00  0.000000000000000E+00  0.000000000000000E+00 0
 338    6750.00    6770.00  0.000000000000000E+00  0.000000000000000E+00 0
 339    6770.00    6790.00  0.000000000000000E+00  0.000000000000000E+00 0
 340    6790.00    6810.00  0.000000000000000E+00  0.000000000000000E+00 0
 341    6810.00    6830.00  0.000000000000000E+00  0.000000000000000E+00 0
 342    6830.00    6850.00  0.000000000000000E+00  0.000000000000000E+00 0
 343    6850.00    6870.00  0.000000000000000E+00  0.000000000000000E+00 0
 344    6870.00    6890.00  0.000000000000000E+00  0.000000000000000E+00 0
 345    6890.00    6910.00  0.000000000000000E+00  0.000000000000000E+00 0
 346    6910.00    6930.00  0.000000000000000E+00  0.000000000000000E+00 0
 347    6930.00    6950.00  0.000000000000000E+00  0.000000000000000E+00 0
 348    6950.00    6970.00  0.000000000000000E+00  0.000000000000000E+00 0
 349    6970.00    6990.00  0.000000000000000E+00  0.000000000000000E+00 0
 350    6990.00    7010.00  0.000000000000000E+00  0.000000000000000E+00 0
 351    7010.00    7030.00  0.000000000000000E+00  0.000000000000000E+00 0
 352    7030.00    7050.00  0.000000000000000E+00  0.000000000000000E+00 0
 353    7050.00    7070.00  0.000000000000000E+00  0.000000000000000E+00 0
 354    7070.00    7090.00  0.000000000000000E+00  0.000000000000000E+00 0
 355    7090.00    7110.00  0.000000000000000E+00  0.000000000000000E+00 0
 356    7110.00    7130.00  0.000000000000000E+00  0.000000000000000E+00 0
 357    7130.00    7150.00  0.000000000000000E+00  0.000000000000000E+00 0
 358    7150.00    7170.00  0.000000000000000E+00  0.000000000000000E+00 0
 359    7170.00    7190.00  0.000000000000000E+00  0.000000000000000E+00 0
 360    7190.00    7210.00  0.000000000000000E+00  0.000000000000000E+00 0
 361    7210.00    7230.00  0.000000000000000E+00  0.000000000000000E+00 0
 362    7230.00    7250.00  0.000000000000000E+00  0.000000000000000E+00 0
 363    7250.00    7270.00  0.000000000000000E+00  0.000000000000000E+00 0
 364    7270.00    7290.00  0.000000000000000E+00  0.000000000000000E+00 0
 365    7290.00    7310.00  0.000000000000000E+00  0.000000000000000E+00 0
 366    7310.00    7330.00  0.000000000000000E+00  0.000000000000000E+00 0
 367    7330.00    7350.00  0.000000000000000E+00  0.000000000000000E+00 0
 368    7350.00    7370.00  0.000000000000000E+00  0.000000000000000E+00 0
 369    7370.00    7390.00  0.000000000000000E+00  0.000000000000000E+00 0
 370    7390.00    7410.00  0.000000000000000E+00  0.000000000000000E+00 0
 371    7410.00    7430.00  0.000000000000000E+00  0.000000000000000E+00 0
 372    7430.00    7450.00  0.000000000000000E+00  0.000000000000000E+00 0
 373    7450.00    7470.00  0.000000000000000E+00  0.000000000000000E+00 0
 374    7470.00    7490.00  0.000000000000000E+00  0.000000000000000E+00 0
 375    7490.00    7510.00  0.000000000000000E+00  0.000000000000000E+00 0
 376    7510.00    7530.00  0.000000000000000E+00  0.000000000000000E+00 0
 377    7530.00    7550.00  0.000000000000000E+00  0.000000000000000E+00 0
 378    7550.00    7570.00  0.000000000000000E+00  0.000000000000000E+00 0
 379    7570.00    7590.00  0.000000000000000E+00  0.000000000000000E+00 0
 380    7590.00    7610.00  0.000000000000000E+00  0.000000000000000E+00 0
 381    7610.00    7630.00  0.000000000000000E+00  0.000000000000000E+00 0
 382    7630.00    7650.00  0.000000000000000E+00  0.000000000000000E+00 0
 383    7650.00    7670.00  0.000000000000000E+00  0.000000000000000E+00 0
 384    7670.00    7690.00  0.000000000000000E+00  0.000000000000000E+00 0
 385    7690.00    7710.00  0.000000000000000E+00  0.000000000000000E+00 0
 386    7710.00    7730.00  0.000000000000000E+00  0.000000000000000E+00 0
 387    7730.00    7750.00  0.000000000000000E+00  0.000000000000000E+00 0
 388    7750.00    7770.00  0.000000000000000E+00  0.000000000000000E+00 0
 389    7770.00    7790.00  0.000000000000000E+00  0.000000000000000E+00 0
 390    7790.00    7810.00  0.000000000000000E+00  0.000000000000000E+00 0
 391    7810.00    7830.00  0.000000000000000E+00  0.000000000000000E+00 0
 392    7830.00    7850.00  0.000000000000000E+00  0.000000000000000E+00 0
 393    7850.00    7870.00  0.000000000000000E+00  0.000000000000000E+00 0
 394    7870.00    7890.00  0.000000000000000E+00  0.000000000000000E+00 0
 395    7890.00    7910.00  0.000000000000000E+00  0.000000000000000E+00 0
 396    7910.00    7930.00  0.000000000000000E+00  0.000000000000000E+00 0
 397    7930.00    7950.00  0.000000000000000E+00  0.000000000000000E+00 0
 398    7950.00    7970.00  0.000000000000000E+00  0.000000000000000E+00 0
 399    7970.00    7990.00  0.000000000000000E+00  0.000000000000000E+00 0
 400    7990.00    8010.00  0.000000000000000E+00  0.000000000000000E+00 0
 401    8010.00    8030.00  0.000000000000000E+00  0.000000000000000E+00 0
 402    8030.00    8050.00  0.000000000000000E+00  0.000000000000000E+00 0
 403    8050.00    8070.00  0.000000000000000E+00  0.000000000000000E+00 0
 404    8070.00    8090.00  0.000000000000000E+00  0.000000000000000E+00 0
 405    8090.00    8110.00  0.000000000000000E+00  0.000000000000000E+00 0
 406    8110.00    8130.00  0.000000000000000E+00  0.000000000000000E+00 0
 407    8130.00    8150.00  0.000000000000000E+00  0.000000000000000E+00 0
 408    8150.00    8170.00  0.000000000000000E+00  0.000000000000000E+00 0
 409    8170.00    8190.00  0.000000000000000E+00  0.000000000000000E+00 0
 410    8190.00    8210.00  0.000000000000000E+00  0.000000000000000E+00 0
 411    8210.00    8230.00  0.000000000000000E+00  0.000000000000000E+00 0
 412    8230.00    8250.00  0.000000000000000E+00  0.000000000000000E+00 0
 413    8250.00    8270.00  0.000000000000000E+00  0.000000000000000E+00 0
 414    8270.00    8290.00  0.000000000000000E+00  0.000000000000000E+00 0
 415    8290.00    8310.00  0.000000000000000E+00  0.000000000000000E+00 0
 416    8310.00    8330.00  0.000000000000000E+00  0.000000000000000E+00 0
 417    8330.00    8350.00  0.000000000000000E+00  0.000000000000000E+00 0
 418    8350.00    8370.00  0.000000000000000E+00  0.000000000000000E+00 0
 419    8370.00    8390.00  0.000000000000000E+00  0.000000000000000E+00 0
 420    8390.00    8410.00  0.000000000000000E+00  0.000000000000000E+00 0
 421    8410.00    8430.00  0.000000000000000E+00  0.000000000000000E+00 0
 422    8430.00    8450.00  0.000000000000000E+00  0.000000000000000E+00 0
 423    8450.00    8470.00  0.000000000000000E+00  0.000000000000000E+00 0
 424    8470.00    8490.00  0.000000000000000E+00  0.000000000000000E+00 0
 425    8490.00    8510.00  0.000000000000000E+00  0.000000000000000E+00 0
 426    8510.00    8530.00  0.000000000000000E+00  0.000000000000000E+00 0
 427    8530.00    8550.00  0.000000000000000E+00  0.000000000000000E+00 0
 428    8550.00    8570.00  0.000000000000000E+00  0.000000000000000E+00 0
 429    8570.00    8590.00  0.000000000000000E+00  0.000000000000000E+00 0
 430    8590.00    8610.00  0.000000000000000E+00  0.000000000000000E+00 0
 431    8610.00    8630.00  0.000000000000000E+00  0.000000000000000E+00 0
 432    8630.00    8650.00  0.000000000000000E+00  0.000000000000000E+00 0
 433    8650.00    8670.00  0.000000000000000E+00  0.000000000000000E+00 0
 434    8670.00    8690.00  0.000000000000000E+00  0.000000000000000E+00 0
 435    8690.00    8710.00  0.000000000000000E+00  0.000000000000000E+00 0
 436    8710.00    8730.00  0.000000000000000E+00  0.000000000000000E+00 0
 437    8730.00    8750.00  0.000000000000000E+00  0.000000000000000E+00 0
 438    8750.00    8770.00  0.000000000000000E+00  0.000000000000000E+00 0
 439    8770.00    8790.00  0.000000000000000E+00  0.000000000000000E+00 0
 440    8790.00    8810.00  0.000000000000000E+00  0.000000000000000E+00 0
 441    8810.00    8830.00  0.000000000000000E+00  0.000000000000000E+00 0
 442    8830.00    8850.00  0.000000000000000E+00  0.000000000000000E+00 0
 443    8850.00    8870.00  0.000000000000000E+00  0.000000000000000E+00 0
 444    8870.00    8890.00  0.000000000000000E+00  0.000000000000000E+00 0
 445    8890.00    8910.00  0.000000000000000E+00  0.000000000000000E+00 0
 446    8910.00    8930.00  0.000000000000000E+00  0.000000000000000E+00 0
 447    8930.00    8950.00  0.000000000000000E+00  0.000000000000000E+00 0
 448    8950.00    8970.00  0.000000000000000E+00  0.000000000000000E+00 0
 449    8970.00    8990.00  0.000000000000000E+00  0.000000000000000E+00 0
 450    8990.00    9010.00  0.000000000000000E+00  0.000000000000000E+00 0
 451    9010.00    9030.00  0.000000000000000E+00  0.000000000000000E+00 0
 452    9030.00    9050.00  0.000000000000000E+00  0.000000000000000E+00 0
 453    9050.00    9070.00  0.000000000000000E+00  0.000000000000000E+00 0
 454    9070.00    9090.00  0.000000000000000E+00  0.000000000000000E+00 0
 455    9090.00    9110.00  0.000000000000000E+00  0.000000000000000E+00 0
 456    9110.00    9130.00  0.000000000000000E+00  0.000000000000000E+00 0
 457    9130.00    9150.00  0.000000000000000E+00  0.000000000000000E+00 0
 458    9150.00    9170.00  0.000000000000000E+00  0.000000000000000E+00 0
 459    9170.00    9190.00  0.000000000000000E+00  0.000000000000000E+00 0
 460    9190.00    9210.00  0.000000000000000E+00  0.000000000000000E+00 0
 461    9210.00    9230.00  0.000000000000000E+00  0.000000000000000E+00 0
 462    9230.00    9250.00  0.000000000000000E+00  0.000000000000000E+00 0
 463    9250.00    9270.00  0.000000000000000E+00  0.000000000000000E+00 0
 464    9270.00    9290.00  0.000000000000000E+00  0.000000000000000E+00 0
 465    9290.00    9310.00  0.000000000000000E+00  0.000000000000000E+00 0
 466    9310.00    9330.00  0.000000000000000E+00  0.000000000000000E+00 0
 467    9330.00    9350.00  0.000000000000000E+00  0.000000000000000E+00 0
 468    9350.00    9370.00  0.000000000000000E+00  0.000000000000000E+00 0
 469    9370.00    9390.00  0.000000000000000E+00  0.000000000000000E+00 0
 470    9390.00    9410.00  0.000000000000000E+00  0.000000000000000E+00 0
 471    9410.00    9430.00  0.000000000000000E+00  0.000000000000000E+00 0
 472    9430.00    9450.00  0.000000000000000E+00  0.000000000000000E+00 0
 473    9450.00    9470.00  0.000000000000000E+00  0.000000000000000E+00 0
 474    9470.00    9490.00  0.000000000000000E+00  0.000000000000000E+00 0
 475    9490.00    9510.00  0.000000000000000E+00  0.000000000000000E+00 0
 476    9510.00    9530.00  0.000000000000000E+00  0.000000000000000E+00 0
 477    9530.00    9550.00  0.000000000000000E+00  0.000000000000000E+00 0
 478    9550.00    9570.00  0.000000000000000E+00  0.000000000000000E+00 0
 479    9570.00    9590.00  0.000000000000000E+00  0.000000000000000E+00 0
 480    9590.00    9610.00  0.000000000000000E+00  0.000000000000000E+00 0
 481    9610.00    9630.00  0.000000000000000E+00  0.000000000000000E+00 0
 482    9630.00    9650.00  0.000000000000000E+00  0.000000000000000E+00 0
 483    9650.00    9670.00  0.000000000000000E+00  0.000000000000000E+00 0
 484    9670.00    9690.00  0.000000000000000E+00  0.000000000000000E+00 0
 485    9690.00    9710.00  0.000000000000000E+00  0.000000000000000E+00 0
 486    9710.00    9730.00  0.000000000000000E+00  0.000000000000000E+00 0
 487    9730.00    9750.00  0.000000000000000E+00  0.000000000000000E+00 0
 488    9750.00    9770.00  0.000000000000000E+00  0.000000000000000E+00 0
 489    9770.00    9790.00  0.000000000000000E+00  0.000000000000000E+00 0
 490    9790.00    9810.00  0.000000000000000E+00  0.000000000000000E+00 0
 491    9810.00    9830.00  0.000000000000000E+00  0.000000000000000E+00 0
 492    9830.00    9850.00  0.000000000000000E+00  0.000000000000000E+00 0
 493    9850.00    9870.00  0.000000000000000E+00  0.000000000000000E+00 0
 494    9870.00    9890.00  0.000000000000000E+00  0.000000000000000E+00 0
 495    9890.00    9910.00  0.000000000000000E+00  0.000000000000000E+00 0
 496    9910.00    9930.00  0.000000000000000E+00  0.000000000000000E+00 0
 497    9930.00    9950.00  0.000000000000000E+00  0.000000000000000E+00 0
 498    9950.00    9970.00  0.000000000000000E+00  0.000000000000000E+00 0
 499    9970.00    9990.00  0.000000000000000E+00  0.000000000000000E+00 0
 500    9990.00   10010.00  0.000000000000000E+00  0.000000000000000E+00 0
 501   10010.00   10030.00  0.000000000000000E+00  0.000000000000000E+00 0
 502   10030.00   10050.00  0.000000000000000E+00  0.000000000000000E+00 0
 503   10050.00   10070.00  0.000000000000000E+00  0.000000000000000E+00 0
 504   10070.00   10090.00  0.000000000000000E+00  0.000000000000000E+00 0
 505   10090.00   10110.00  0.000000000000000E+00  0.000000000000000E+00 0
 506   10110.00   10130.00  0.000000000000000E+00  0.000000000000000E+00 0
 507   10130.00   10150.00  0.000000000000000E+00  0.000000000000000E+00 0
 508   10150.00   10170.00  0.000000000000000E+00  0.000000000000000E+00 0
 509   10170.00   10190.00  0.000000000000000E+00  0.000000000000000E+00 0
 510   10190.00   10210.00  0.000000000000000E+00  0.000000000000000E+00 0
 511   10210.00   10230.00  0.000000000000000E+00  0.000000000000000E+00 0
 512   10230.00   10250.00  0.000000000000000E+00  0.000000000000000E+00 0
 513   10250.00   10270.00  0.000000000000000E+00  0.000000000000000E+00 0
 514   10270.00   10290.00  0.000000000000000E+00  0.000000000000000E+00 0
 515   10290.00   10310.00  0.000000000000000E+00  0.000000000000000E+00 0
 516   10310.00   10330.00  0.000000000000000E+00  0.000000000000000E+00 0
 517   10330.00   10350.00  0.000000000000000E+00  0.000000000000000E+00 0
 518   10350.00   10370.00  0.000000000000000E+00  0.000000000000000E+00 0
 519   10370.00   10390.00  0.000000000000000E+00  0.000000000000000E+00 0
 520   10390.00   10410.00  0.000000000000000E+00  0.000000000000000E+00 0
 521   10410.00   10430.00  0.000000000000000E+00  0.000000000000000E+00 0
 522   10430.00   10450.00  0.000000000000000E+00  0.000000000000000E+00 0
 523   10450.00   10470.00  0.000000000000000E+00  0.000000000000000E+00 0
 524   10470.00   10490.00  0.000000000000000E+00  0.000000000000000E+00 0
 525   10490.00   10510.00  0.000000000000000E+00  0.000000000000000E+00 0
 526   10510.00   10530.00  0.000000000000000E+00  0.000000000000000E+00 0
 527   10530.00   10550.00  0.000000000000000E+00  0.000000000000000E+00 0
 528   10550.00   10570.00  0.000000000000000E+00  0.000000000000000E+00 0
 529   10570.00   10590.00  0.000000000000000E+00  0.000000000000000E+00 0
 530   10590.00   10610.00  0.000000000000000E+00  0.000000000000000E+00 0
 531   10610.00   10630.00  0.000000000000000E+00  0.000000000000000E+00 0
 532   10630.00   10650.00  0.000000000000000E+00  0.000000000000000E+00 0
 533   10650.00   10670.00  0.000000000000000E+00  0.000000000000000E+00 0
 534   10670.00   10690.00  0.000000000000000E+00  0.000000000000000E+00 0
 535   10690.00   10710.00  0.000000000000000E+00  0.000000000000000E+00 0
 536   10710.00   10730.00  0.000000000000000E+00  0.000000000000000E+00 0
 537   10730.00   10750.00  0.000000000000000E+00  0.000000000000000E+00 0
 538   10750.00   10770.00  0.000000000000000E+00  0.000000000000000E+00 0
 539   10770.00   10790.00  0.000000000000000E+00  0.000000000000000E+00 0
 540   10790.00   10810.00  0.000000000000000E+00  0.000000000000000E+00 0
 541   10810.00   10830.00  0.000000000000000E+00  0.000000000000000E+00 0
 542   10830.00   10850.00  0.000000000000000E+00  0.000000000000000E+00 0
 543   10850.00   10870.00  0.000000000000000E+00  0.000000000000000E+00 0
 544   10870.00   10890.00  0.000000000000000E+00  0.000000000000000E+00 0
 545   10890.00   10910.00  0.000000000000000E+00  0.000000000000000E+00 0
 546   10910.00   10930.00  0.000000000000000E+00  0.000000000000000E+00 0
 547   10930.00   10950.00  0.000000000000000E+00  0.000000000000000E+00 0
 548   10950.00   10970.00  0.000000000000000E+00  0.000000000000000E+00 0
 549   10970.00   10990.00  0.000000000000000E+00  0.000000000000000E+00 0
 550   10990.00   11010.00  0.000000000000000E+00  0.000000000000000E+00 0
 551   11010.00   11030.00  0.000000000000000E+00  0.000000000000000E+00 0
 552   11030.00   11050.00  0.000000000000000E+00  0.000000000000000E+00 0
 553   11050.00   11070.00  0.000000000000000E+00  0.000000000000000E+00 0
 554   11070.00   11090.00  0.000000000000000E+00  0.000000000000000E+00 0
 555   11090.00   11110.00  0.000000000000000E+00  0.000000000000000E+00 0
 556   11110.00   11130.00  0.000000000000000E+00  0.000000000000000E+00 0
 557   11130.00   11150.00  0.000000000000000E+00  0.000000000000000E+00 0
 558   11150.00   11170.00  0.000000000000000E+00  0.000000000000000E+00 0
 559   11170.00   11190.00  0.000000000000000E+00  0.000000000000000E+00 0
 560   11190.00   11210.00  0.000000000000000E+00  0.000000000000000E+00 0
 561   11210.00   11230.00  0.000000000000000E+00  0.000000000000000E+00 0
 562   11230.00   11250.00  0.000000000000000E+00  0.000000000000000E+00 0
 563   11250.00   11270.00  0.000000000000000E+00  0.000000000000000E+00 0
 564   11270.00   11290.00  0.000000000000000E+00  0.000000000000000E+00 0
 565   11290.00   11310.00  0.000000000000000E+00  0.000000000000000E+00 0
 566   11310.00   11330.00  0.000000000000000E+00  0.000000000000000E+00 0
 567   11330.00   11350.00  0.000000000000000E+00  0.000000000000000E+00 0
 568   11350.00   11370.00  0.000000000000000E+00  0.000000000000000E+00 0
 569   11370.00   11390.00  0.000000000000000E+00  0.000000000000000E+00 0
 570   11390.00   11410.00  0.000000000000000E+00  0.000000000000000E+00 0
 571   11410.00   11430.00  0.000000000000000E+00  0.000000000000000E+00 0
 572   11430.00   11450.00  0.000000000000000E+00  0.000000000000000E+00 0
 573   11450.00   11470.00  0.000000000000000E+00  0.000000000000000E+00 0
 574   11470.00   11490.00  0.000000000000000E+00  0.000000000000000E+00 0
 575   11490.00   11510.00  0.000000000000000E+00  0.000000000000000E+00 0
 576   11510.00   11530.00  0.000000000000000E+00  0.000000000000000E+00 0
 577   11530.00   11550.00  0.000000000000000E+00  0.000000000000000E+00 0
 578   11550.00   11570.00  0.000000000000000E+00  0.000000000000000E+00 0
 579   11570.00   11590.00  0.000000000000000E+00  0.000000000000000E+00 0
 580   11590.00   11610.00  0.000000000000000E+00  0.000000000000000E+00 0
 581   11610.00   11630.00  0.000000000000000E+00  0.000000000000000E+00 0
 582   11630.00   11650.00  0.000000000000000E+00  0.000000000000000E+00 0
 583   11650.00   11670.00  0.000000000000000E+00  0.000000000000000E+00 0
 584   11670.00   11690.00  0.000000000000000E+00  0.000000000000000E+00 0
 585   11690.00   11710.00  0.000000000000000E+00  0.000000000000000E+00 0
 586   11710.00   11730.00  0.000000000000000E+00  0.000000000000000E+00 0
 587   11730.00   11750.00  0.000000000000000E+00  0.000000000000000E+00 0
 588   11750.00   11770.00  0.000000000000000E+00  0.000000000000000E+00 0
 589   11770.00   11790.00  0.000000000000000E+00  0.000000000000000E+00 0
 590   11790.00   11810.00  0.000000000000000E+00  0.000000000000000E+00 0
 591   11810.00   11830.00  0.000000000000000E+00  0.000000000000000E+00 0
 592   11830.00   11850.00  0.000000000000000E+00  0.000000000000000E+00 0
 593   11850.00   11870.00  0.000000000000000E+00  0.000000000000000E+00 0
 594   11870.00   11890.00  0.000000000000000E+00  0.000000000000000E+00 0
 595   11890.00   11910.00  0.000000000000000E+00  0.000000000000000E+00 0
 596   11910.00   11930.00  0.000000000000000E+00  0.000000000000000E+00 0
 597   11930.00   11950.00  0.000000000000000E+00  0.000000000000000E+00 0
 598   11950.00   11970.00  0.000000000000000E+00  0.000000000000000E+00 0
 599   11970.00   11990.00  0.000000000000000E+00  0.000000000000000E+00 0
 600   11990.00   12010.00  0.000000000000000E+00  0.000000000000000E+00 0
 601   12010.00   12030.00  0.000000000000000E+00  0.000000000000000E+00 0
 602   12030.00   12050.00  0.000000000000000E+00  0.000000000000000E+00 0
 603   12050.00   12070.00  0.000000000000000E+00  0.000000000000000E+00 0
 604   12070.00   12090.00  0.000000000000000E+00  0.000000000000000E+00 0
 605   12090.00   12110.00  0.000000000000000E+00  0.000000000000000E+00 0
 606   12110.00   12130.00  0.000000000000000E+00  0.000000000000000E+00 0
 607   12130.00   12150.00  0.000000000000000E+00  0.000000000000000E+00 0
 608   12150.00   12170.00  0.000000000000000E+00  0.000000000000000E+00 0
 609   12170.00   12190.00  0.000000000000000E+00  0.000000000000000E+00 0
 610   12190.00   12210.00  0.000000000000000E+00  0.000000000000000E+00 0
 611   12210.00   12230.00  0.000000000000000E+00  0.000000000000000E+00 0
 612   12230.00   12250.00  0.000000000000000E+00  0.000000000000000E+00 0
 613   12250.00   12270.00  0.000000000000000E+00  0.000000000000000E+00 0
 614   12270.00   12290.00  0.000000000000000E+00  0.000000000000000E+00 0
 615   12290.00   12310.00  0.000000000000000E+00  0.000000000000000E+00 0
 616   12310.00   12330.00  0.000000000000000E+00  0.000000000000000E+00 0
 617   12330.00   12350.00  0.000000000000000E+00  0.000000000000000E+00 0
 618   12350.00   12370.00  0.000000000000000E+00  0.000000000000000E+00 0
 619   12370.00   12390.00  0.000000000000000E+00  0.000000000000000E+00 0
 620   12390.00   12410.00  0.000000000000000E+00  0.000000000000000E+00 0
 621   12410.00   12430.00  0.000000000000000E+00  0.000000000000000E+00 0
 622   12430.00   12450.00  0.000000000000000E+00  0.000000000000000E+00 0
 623   12450.00   12470.00  0.000000000000000E+00  0.000000000000000E+00 0
 624   12470.00   12490.00  0.000000000000000E+00  0.000000000000000E+00 0
 625   12490.00   12510.00  0.000000000000000E+00  0.000000000000000E+00 0
 626   12510.00   12530.00  0.000000000000000E+00  0.000000000000000E+00 0
 627   12530.00   12550.00  0.000000000000000E+00  0.000000000000000E+00 0
 628   12550.00   12570.00  0.000000000000000E+00  0.000000000000000E+00 0
 629   12570.00   12590.00  0.000000000000000E+00  0.000000000000000E+00 0
 630   12590.00   12610.00  0.000000000000000E+00  0.000000000000000E+00 0
 631   12610.00   12630.00  0.000000000000000E+00  0.000000000000000E+00 0
 632   12630.00   12650.00  0.000000000000000E+00  0.000000000000000E+00 0
 633   12650.00   12670.00  0.000000000000000E+00  0.000000000000000E+00 0
 634   12670.00   12690.00  0.000000000000000E+00  0.000000000000000E+00 0
 635   12690.00   12710.00  0.000000000000000E+00  0.000000000000000E+00 0
 636   12710.00   12730.00  0.000000000000000E+00  0.000000000000000E+00 0
 637   12730.00   12750.00  0.000000000000000E+00  0.000000000000000E+00 0
 638   12750.00   12770.00  0.000000000000000E+00  0.000000000000000E+00 0
 639   12770.00   12790.00  0.000000000000000E+00  0.000000000000000E+00 0
 640   12790.00   12810.00  0.000000000000000E+00  0.000000000000000E+00 0
 641   12810.00   12830.00  0.000000000000000E+00  0.000000000000000E+00 0
 642   12830.00   12850.00  0.000000000000000E+00  0.000000000000000E+00 0
 643   12850.00   12870.00  0.000000000000000E+00  0.000000000000000E+00 0
 644   12870.00   12890.00  0.000000000000000E+00  0.000000000000000E+00 0
 645   12890.00   12910.00  0.000000000000000E+00  0.000000000000000E+00 0
 646   12910.00   12930.00  0.000000000000000E+00  0.000000000000000E+00 0
 647   12930.00   12950.00  0.000000000000000E+00  0.000000000000000E+00 0
 648   12950.00   12970.00  0.000000000000000E+00  0.000000000000000E+00 0
 649   12970.00   12990.00  0.000000000000000E+00  0.000000000000000E+00 0
 650   12990.00   13010.00  0.000000000000000E+00  0.000000000000000E+00 0
# Underflow:                 0.0000000000000000E+00  0.0000000000000000E+00 0
# Overflow:                  0.0000000000000000E+00  0.0000000000000000E+00 0
#-------------------------------------------------------------------------------------
# Sum:                       5.6305534675445291E-03  8.6543010510100439E-07 667479000
#=====================================================================================
