# title = Total Transverse Energy with Gluon
# xlabel = $H_{\text{T},\text{g}}\,$[GeV]
# ylabel = $\frac{\text{d}\sigma}{\text{d}H_{\text{T},\text{g}}}\,\left[\frac{\text{fb}}{\text{GeV}}\right]$
# xmin=  0.000E+00
# xmax=  2.000E+03
# ymin=  1.000E-06
# ymax=  1.000E-02
# kmin= -2.000E+01
# kmax=  1.000E+01
# logscale = true
# Renormalization and factorization scale scaled by: 1.0000000000
# Renormalization scaled by: .0000000000
# Number of generated events: 7531973577
#
#=====================================================================================
# No.       Left      Right                   Value                   Error Hits
#-------------------------------------------------------------------------------------
   1       0.00      60.00  0.000000000000000E+00  0.000000000000000E+00 0
   2      60.00     120.00  0.000000000000000E+00  0.000000000000000E+00 0
   3     120.00     180.00  1.714400861997900E-06  1.608770790863132E-08 573877
   4     180.00     240.00  1.643430281252583E-04  1.806076153403191E-07 42481230
   5     240.00     300.00  9.915473708918326E-04  4.732840908496830E-07 184255636
   6     300.00     360.00  2.100857890754911E-03  7.174041785101265E-07 329344308
   7     360.00     420.00  2.818107026734867E-03  8.316257136803966E-07 422653452
   8     420.00     480.00  3.019785214776149E-03  8.584824339966874E-07 452621334
   9     480.00     540.00  2.841395016500700E-03  8.196270975066831E-07 439512600
  10     540.00     600.00  2.491421146858947E-03  7.562322050803488E-07 409235873
  11     600.00     660.00  2.099799899272005E-03  6.820374014225495E-07 373532363
  12     660.00     720.00  1.729629459509610E-03  6.018892540031268E-07 337346112
  13     720.00     780.00  1.404888078645814E-03  5.270026426437181E-07 303200793
  14     780.00     840.00  1.133643592405441E-03  4.607345650258634E-07 272177578
  15     840.00     900.00  9.108524424106350E-04  4.012904265719907E-07 244539849
  16     900.00     960.00  7.316841774454013E-04  3.516749605746715E-07 220090298
  17     960.00    1020.00  5.874238152773354E-04  3.013678570761788E-07 198529245
  18    1020.00    1080.00  4.729488239534763E-04  2.622856684760349E-07 179547261
  19    1080.00    1140.00  3.811602975665296E-04  2.270991842430733E-07 162772783
  20    1140.00    1200.00  3.078179835793042E-04  1.976402379935131E-07 147913513
  21    1200.00    1260.00  2.490767073967939E-04  1.717233551046912E-07 134757673
  22    1260.00    1320.00  2.023884238397877E-04  1.501547902619982E-07 123038205
  23    1320.00    1380.00  1.645282251887679E-04  1.298947681577002E-07 112539106
  24    1380.00    1440.00  1.343655287855128E-04  1.140018178959095E-07 103180536
  25    1440.00    1500.00  1.097250837038755E-04  9.926796688613259E-08 94760386
  26    1500.00    1560.00  8.991868717529121E-05  8.639186821521218E-08 87189675
  27    1560.00    1620.00  7.385882743125659E-05  7.559944494023480E-08 80373076
  28    1620.00    1680.00  6.086705414821370E-05  6.592978604074062E-08 74188291
  29    1680.00    1740.00  5.024417841830144E-05  5.805547538116202E-08 68583611
  30    1740.00    1800.00  4.145922408498971E-05  5.089765535211642E-08 63492162
  31    1800.00    1860.00  3.429897885046995E-05  4.430953220215220E-08 58854187
  32    1860.00    1920.00  2.850415909925455E-05  3.960196683415108E-08 54631445
  33    1920.00    1980.00  2.369759116826289E-05  3.439629443724690E-08 50781315
  34    1980.00    2040.00  1.969741635507708E-05  3.012782635705822E-08 47232892
  35    2040.00    2100.00  1.641565227257957E-05  2.619449643722135E-08 43990814
  36    2100.00    2160.00  1.375620229637826E-05  2.386703390606121E-08 41010186
  37    2160.00    2220.00  1.150545160579031E-05  2.065677575390080E-08 38274381
  38    2220.00    2280.00  9.602108347063333E-06  1.798361505594419E-08 35743127
  39    2280.00    2340.00  8.051159885649384E-06  1.613360406065740E-08 33414565
  40    2340.00    2400.00  6.787507359242108E-06  1.419392379898935E-08 31271134
  41    2400.00    2460.00  5.681227210334793E-06  1.219434035575305E-08 29277404
  42    2460.00    2520.00  4.780266633034386E-06  1.075820357001662E-08 27435638
  43    2520.00    2580.00  4.024194498955604E-06  9.652916767942546E-09 25732700
  44    2580.00    2640.00  3.384255762284558E-06  8.516793897915669E-09 24144393
  45    2640.00    2700.00  2.852186485633438E-06  7.574157202840710E-09 22669561
  46    2700.00    2760.00  2.410173724645423E-06  6.503372478725920E-09 21292567
  47    2760.00    2820.00  2.039710253432274E-06  5.907788183912896E-09 20017671
  48    2820.00    2880.00  1.726702309338306E-06  5.169573614993478E-09 18836591
  49    2880.00    2940.00  1.457257212778126E-06  4.421116171752922E-09 17717057
  50    2940.00    3000.00  1.238628363019362E-06  3.955207567877223E-09 16691756
  51    3000.00    3060.00  1.044472861820828E-06  3.598858979410619E-09 15720447
  52    3060.00    3120.00  8.952325353961242E-07  3.098683562543844E-09 14817711
  53    3120.00    3180.00  7.602623296404982E-07  2.852614295179007E-09 13971346
  54    3180.00    3240.00  6.429869955833931E-07  2.533929500037045E-09 13186260
  55    3240.00    3300.00  5.416504951459058E-07  2.094480920454295E-09 12434719
  56    3300.00    3360.00  4.662792328933605E-07  2.005306834266692E-09 11746887
  57    3360.00    3420.00  3.957428467249932E-07  1.657622108416762E-09 11082481
  58    3420.00    3480.00  3.357730224400204E-07  1.472593035629214E-09 10458631
  59    3480.00    3540.00  2.865053551011869E-07  1.278861777921462E-09 9891203
  60    3540.00    3600.00  2.460169262396027E-07  1.216214736541485E-09 9346511
  61    3600.00    3660.00  2.092805779497089E-07  1.129301259806735E-09 8837303
  62    3660.00    3720.00  1.788249705968041E-07  9.681033445574798E-10 8361121
  63    3720.00    3780.00  1.522364784204439E-07  8.429371630192901E-10 7904380
  64    3780.00    3840.00  1.307807723307227E-07  7.744322466868254E-10 7475689
  65    3840.00    3900.00  1.110376737592230E-07  6.346135188031175E-10 7071387
  66    3900.00    3960.00  9.542516173076994E-08  6.180879315792849E-10 6689445
  67    3960.00    4020.00  8.205048693792657E-08  5.104066017323300E-10 6334205
  68    4020.00    4080.00  6.972838186910335E-08  4.762837417357702E-10 6001547
  69    4080.00    4140.00  6.004820613536612E-08  4.411870884899664E-10 5679593
  70    4140.00    4200.00  5.119531707251885E-08  3.509243702968012E-10 5376235
  71    4200.00    4260.00  4.397403295091118E-08  3.222667904271034E-10 5093593
  72    4260.00    4320.00  3.788341649108764E-08  2.951305670642078E-10 4823385
  73    4320.00    4380.00  3.230400221629265E-08  2.400481400687497E-10 4568579
  74    4380.00    4440.00  2.802122211454984E-08  2.766298641888453E-10 4327768
  75    4440.00    4500.00  2.392056041427336E-08  2.237349440322245E-10 4098595
  76    4500.00    4560.00  2.102554271519932E-08  2.406887859697723E-10 3887694
  77    4560.00    4620.00  1.783169498277188E-08  1.813357785952420E-10 3681084
  78    4620.00    4680.00  1.527487460150100E-08  1.393720491379610E-10 3484303
  79    4680.00    4740.00  1.313872620930446E-08  1.296306197719940E-10 3300612
  80    4740.00    4800.00  1.129038715063852E-08  1.124274278515627E-10 3126427
  81    4800.00    4860.00  9.685637680532655E-09  1.228556180668057E-10 2963172
  82    4860.00    4920.00  8.309231178199160E-09  8.698138633298590E-11 2807860
  83    4920.00    4980.00  7.136219766396166E-09  7.994600033352651E-11 2658708
  84    4980.00    5040.00  6.190083249631668E-09  7.658677879315474E-11 2520238
  85    5040.00    5100.00  5.369359326628622E-09  6.227396227981609E-11 2386910
  86    5100.00    5160.00  4.756545300668612E-09  6.073313176832039E-11 2263289
  87    5160.00    5220.00  3.962274783817666E-09  5.479345853176758E-11 2141643
  88    5220.00    5280.00  3.628912391836447E-09  1.133142714055916E-10 2030111
  89    5280.00    5340.00  3.016179561408679E-09  4.106459923898073E-11 1923151
  90    5340.00    5400.00  2.568293383327120E-09  4.521934930987396E-11 1821881
  91    5400.00    5460.00  2.289948004923523E-09  4.050617241208256E-11 1724047
  92    5460.00    5520.00  1.862435406164742E-09  2.642354060583461E-11 1632525
  93    5520.00    5580.00  1.725198260426776E-09  5.713541504596971E-11 1545402
  94    5580.00    5640.00  1.431884759816132E-09  2.320895128794420E-11 1465579
  95    5640.00    5700.00  1.211521480699515E-09  2.048513297061315E-11 1386028
  96    5700.00    5760.00  1.062020430341261E-09  1.886809664552624E-11 1311178
  97    5760.00    5820.00  9.086975613738497E-10  1.724753847165137E-11 1241810
  98    5820.00    5880.00  7.811924584832351E-10  1.360269553517688E-11 1173559
  99    5880.00    5940.00  6.697221435737222E-10  1.206675274598641E-11 1111992
 100    5940.00    6000.00  5.578675112488279E-10  1.077035178626165E-11 1050299
 101    6000.00    6060.00  5.046835829216387E-10  9.980494385135342E-12 993323
 102    6060.00    6120.00  4.193660060195475E-10  8.039720508628627E-12 939386
 103    6120.00    6180.00  3.651582311922042E-10  9.165212596986620E-12 890897
 104    6180.00    6240.00  3.204566859300400E-10  7.951300837547814E-12 840735
 105    6240.00    6300.00  2.789600403414279E-10  6.363479914251740E-12 794709
 106    6300.00    6360.00  2.407585998182042E-10  6.200321266339595E-12 749931
 107    6360.00    6420.00  2.021498280590645E-10  4.971004209646286E-12 710116
 108    6420.00    6480.00  1.804840518358354E-10  5.340632416772340E-12 670002
 109    6480.00    6540.00  1.462991556132036E-10  3.311819408715453E-12 633280
 110    6540.00    6600.00  1.258712361691413E-10  3.751299005745722E-12 599221
 111    6600.00    6660.00  1.090927381112215E-10  2.881811354244207E-12 565760
 112    6660.00    6720.00  8.927488607273405E-11  2.555351068698814E-12 534523
 113    6720.00    6780.00  7.701286960664843E-11  2.093097939758269E-12 504126
 114    6780.00    6840.00  6.818449222086412E-11  3.078654746138120E-12 476609
 115    6840.00    6900.00  6.551930132791727E-11  5.734395506361151E-12 448789
 116    6900.00    6960.00  5.011022426885585E-11  1.450116983946735E-12 423296
 117    6960.00    7020.00  4.136807637404049E-11  1.178363696862364E-12 399489
 118    7020.00    7080.00  3.785297348642656E-11  1.255449226723036E-12 378005
 119    7080.00    7140.00  3.174042622661702E-11  1.162319265863716E-12 355551
 120    7140.00    7200.00  2.723376359744623E-11  1.404360815663061E-12 334036
 121    7200.00    7260.00  2.204926655446726E-11  8.341543878121837E-13 316429
 122    7260.00    7320.00  2.133177542032512E-11  1.187485080908449E-12 299161
 123    7320.00    7380.00  1.538526254698599E-11  5.520486140014263E-13 281687
 124    7380.00    7440.00  1.359151635816191E-11  7.024402326285219E-13 265815
 125    7440.00    7500.00  1.187678967051537E-11  6.384985778327530E-13 250128
 126    7500.00    7560.00  9.300934122640621E-12  3.469579527681406E-13 234883
 127    7560.00    7620.00  7.700159865422716E-12  3.118293163957903E-13 221468
 128    7620.00    7680.00  6.282803136802946E-12  2.630559252436916E-13 208569
 129    7680.00    7740.00  5.586098815411729E-12  3.329498288994567E-13 196732
 130    7740.00    7800.00  4.949748844081789E-12  2.282969266867693E-13 184319
 131    7800.00    7860.00  3.732778730696819E-12  1.624563329802192E-13 173601
 132    7860.00    7920.00  3.540222196635382E-12  2.066973326557796E-13 163746
 133    7920.00    7980.00  2.853305342359291E-12  1.557297808695975E-13 153212
 134    7980.00    8040.00  2.041788161627704E-12  9.138723621562474E-14 144501
 135    8040.00    8100.00  1.964026560237734E-12  1.055517073880618E-13 135653
 136    8100.00    8160.00  1.466643018792226E-12  6.855502887595403E-14 127529
 137    8160.00    8220.00  1.257524130211737E-12  6.916774674678828E-14 119900
 138    8220.00    8280.00  1.039783519659857E-12  5.331880881298097E-14 112556
 139    8280.00    8340.00  9.241041465414838E-13  6.163081393376588E-14 105681
 140    8340.00    8400.00  7.818474482690120E-13  5.511089060598113E-14 99624
 141    8400.00    8460.00  5.772786994700078E-13  3.291260589892390E-14 93207
 142    8460.00    8520.00  5.123732714700658E-13  3.378470000124000E-14 87172
 143    8520.00    8580.00  4.056772240258128E-13  2.632226961588321E-14 81312
 144    8580.00    8640.00  3.024307957909177E-13  1.846345507762423E-14 76774
 145    8640.00    8700.00  2.900947633244100E-13  2.246726525614044E-14 72014
 146    8700.00    8760.00  2.432847243520913E-13  2.338971833794577E-14 66977
 147    8760.00    8820.00  1.795015600019125E-13  1.290698495376643E-14 63031
 148    8820.00    8880.00  1.784579272924246E-13  4.646450380808903E-14 58900
 149    8880.00    8940.00  1.144850910362329E-13  1.194481110599778E-14 55031
 150    8940.00    9000.00  1.002521641290548E-13  1.351759271623250E-14 51133
 151    9000.00    9060.00  8.729089361742391E-14  8.387840069116025E-15 48076
 152    9060.00    9120.00  6.805620575678596E-14  5.157071896878455E-15 44659
 153    9120.00    9180.00  4.717737221310215E-14  4.020536345379972E-15 41587
 154    9180.00    9240.00  3.893244298068174E-14  3.943660240770195E-15 38599
 155    9240.00    9300.00  3.788821632053874E-14  4.334599054990908E-15 36406
 156    9300.00    9360.00  2.269685150683438E-14  2.171793709864765E-15 33842
 157    9360.00    9420.00  1.863987231335766E-14  1.619874064522337E-15 31047
 158    9420.00    9480.00  1.906198933846395E-14  5.230964781428113E-15 29142
 159    9480.00    9540.00  1.422789699687963E-14  1.780066619063316E-15 27106
 160    9540.00    9600.00  8.249600437077725E-15  9.848396039810334E-16 25004
 161    9600.00    9660.00  8.468306564046364E-15  1.068154219475248E-15 23295
 162    9660.00    9720.00  4.541148495513176E-15  6.029335438278440E-16 21332
 163    9720.00    9780.00  3.959025105421002E-15  4.614590056519984E-16 19937
 164    9780.00    9840.00  3.217129925157963E-15  3.195748940981523E-16 18614
 165    9840.00    9900.00  2.808288437462814E-15  8.294996283271219E-16 16806
 166    9900.00    9960.00  1.847038660380658E-15  2.656589460855368E-16 15545
 167    9960.00   10020.00  1.109021748838713E-15  1.467511588132306E-16 14343
 168   10020.00   10080.00  1.349357405000697E-15  2.779845644966987E-16 13203
 169   10080.00   10140.00  5.457771634427588E-16  8.604936009122144E-17 12095
 170   10140.00   10200.00  5.956897282103623E-16  8.151170861418598E-17 10951
 171   10200.00   10260.00  3.514119132933316E-16  4.772332358923024E-17 9959
 172   10260.00   10320.00  2.893201084384288E-16  4.284408962751388E-17 9278
 173   10320.00   10380.00  2.224876481624414E-16  4.005439630793126E-17 8433
 174   10380.00   10440.00  1.742798135026874E-16  5.340075567362269E-17 7604
 175   10440.00   10500.00  6.848256074635984E-17  1.682187798236072E-17 6946
 176   10500.00   10560.00  9.462845407708226E-17  2.380512182294133E-17 6189
 177   10560.00   10620.00  6.505806833787815E-17  1.289786479673077E-17 5624
 178   10620.00   10680.00  4.086465359474033E-17  8.742037977290846E-18 5109
 179   10680.00   10740.00  4.649867972547988E-17  1.746294949754706E-17 4583
 180   10740.00   10800.00  2.080963570748770E-17  5.445241231852317E-18 4026
 181   10800.00   10860.00  1.459467837676621E-17  3.830579122314934E-18 3680
 182   10860.00   10920.00  4.773922743342296E-18  2.237438429236230E-18 3213
 183   10920.00   10980.00  7.551423761714195E-18  2.853373959368355E-18 2920
 184   10980.00   11040.00  5.179871414287102E-18  1.229324419534155E-18 2521
 185   11040.00   11100.00  1.900959338751855E-18  8.684494348770927E-19 2236
 186   11100.00   11160.00  9.934749170968237E-19  8.534819379415274E-19 1938
 187   11160.00   11220.00  2.510491435986741E-18  1.487729877027341E-18 1747
 188   11220.00   11280.00  4.133930805245422E-19  4.928399097451054E-19 1545
 189   11280.00   11340.00  2.078397575442574E-19  3.698517769976297E-19 1343
 190   11340.00   11400.00  4.611660070505981E-20  2.855537417128640E-19 1035
 191   11400.00   11460.00  2.926881975016301E-19  1.929837259148033E-19 1004
 192   11460.00   11520.00 -2.955523476418481E-20  7.915096203288901E-20 839
 193   11520.00   11580.00 -8.710974927030052E-20  6.841005557464506E-20 663
 194   11580.00   11640.00  5.286914073439263E-20  3.765804791493890E-20 582
 195   11640.00   11700.00 -5.691524812795907E-20  3.056291601865444E-20 461
 196   11700.00   11760.00  4.664307348496731E-20  2.243756889105173E-20 359
 197   11760.00   11820.00  1.160970148400506E-20  3.673630038691805E-20 301
 198   11820.00   11880.00 -1.278115751142861E-20  1.238668711648608E-20 258
 199   11880.00   11940.00  1.138579901088507E-21  2.449592609338059E-21 199
 200   11940.00   12000.00  2.569473855979980E-21  4.319488216462842E-21 164
 201   12000.00   12060.00 -1.343606997894562E-21  1.584103735669564E-21 114
 202   12060.00   12120.00 -4.831434131560653E-22  1.451129610373535E-21 83
 203   12120.00   12180.00 -6.574644113494734E-22  1.317518805641337E-21 71
 204   12180.00   12240.00  1.273578204155867E-22  4.196948070886417E-22 55
 205   12240.00   12300.00 -1.893916959842336E-22  1.935393735416452E-22 28
 206   12300.00   12360.00 -2.644941196451951E-23  4.112976418899730E-23 17
 207   12360.00   12420.00  2.490502113320695E-24  7.890206676924415E-24 12
 208   12420.00   12480.00  1.678957900646439E-24  2.042090368157955E-24 7
 209   12480.00   12540.00  2.072434503247547E-24  1.494708159681560E-24 3
 210   12540.00   12600.00  0.000000000000000E+00  0.000000000000000E+00 0
 211   12600.00   12660.00  0.000000000000000E+00  0.000000000000000E+00 0
 212   12660.00   12720.00  0.000000000000000E+00  0.000000000000000E+00 0
 213   12720.00   12780.00  0.000000000000000E+00  0.000000000000000E+00 0
 214   12780.00   12840.00  0.000000000000000E+00  0.000000000000000E+00 0
 215   12840.00   12900.00  0.000000000000000E+00  0.000000000000000E+00 0
 216   12900.00   12960.00  0.000000000000000E+00  0.000000000000000E+00 0
 217   12960.00   13020.00  0.000000000000000E+00  0.000000000000000E+00 0
# Underflow:                 0.0000000000000000E+00  0.0000000000000000E+00 0
# Overflow:                  0.0000000000000000E+00  0.0000000000000000E+00 0
#-------------------------------------------------------------------------------------
# Sum:                       5.6305534675443747E-03  8.6551433888517223E-07 667479000
#=====================================================================================
