# title = Distance Positron--anti-Muon
# xlabel = $\Delta R_{\text{e}^+\mu^+}$
# ylabel = $\frac{\text{d}\sigma}{\text{d}\Delta R_{\text{e}^+\mu^+}}\,[\text{fb}]$
# xmin=  0.000E+00
# xmax=  6.000E+00
# ymin=  1.000E-04
# ymax=  1.000E+00
# kmin= -2.000E+01
# kmax=  1.000E+01
# logscale = true
# Renormalization and factorization scale scaled by: 1.0000000000
# Renormalization scaled by: .0000000000
# Number of generated events: 5909354
#
#=====================================================================================
# No.       Left      Right                   Value                   Error Hits
#-------------------------------------------------------------------------------------
   1       0.00       0.20  0.000000000000000E+00  0.000000000000000E+00 0
   2       0.20       0.40  4.221114750010525E-02  4.753454025968669E-04 78764352
   3       0.40       0.60  1.166200945610689E-01  1.732056249517948E-03 212185680
   4       0.60       0.80  1.639518996075690E-01  1.057211902305390E-03 290291362
   5       0.80       1.00  2.061626281033183E-01  1.499232718519404E-03 364128025
   6       1.00       1.20  2.507696044976296E-01  1.552259758504587E-03 433341969
   7       1.20       1.40  2.954867345220389E-01  1.565096654991974E-03 497695260
   8       1.40       1.60  3.328506411885599E-01  1.816529624960314E-03 557026146
   9       1.60       1.80  3.723383901210746E-01  2.497676901774487E-03 611408507
  10       1.80       2.00  4.087990961232376E-01  2.542248070102823E-03 660924943
  11       2.00       2.20  4.518292550560973E-01  2.235574597876318E-03 706061215
  12       2.20       2.40  4.879524954665096E-01  2.460846051815146E-03 747407072
  13       2.40       2.60  5.186930244258976E-01  3.013747940396623E-03 786305043
  14       2.60       2.80  5.589879600262637E-01  2.476817375071327E-03 823576552
  15       2.80       3.00  5.870602267964381E-01  2.582464150522448E-03 859736185
  16       3.00       3.20  5.700019805961728E-01  2.659403365631119E-03 848279330
  17       3.20       3.40  3.534576197689658E-01  2.618919995213102E-03 564916816
  18       3.40       3.60  2.385928951911378E-01  2.296378461038951E-03 408717551
  19       3.60       3.80  1.698012915805912E-01  1.513291251336085E-03 306279489
  20       3.80       4.00  1.181336096282104E-01  1.285000822724439E-03 229595729
  21       4.00       4.20  8.081970670955994E-02  1.774114099264373E-03 169823656
  22       4.20       4.40  5.343200258322873E-02  1.238329180200339E-03 122719018
  23       4.40       4.60  3.709280710447076E-02  6.999117178560403E-04 85666056
  24       4.60       4.80  2.252622525796277E-02  4.645514321185229E-04 56856613
  25       4.80       5.00  1.306837867810466E-02  3.121242202587265E-04 34760866
  26       5.00       5.20  7.067409518287463E-03  2.075767046766882E-04 18919238
  27       5.20       5.40  3.062749186611712E-03  1.318178024067951E-04 9265309
  28       5.40       5.60  9.958246576030597E-04  1.858588004665552E-04 3666403
  29       5.60       5.80  2.647247432609962E-04  1.287067891616700E-05 884403
  30       5.80       6.00  1.008602345777246E-05  1.560305235668067E-06 35807
  31       6.00       6.20  0.000000000000000E+00  0.000000000000000E+00 0
  32       6.20       6.40  0.000000000000000E+00  0.000000000000000E+00 0
  33       6.40       6.60  0.000000000000000E+00  0.000000000000000E+00 0
  34       6.60       6.80  0.000000000000000E+00  0.000000000000000E+00 0
  35       6.80       7.00  0.000000000000000E+00  0.000000000000000E+00 0
  36       7.00       7.20  0.000000000000000E+00  0.000000000000000E+00 0
  37       7.20       7.40  0.000000000000000E+00  0.000000000000000E+00 0
  38       7.40       7.60  0.000000000000000E+00  0.000000000000000E+00 0
  39       7.60       7.80  0.000000000000000E+00  0.000000000000000E+00 0
  40       7.80       8.00  0.000000000000000E+00  0.000000000000000E+00 0
  41       8.00       8.20  0.000000000000000E+00  0.000000000000000E+00 0
  42       8.20       8.40  0.000000000000000E+00  0.000000000000000E+00 0
  43       8.40       8.60  0.000000000000000E+00  0.000000000000000E+00 0
  44       8.60       8.80  0.000000000000000E+00  0.000000000000000E+00 0
  45       8.80       9.00  0.000000000000000E+00  0.000000000000000E+00 0
  46       9.00       9.20  0.000000000000000E+00  0.000000000000000E+00 0
  47       9.20       9.40  0.000000000000000E+00  0.000000000000000E+00 0
  48       9.40       9.60  0.000000000000000E+00  0.000000000000000E+00 0
  49       9.60       9.80  0.000000000000000E+00  0.000000000000000E+00 0
  50       9.80      10.00  0.000000000000000E+00  0.000000000000000E+00 0
  51      10.00      10.20  0.000000000000000E+00  0.000000000000000E+00 0
  52      10.20      10.40  0.000000000000000E+00  0.000000000000000E+00 0
  53      10.40      10.60  0.000000000000000E+00  0.000000000000000E+00 0
  54      10.60      10.80  0.000000000000000E+00  0.000000000000000E+00 0
  55      10.80      11.00  0.000000000000000E+00  0.000000000000000E+00 0
  56      11.00      11.20  0.000000000000000E+00  0.000000000000000E+00 0
  57      11.20      11.40  0.000000000000000E+00  0.000000000000000E+00 0
  58      11.40      11.60  0.000000000000000E+00  0.000000000000000E+00 0
  59      11.60      11.80  0.000000000000000E+00  0.000000000000000E+00 0
  60      11.80      12.00  0.000000000000000E+00  0.000000000000000E+00 0
  61      12.00      12.20  0.000000000000000E+00  0.000000000000000E+00 0
  62      12.20      12.40  0.000000000000000E+00  0.000000000000000E+00 0
  63      12.40      12.60  0.000000000000000E+00  0.000000000000000E+00 0
  64      12.60      12.80  0.000000000000000E+00  0.000000000000000E+00 0
  65      12.80      13.00  0.000000000000000E+00  0.000000000000000E+00 0
  66      13.00      13.20  0.000000000000000E+00  0.000000000000000E+00 0
  67      13.20      13.40  0.000000000000000E+00  0.000000000000000E+00 0
  68      13.40      13.60  0.000000000000000E+00  0.000000000000000E+00 0
  69      13.60      13.80  0.000000000000000E+00  0.000000000000000E+00 0
  70      13.80      14.00  0.000000000000000E+00  0.000000000000000E+00 0
  71      14.00      14.20  0.000000000000000E+00  0.000000000000000E+00 0
  72      14.20      14.40  0.000000000000000E+00  0.000000000000000E+00 0
  73      14.40      14.60  0.000000000000000E+00  0.000000000000000E+00 0
  74      14.60      14.80  0.000000000000000E+00  0.000000000000000E+00 0
  75      14.80      15.00  0.000000000000000E+00  0.000000000000000E+00 0
  76      15.00      15.20  0.000000000000000E+00  0.000000000000000E+00 0
  77      15.20      15.40  0.000000000000000E+00  0.000000000000000E+00 0
  78      15.40      15.60  0.000000000000000E+00  0.000000000000000E+00 0
  79      15.60      15.80  0.000000000000000E+00  0.000000000000000E+00 0
  80      15.80      16.00  0.000000000000000E+00  0.000000000000000E+00 0
  81      16.00      16.20  0.000000000000000E+00  0.000000000000000E+00 0
  82      16.20      16.40  0.000000000000000E+00  0.000000000000000E+00 0
  83      16.40      16.60  0.000000000000000E+00  0.000000000000000E+00 0
  84      16.60      16.80  0.000000000000000E+00  0.000000000000000E+00 0
  85      16.80      17.00  0.000000000000000E+00  0.000000000000000E+00 0
  86      17.00      17.20  0.000000000000000E+00  0.000000000000000E+00 0
  87      17.20      17.40  0.000000000000000E+00  0.000000000000000E+00 0
  88      17.40      17.60  0.000000000000000E+00  0.000000000000000E+00 0
  89      17.60      17.80  0.000000000000000E+00  0.000000000000000E+00 0
  90      17.80      18.00  0.000000000000000E+00  0.000000000000000E+00 0
  91      18.00      18.20  0.000000000000000E+00  0.000000000000000E+00 0
  92      18.20      18.40  0.000000000000000E+00  0.000000000000000E+00 0
  93      18.40      18.60  0.000000000000000E+00  0.000000000000000E+00 0
  94      18.60      18.80  0.000000000000000E+00  0.000000000000000E+00 0
  95      18.80      19.00  0.000000000000000E+00  0.000000000000000E+00 0
  96      19.00      19.20  0.000000000000000E+00  0.000000000000000E+00 0
  97      19.20      19.40  0.000000000000000E+00  0.000000000000000E+00 0
  98      19.40      19.60  0.000000000000000E+00  0.000000000000000E+00 0
  99      19.60      19.80  0.000000000000000E+00  0.000000000000000E+00 0
 100      19.80      20.00  0.000000000000000E+00  0.000000000000000E+00 0
 101      20.00      20.20  0.000000000000000E+00  0.000000000000000E+00 0
 102      20.20      20.40  0.000000000000000E+00  0.000000000000000E+00 0
 103      20.40      20.60  0.000000000000000E+00  0.000000000000000E+00 0
 104      20.60      20.80  0.000000000000000E+00  0.000000000000000E+00 0
 105      20.80      21.00  0.000000000000000E+00  0.000000000000000E+00 0
# Underflow:                 0.0000000000000000E+00  0.0000000000000000E+00 0
# Overflow:                  0.0000000000000000E+00  0.0000000000000000E+00 0
#-------------------------------------------------------------------------------------
# Sum:                      -4.8027697840481628E-04  3.6711783332270164E-06 368000
#=====================================================================================
