# title = Transverse Momentum anti-Muon
# xlabel = $p_{\text{T},\mu^+}\,$[GeV]
# ylabel = $\frac{\text{d}\sigma}{\text{d}p_{\text{T},\mu^+}}\,\left[\frac{\text{fb}}{\text{GeV}}\right]$
# xmin=  0.000E+00
# xmax=  8.000E+02
# ymin=  1.000E-06
# ymax=  1.000E-02
# kmin= -5.000E+01
# kmax=  1.000E+01
# logscale = true
# Renormalization and factorization scale scaled by: 1.0000000000
# Renormalization scaled by: .0000000000
# Number of generated events: 7531973577
#
#=====================================================================================
# No.       Left      Right                   Value                   Error Hits
#-------------------------------------------------------------------------------------
   1       0.00      20.00  0.000000000000000E+00  0.000000000000000E+00 0
   2      20.00      40.00  2.365398622848706E-02  4.093314127701465E-06 1552086930
   3      40.00      60.00  1.720914686833515E-02  3.332582133216888E-06 1168085097
   4      60.00      80.00  1.112689926541405E-02  2.662803352214642E-06 758541661
   5      80.00     100.00  7.236042646246798E-03  2.131283390202786E-06 537732152
   6     100.00     120.00  4.834796985956592E-03  1.716370889710589E-06 401586356
   7     120.00     140.00  3.321993734389301E-03  1.395791052043785E-06 310918642
   8     140.00     160.00  2.337874477275141E-03  1.147617578529007E-06 247254883
   9     160.00     180.00  1.680348334314587E-03  9.421747860482790E-07 200829456
  10     180.00     200.00  1.231858937874248E-03  7.873604604881495E-07 165890528
  11     200.00     220.00  9.141622078811531E-04  6.532933391270961E-07 138947106
  12     220.00     240.00  6.882099470213385E-04  5.429960739286973E-07 117789778
  13     240.00     260.00  5.233463064774656E-04  4.564197677050058E-07 100854385
  14     260.00     280.00  4.032353594270927E-04  3.943878569735658E-07 87103123
  15     280.00     300.00  3.130891618216686E-04  3.345912547119933E-07 75809450
  16     300.00     320.00  2.448078734905907E-04  3.138366966930132E-07 66409154
  17     320.00     340.00  1.920140415618683E-04  2.419588479325785E-07 58523467
  18     340.00     360.00  1.519341327555622E-04  2.060936565949692E-07 51848306
  19     360.00     380.00  1.212496423417388E-04  1.820178334980766E-07 46151789
  20     380.00     400.00  9.705355803535614E-05  1.539005111598494E-07 41282618
  21     400.00     420.00  7.809288723311522E-05  1.329863130393660E-07 37053072
  22     420.00     440.00  6.329224941189336E-05  1.172224927450737E-07 33374701
  23     440.00     460.00  5.145392449867858E-05  9.928101528917655E-08 30162312
  24     460.00     480.00  4.185589023328168E-05  8.627025229660369E-08 27350190
  25     480.00     500.00  3.428332468762188E-05  7.844570635268839E-08 24858144
  26     500.00     520.00  2.800692099961303E-05  6.395969927449634E-08 22653584
  27     520.00     540.00  2.330295462158008E-05  5.879811101159201E-08 20686262
  28     540.00     560.00  1.918071133410267E-05  5.100460065566238E-08 18943581
  29     560.00     580.00  1.607571819463913E-05  4.631719502553440E-08 17378680
  30     580.00     600.00  1.327987655096203E-05  4.186977400166108E-08 15977053
  31     600.00     620.00  1.111974555479186E-05  3.661187799062761E-08 14712411
  32     620.00     640.00  9.242734573535997E-06  2.933233220523813E-08 13570939
  33     640.00     660.00  7.753477593782940E-06  2.613943610656723E-08 12537637
  34     660.00     680.00  6.607704144832314E-06  2.708202910566596E-08 11604366
  35     680.00     700.00  5.544597403403206E-06  2.176019826609924E-08 10749485
  36     700.00     720.00  4.657375159102154E-06  1.879981050499549E-08 9976719
  37     720.00     740.00  3.966970578661314E-06  1.738689381073274E-08 9266937
  38     740.00     760.00  3.371161562348616E-06  1.555628821910067E-08 8622203
  39     760.00     780.00  2.853762475737018E-06  1.330265722820783E-08 8032766
  40     780.00     800.00  2.413599751359162E-06  1.196543925569099E-08 7490580
  41     800.00     820.00  2.074594727278371E-06  1.024945334640648E-08 6991575
  42     820.00     840.00  1.769972237345845E-06  9.241287760404089E-09 6538898
  43     840.00     860.00  1.511107156760641E-06  8.084330732927469E-09 6113593
  44     860.00     880.00  1.285266378796529E-06  7.233597891644440E-09 5719800
  45     880.00     900.00  1.107078136120418E-06  6.349092213900792E-09 5362249
  46     900.00     920.00  9.596110953575517E-07  6.155116271261658E-09 5028526
  47     920.00     940.00  8.345338994503339E-07  7.010375354203488E-09 4715712
  48     940.00     960.00  6.978191481793996E-07  4.531941117474675E-09 4435891
  49     960.00     980.00  6.135525094521812E-07  4.165664877963843E-09 4165896
  50     980.00    1000.00  5.218509167653187E-07  3.948435211580190E-09 3917690
  51    1000.00    1020.00  4.563813273443292E-07  3.420465003264164E-09 3691330
  52    1020.00    1040.00  3.947158226199306E-07  3.008477113711770E-09 3475062
  53    1040.00    1060.00  3.430866416572778E-07  3.161767318996406E-09 3276015
  54    1060.00    1080.00  2.997886336600543E-07  2.877176865809875E-09 3095017
  55    1080.00    1100.00  2.529732119764215E-07  2.111351180944484E-09 2922678
  56    1100.00    1120.00  2.209890411234726E-07  1.933688584638644E-09 2757198
  57    1120.00    1140.00  1.954264968781779E-07  1.909826675546698E-09 2605567
  58    1140.00    1160.00  1.705713663389456E-07  1.757687682726413E-09 2465654
  59    1160.00    1180.00  1.465734960182119E-07  1.893469231123059E-09 2329874
  60    1180.00    1200.00  1.316964929967647E-07  1.472943591870351E-09 2204877
  61    1200.00    1220.00  1.127997368492358E-07  1.286333407917633E-09 2087538
  62    1220.00    1240.00  9.690853594306911E-08  1.195822726977967E-09 1980114
  63    1240.00    1260.00  8.534906859239317E-08  9.714747384326623E-10 1878217
  64    1260.00    1280.00  7.505041967838509E-08  1.673296505683277E-09 1780012
  65    1280.00    1300.00  6.699010887153489E-08  8.985710349961172E-10 1689034
  66    1300.00    1320.00  5.706825159945175E-08  7.410857397639275E-10 1603589
  67    1320.00    1340.00  4.944451469511772E-08  6.683436845462066E-10 1519700
  68    1340.00    1360.00  4.431438188930817E-08  6.044308031979183E-10 1446429
  69    1360.00    1380.00  3.685992749073760E-08  4.791749397364499E-10 1373805
  70    1380.00    1400.00  3.398852901551110E-08  7.249500741761413E-10 1306069
  71    1400.00    1420.00  2.986471905426227E-08  5.005367243589450E-10 1242049
  72    1420.00    1440.00  2.608372145839205E-08  3.867797287401966E-10 1181545
  73    1440.00    1460.00  2.305328241573929E-08  4.054664141826769E-10 1125230
  74    1460.00    1480.00  1.983461251714721E-08  3.320149264931362E-10 1069561
  75    1480.00    1500.00  1.731699557376432E-08  2.586740362479017E-10 1019254
  76    1500.00    1520.00  1.542526035477797E-08  2.429230666333383E-10 970537
  77    1520.00    1540.00  1.347289034703897E-08  2.192176979601352E-10 925485
  78    1540.00    1560.00  1.211070863592228E-08  2.292129021006500E-10 879843
  79    1560.00    1580.00  1.056725257404867E-08  2.006284390242169E-10 839805
  80    1580.00    1600.00  9.254507162712904E-09  1.594081185243107E-10 799378
  81    1600.00    1620.00  7.884929042504771E-09  1.487356126730660E-10 762377
  82    1620.00    1640.00  7.546741101825333E-09  1.676307662045207E-10 728282
  83    1640.00    1660.00  6.437759384616062E-09  1.318843700691365E-10 695062
  84    1660.00    1680.00  5.668186425970401E-09  1.289031983754985E-10 661545
  85    1680.00    1700.00  5.250662629120076E-09  1.372092391768980E-10 633774
  86    1700.00    1720.00  4.421842261718817E-09  9.220358702356385E-11 604228
  87    1720.00    1740.00  3.824501022919090E-09  8.321235504203349E-11 577064
  88    1740.00    1760.00  3.434122914513647E-09  8.594510000298193E-11 551219
  89    1760.00    1780.00  3.154355966813265E-09  8.630623287752485E-11 527827
  90    1780.00    1800.00  2.647498941089243E-09  6.388065926707798E-11 505094
  91    1800.00    1820.00  2.345099629101406E-09  5.869694288425840E-11 481208
  92    1820.00    1840.00  2.088669032258117E-09  5.780551797047084E-11 459278
  93    1840.00    1860.00  1.794327550473367E-09  4.541970571242289E-11 439501
  94    1860.00    1880.00  1.569059949260461E-09  4.118615462336481E-11 419323
  95    1880.00    1900.00  1.547111000536436E-09  4.607148370591746E-11 402457
  96    1900.00    1920.00  1.272555433368548E-09  4.903155753157151E-11 383863
  97    1920.00    1940.00  1.110166148091836E-09  3.105321351270226E-11 367076
  98    1940.00    1960.00  1.054692204978100E-09  4.067269068816997E-11 351791
  99    1960.00    1980.00  8.975353913311464E-10  2.518244171763136E-11 336346
 100    1980.00    2000.00  8.350582063262750E-10  2.721266647989631E-11 322085
 101    2000.00    2020.00  7.428463040425265E-10  3.238147274886755E-11 309357
 102    2020.00    2040.00  6.208580617295188E-10  2.006512480358877E-11 295586
 103    2040.00    2060.00  5.714457536443741E-10  2.203319006372735E-11 282292
 104    2060.00    2080.00  5.158388230970346E-10  1.723044164838176E-11 271454
 105    2080.00    2100.00  4.833411835792599E-10  4.326823897537003E-11 260344
 106    2100.00    2120.00  4.201072068399421E-10  1.805863588483907E-11 248090
 107    2120.00    2140.00  3.509177809547144E-10  1.212190025026082E-11 236993
 108    2140.00    2160.00  3.209897914200381E-10  1.926272152835871E-11 227528
 109    2160.00    2180.00  2.552617157503388E-10  9.226644332070397E-12 217786
 110    2180.00    2200.00  2.469958278595293E-10  1.095410886978347E-11 208364
 111    2200.00    2220.00  2.140543710414452E-10  1.035134747817099E-11 200115
 112    2220.00    2240.00  1.889766955114445E-10  9.353333268235880E-12 191888
 113    2240.00    2260.00  1.573426911801117E-10  6.651692546995259E-12 183207
 114    2260.00    2280.00  1.435726425739582E-10  6.754105877083528E-12 176041
 115    2280.00    2300.00  1.185866933585199E-10  6.210271146370843E-12 168982
 116    2300.00    2320.00  1.144213765927441E-10  4.835486626061965E-12 162260
 117    2320.00    2340.00  9.962046994965458E-11  4.418924432777781E-12 155434
 118    2340.00    2360.00  9.204075179684981E-11  5.027898045817340E-12 148161
 119    2360.00    2380.00  8.327751526793970E-11  4.000970205876023E-12 143233
 120    2380.00    2400.00  7.498261347765901E-11  4.330880615343357E-12 137050
 121    2400.00    2420.00  6.500177822509676E-11  3.043059316552544E-12 130654
 122    2420.00    2440.00  5.620130422524984E-11  2.655395021394932E-12 124955
 123    2440.00    2460.00  5.252782896848035E-11  3.180292823227633E-12 120323
 124    2460.00    2480.00  4.400432720969980E-11  2.224154054908824E-12 116041
 125    2480.00    2500.00  3.899275661511026E-11  2.194772185068970E-12 110862
 126    2500.00    2520.00  3.689730759424225E-11  2.559692681873835E-12 106346
 127    2520.00    2540.00  3.260354112761904E-11  2.015456400042399E-12 101984
 128    2540.00    2560.00  2.713876341963286E-11  1.702567701754261E-12 97636
 129    2560.00    2580.00  2.487342577383390E-11  1.886199460069958E-12 93361
 130    2580.00    2600.00  2.386248733089106E-11  1.541867270920984E-12 90508
 131    2600.00    2620.00  1.803485426817011E-11  1.180256598334390E-12 85383
 132    2620.00    2640.00  1.745915380845011E-11  1.091307650716615E-12 82744
 133    2640.00    2660.00  1.685869633081757E-11  1.018004780487008E-12 79368
 134    2660.00    2680.00  1.592420410944965E-11  1.487330417746774E-12 75762
 135    2680.00    2700.00  1.206674510957871E-11  7.746704291680900E-13 72370
 136    2700.00    2720.00  1.141621589500101E-11  7.694939811769042E-13 69770
 137    2720.00    2740.00  1.036345561910073E-11  8.179859776674202E-13 67119
 138    2740.00    2760.00  9.767853036646168E-12  8.279553311682287E-13 64207
 139    2760.00    2780.00  7.479020576355284E-12  5.157815016818073E-13 62100
 140    2780.00    2800.00  6.652805148280990E-12  5.396520495940755E-13 59561
 141    2800.00    2820.00  6.252807515518180E-12  5.189434818432781E-13 57004
 142    2820.00    2840.00  5.165140273638270E-12  3.546846981976790E-13 54577
 143    2840.00    2860.00  4.947272198994855E-12  5.245316545196568E-13 52285
 144    2860.00    2880.00  4.296303197598303E-12  4.080795999598631E-13 49903
 145    2880.00    2900.00  3.826590597549228E-12  3.497389452016726E-13 48168
 146    2900.00    2920.00  3.627755129665501E-12  3.412335767715499E-13 45303
 147    2920.00    2940.00  3.188123941268209E-12  2.626302989797212E-13 44081
 148    2940.00    2960.00  3.268786520832489E-12  3.256857764884753E-13 42741
 149    2960.00    2980.00  2.713620331036538E-12  2.803894734755442E-13 40615
 150    2980.00    3000.00  2.230956556741037E-12  2.078926488900833E-13 38588
 151    3000.00    3020.00  1.878088096600823E-12  1.823812919189406E-13 37167
 152    3020.00    3040.00  2.018141212048692E-12  2.615405253328180E-13 35690
 153    3040.00    3060.00  1.584956171297467E-12  1.350803197891714E-13 34370
 154    3060.00    3080.00  1.209941671760678E-12  1.057700237982684E-13 33066
 155    3080.00    3100.00  1.621118090955748E-12  3.793353497225483E-13 31493
 156    3100.00    3120.00  1.300263875820247E-12  1.248321813206526E-13 30194
 157    3120.00    3140.00  1.017459399271724E-12  1.337555611382870E-13 29180
 158    3140.00    3160.00  8.217184473900805E-13  8.102579418050344E-14 27570
 159    3160.00    3180.00  6.640379106562375E-13  5.652981108762169E-14 26224
 160    3180.00    3200.00  7.011740522527560E-13  7.651742692833290E-14 25294
 161    3200.00    3220.00  6.033436195202045E-13  7.414381941927868E-14 24020
 162    3220.00    3240.00  6.385923170712540E-13  7.231413122848978E-14 23264
 163    3240.00    3260.00  4.099571374320471E-13  4.125659150273399E-14 22416
 164    3260.00    3280.00  4.649447458330825E-13  5.554950461289321E-14 21390
 165    3280.00    3300.00  4.870842389448918E-13  5.378164910286588E-14 20703
 166    3300.00    3320.00  3.216298106094342E-13  3.196924998060913E-14 19472
 167    3320.00    3340.00  3.516592206931767E-13  4.455959266441686E-14 18955
 168    3340.00    3360.00  3.060533124558458E-13  3.786763447286447E-14 17915
 169    3360.00    3380.00  2.415596937649280E-13  2.662968422152714E-14 17040
 170    3380.00    3400.00  2.897923464318734E-13  3.725181913304915E-14 16508
 171    3400.00    3420.00  2.532707152321029E-13  3.905344511412481E-14 15756
 172    3420.00    3440.00  2.212059021239692E-13  2.946475362947255E-14 15067
 173    3440.00    3460.00  1.745274039243991E-13  2.505705128223846E-14 14417
 174    3460.00    3480.00  1.652312073561787E-13  2.162117840910051E-14 13938
 175    3480.00    3500.00  1.146914835760816E-13  2.471382503274721E-14 13471
 176    3500.00    3520.00  1.013174573042566E-13  1.337462930947470E-14 12775
 177    3520.00    3540.00  9.726846238991032E-14  1.798304410375215E-14 11989
 178    3540.00    3560.00  1.775189695256285E-13  8.799029458287239E-14 11439
 179    3560.00    3580.00  5.772247860594421E-14  7.528870862236120E-15 11158
 180    3580.00    3600.00  7.066214001680221E-14  1.035416355166789E-14 10626
 181    3600.00    3620.00  6.438412942075943E-14  8.722005788805510E-15 10213
 182    3620.00    3640.00  6.064599757731771E-14  9.640787808413810E-15 9702
 183    3640.00    3660.00  4.647355612218381E-14  7.048427201420083E-15 9322
 184    3660.00    3680.00  3.360580593685582E-14  5.672114141107418E-15 8950
 185    3680.00    3700.00  7.046173456666213E-14  1.357102521740010E-14 8376
 186    3700.00    3720.00  3.768904629907318E-14  4.729112612998462E-15 8035
 187    3720.00    3740.00  3.861245476652057E-14  7.221917828545372E-15 7912
 188    3740.00    3760.00  4.383811778393914E-14  8.447148738719218E-15 7455
 189    3760.00    3780.00  2.986779216450615E-14  6.147398076820780E-15 7076
 190    3780.00    3800.00  2.748736352340793E-14  7.234847723540017E-15 6828
 191    3800.00    3820.00  2.329117756952921E-14  4.087517972074027E-15 6516
 192    3820.00    3840.00  1.729492259349498E-14  2.507068803948882E-15 6131
 193    3840.00    3860.00  1.583023326719268E-14  4.998307949666117E-15 5886
 194    3860.00    3880.00  1.728386977664578E-14  3.219760806721905E-15 5566
 195    3880.00    3900.00  1.727431480112441E-14  3.358212365407844E-15 5301
 196    3900.00    3920.00  1.783061541864417E-14  4.189416098568629E-15 5090
 197    3920.00    3940.00  1.264991240106457E-14  2.544180305073574E-15 4878
 198    3940.00    3960.00  1.203041540525393E-14  3.285760633625198E-15 4670
 199    3960.00    3980.00  9.162694365076690E-15  1.924955316978072E-15 4473
 200    3980.00    4000.00  8.169101817324965E-15  1.532939275537764E-15 4181
 201    4000.00    4020.00  6.282465554122631E-15  1.297618214625306E-15 3905
 202    4020.00    4040.00  7.282576133470524E-15  2.369230863990795E-15 3792
 203    4040.00    4060.00  5.858595107662332E-15  1.817463564477043E-15 3598
 204    4060.00    4080.00  7.173112595881113E-15  1.768038360313578E-15 3383
 205    4080.00    4100.00  2.829300731306098E-15  6.044189078142978E-16 3272
 206    4100.00    4120.00  2.394348793467644E-15  6.134153279300345E-16 3109
 207    4120.00    4140.00  1.861254691884505E-15  1.082137613774052E-15 2962
 208    4140.00    4160.00  2.585209799248642E-15  5.855526922392664E-16 2739
 209    4160.00    4180.00  4.981567753626056E-15  2.263863031208565E-15 2726
 210    4180.00    4200.00  2.016993280967970E-15  4.685489029416967E-16 2594
 211    4200.00    4220.00  3.519063790696543E-15  1.416128887316411E-15 2389
 212    4220.00    4240.00  2.353584443209054E-15  6.709155307641356E-16 2370
 213    4240.00    4260.00  1.726656343944385E-15  5.182213654710220E-16 2186
 214    4260.00    4280.00  3.553705325972878E-15  1.295861653401597E-15 2103
 215    4280.00    4300.00  1.282072153663370E-15  3.624136054763580E-16 1955
 216    4300.00    4320.00  1.520757019509986E-15  5.738684919158244E-16 1831
 217    4320.00    4340.00  1.134360295765937E-15  3.709138010304347E-16 1727
 218    4340.00    4360.00  2.469633714505320E-16  2.284214619314565E-16 1630
 219    4360.00    4380.00  2.270984041999946E-16  6.848334139508398E-17 1558
 220    4380.00    4400.00  8.541505483291118E-16  3.241038306586841E-16 1487
 221    4400.00    4420.00  4.245557675861081E-16  2.239523169484067E-16 1372
 222    4420.00    4440.00  5.176983397740228E-16  1.856954780217160E-16 1309
 223    4440.00    4460.00  6.947826403892435E-16  2.160009578539594E-16 1307
 224    4460.00    4480.00  1.042672109761299E-15  6.690140372345171E-16 1211
 225    4480.00    4500.00  6.986112700632569E-16  2.702144388969142E-16 1101
 226    4500.00    4520.00  4.165761266937300E-16  1.192445986853704E-16 1115
 227    4520.00    4540.00  3.954343640416050E-16  2.384330594244919E-16 954
 228    4540.00    4560.00  4.577651040301069E-16  2.529026832198118E-16 965
 229    4560.00    4580.00  2.054844061432848E-16  7.325053587165723E-17 906
 230    4580.00    4600.00  1.667149346312086E-16  9.754499762817057E-17 829
 231    4600.00    4620.00  4.382878481001307E-17  2.676564114943389E-17 783
 232    4620.00    4640.00  8.448393412442652E-17  4.407998056867766E-17 782
 233    4640.00    4660.00  9.220335918301169E-17  5.798609353694805E-17 694
 234    4660.00    4680.00  2.628344984159039E-17  1.935242359473815E-17 660
 235    4680.00    4700.00  9.814883609974563E-17  4.207539760389630E-17 597
 236    4700.00    4720.00  5.809636554000874E-17  3.429577527991569E-17 546
 237    4720.00    4740.00  1.601587079715691E-16  1.141525068076351E-16 566
 238    4740.00    4760.00  1.257984044935212E-17  4.325482120133934E-17 531
 239    4760.00    4780.00 -2.282066612171423E-17  6.393342317693132E-17 511
 240    4780.00    4800.00  6.256671308231799E-17  3.333038055014965E-17 448
 241    4800.00    4820.00  1.215669051833319E-16  5.537100425035386E-17 421
 242    4820.00    4840.00  1.080495165629325E-16  6.837745120146679E-17 411
 243    4840.00    4860.00  4.193682476492107E-17  2.711149404130121E-17 374
 244    4860.00    4880.00  5.590411193363489E-17  3.073200613084868E-17 321
 245    4880.00    4900.00 -2.221772371237349E-18  9.983935645310453E-18 328
 246    4900.00    4920.00  1.845242680800926E-17  1.199386781645142E-17 305
 247    4920.00    4940.00 -1.624887683428972E-17  2.646338975483083E-17 295
 248    4940.00    4960.00  1.174245703129012E-17  1.168038089759061E-17 281
 249    4960.00    4980.00  5.180309241314339E-18  3.135692168200563E-18 237
 250    4980.00    5000.00 -6.575111584504260E-18  5.779234643552007E-18 240
 251    5000.00    5020.00  5.537551480339620E-18  5.130031194227800E-18 192
 252    5020.00    5040.00  2.621585966282206E-18  2.561224039404744E-18 196
 253    5040.00    5060.00  1.070408764241719E-17  1.223349028052873E-17 183
 254    5060.00    5080.00 -1.139682811662432E-17  1.336845847544851E-17 193
 255    5080.00    5100.00  1.009819714607520E-18  2.111041549645070E-18 115
 256    5100.00    5120.00 -1.073105805168473E-18  2.298277501959774E-18 129
 257    5120.00    5140.00  7.707952230225189E-18  9.303219065654001E-18 127
 258    5140.00    5160.00  4.153166283234223E-18  6.856630230637987E-18 142
 259    5160.00    5180.00  4.467822686541080E-18  4.277291952442911E-18 103
 260    5180.00    5200.00  2.617170790407033E-18  2.107306738606178E-18 96
 261    5200.00    5220.00 -7.902405299446919E-19  4.768334117581816E-19 93
 262    5220.00    5240.00 -1.095016781580491E-18  8.189578045950422E-19 90
 263    5240.00    5260.00  1.855600487664393E-18  2.478530258989020E-18 92
 264    5260.00    5280.00 -1.100518560445537E-19  3.109060845741386E-19 79
 265    5280.00    5300.00  1.038308714522212E-18  6.755632543849435E-19 67
 266    5300.00    5320.00 -2.744265781727315E-19  2.020882778123174E-18 62
 267    5320.00    5340.00 -5.258244794782169E-18  5.339057056073295E-18 57
 268    5340.00    5360.00 -1.159024342177606E-18  6.270784037515542E-19 49
 269    5360.00    5380.00 -6.644318839527213E-19  4.560332650242122E-19 48
 270    5380.00    5400.00 -2.894509708180007E-20  2.656485861947572E-19 41
 271    5400.00    5420.00 -3.564215736506765E-20  5.320056780377623E-20 26
 272    5420.00    5440.00  9.233428187900189E-20  4.563813463025916E-20 31
 273    5440.00    5460.00  6.454828110841633E-20  1.373882113081655E-19 30
 274    5460.00    5480.00 -2.320196659311939E-19  1.886550623466841E-19 39
 275    5480.00    5500.00  4.696129413749056E-23  5.252812766258584E-21 23
 276    5500.00    5520.00 -2.262801213319926E-20  7.863051513803922E-20 21
 277    5520.00    5540.00  1.808808649694887E-20  1.857678493976090E-20 13
 278    5540.00    5560.00  7.826430311640288E-20  8.587513472583208E-20 21
 279    5560.00    5580.00  5.588813177905572E-22  9.847842284257039E-21 17
 280    5580.00    5600.00 -3.776513675435753E-20  3.702441131674242E-20 13
 281    5600.00    5620.00  1.192742326084268E-22  2.080178635567322E-22 13
 282    5620.00    5640.00  2.716792466036445E-21  3.200183976017083E-21 7
 283    5640.00    5660.00 -9.969384231034686E-22  8.893874215539755E-22 11
 284    5660.00    5680.00 -3.182851817035344E-22  3.072217573298018E-22 10
 285    5680.00    5700.00  1.126380502597793E-20  1.393456815028414E-20 9
 286    5700.00    5720.00  1.074483335055881E-22  1.275148474895514E-22 5
 287    5720.00    5740.00  2.265384932077208E-21  1.719631355207888E-21 10
 288    5740.00    5760.00 -2.222971682740391E-23  2.231080249184723E-23 2
 289    5760.00    5780.00 -1.044641961727916E-20  9.661912220072683E-21 2
 290    5780.00    5800.00 -7.329674930021801E-23  7.103433861373541E-23 3
 291    5800.00    5820.00 -8.106781337962679E-22  8.127579612270937E-22 2
 292    5820.00    5840.00 -6.675796073571865E-27  6.675796073092991E-27 1
 293    5840.00    5860.00 -1.509076664688564E-26  1.441279678854265E-26 2
 294    5860.00    5880.00 -1.377263967649693E-27  1.454969479466708E-27 2
 295    5880.00    5900.00  2.558536810104357E-20  2.558516850615328E-20 3
 296    5900.00    5920.00 -2.299484482164995E-22  2.299492896631823E-22 2
 297    5920.00    5940.00  0.000000000000000E+00  0.000000000000000E+00 0
 298    5940.00    5960.00  0.000000000000000E+00  0.000000000000000E+00 0
 299    5960.00    5980.00  0.000000000000000E+00  0.000000000000000E+00 0
 300    5980.00    6000.00  0.000000000000000E+00  0.000000000000000E+00 0
 301    6000.00    6020.00  0.000000000000000E+00  0.000000000000000E+00 0
 302    6020.00    6040.00  0.000000000000000E+00  0.000000000000000E+00 0
 303    6040.00    6060.00  0.000000000000000E+00  0.000000000000000E+00 0
 304    6060.00    6080.00  0.000000000000000E+00  0.000000000000000E+00 0
 305    6080.00    6100.00  0.000000000000000E+00  0.000000000000000E+00 0
 306    6100.00    6120.00 -7.641906990701499E-27  7.641906990417042E-27 1
 307    6120.00    6140.00  0.000000000000000E+00  0.000000000000000E+00 0
 308    6140.00    6160.00  0.000000000000000E+00  0.000000000000000E+00 0
 309    6160.00    6180.00  0.000000000000000E+00  0.000000000000000E+00 0
 310    6180.00    6200.00  0.000000000000000E+00  0.000000000000000E+00 0
 311    6200.00    6220.00  0.000000000000000E+00  0.000000000000000E+00 0
 312    6220.00    6240.00  0.000000000000000E+00  0.000000000000000E+00 0
 313    6240.00    6260.00  0.000000000000000E+00  0.000000000000000E+00 0
 314    6260.00    6280.00  0.000000000000000E+00  0.000000000000000E+00 0
 315    6280.00    6300.00  0.000000000000000E+00  0.000000000000000E+00 0
 316    6300.00    6320.00  0.000000000000000E+00  0.000000000000000E+00 0
 317    6320.00    6340.00  0.000000000000000E+00  0.000000000000000E+00 0
 318    6340.00    6360.00  0.000000000000000E+00  0.000000000000000E+00 0
 319    6360.00    6380.00  0.000000000000000E+00  0.000000000000000E+00 0
 320    6380.00    6400.00  0.000000000000000E+00  0.000000000000000E+00 0
 321    6400.00    6420.00  0.000000000000000E+00  0.000000000000000E+00 0
 322    6420.00    6440.00  0.000000000000000E+00  0.000000000000000E+00 0
 323    6440.00    6460.00  0.000000000000000E+00  0.000000000000000E+00 0
 324    6460.00    6480.00  0.000000000000000E+00  0.000000000000000E+00 0
 325    6480.00    6500.00  0.000000000000000E+00  0.000000000000000E+00 0
 326    6500.00    6520.00  0.000000000000000E+00  0.000000000000000E+00 0
 327    6520.00    6540.00  0.000000000000000E+00  0.000000000000000E+00 0
 328    6540.00    6560.00  0.000000000000000E+00  0.000000000000000E+00 0
 329    6560.00    6580.00  0.000000000000000E+00  0.000000000000000E+00 0
 330    6580.00    6600.00  0.000000000000000E+00  0.000000000000000E+00 0
 331    6600.00    6620.00  0.000000000000000E+00  0.000000000000000E+00 0
 332    6620.00    6640.00  0.000000000000000E+00  0.000000000000000E+00 0
 333    6640.00    6660.00  0.000000000000000E+00  0.000000000000000E+00 0
 334    6660.00    6680.00  0.000000000000000E+00  0.000000000000000E+00 0
 335    6680.00    6700.00  0.000000000000000E+00  0.000000000000000E+00 0
 336    6700.00    6720.00  0.000000000000000E+00  0.000000000000000E+00 0
 337    6720.00    6740.00  0.000000000000000E+00  0.000000000000000E+00 0
 338    6740.00    6760.00  0.000000000000000E+00  0.000000000000000E+00 0
 339    6760.00    6780.00  0.000000000000000E+00  0.000000000000000E+00 0
 340    6780.00    6800.00  0.000000000000000E+00  0.000000000000000E+00 0
 341    6800.00    6820.00  0.000000000000000E+00  0.000000000000000E+00 0
 342    6820.00    6840.00  0.000000000000000E+00  0.000000000000000E+00 0
 343    6840.00    6860.00  0.000000000000000E+00  0.000000000000000E+00 0
 344    6860.00    6880.00  0.000000000000000E+00  0.000000000000000E+00 0
 345    6880.00    6900.00  0.000000000000000E+00  0.000000000000000E+00 0
 346    6900.00    6920.00  0.000000000000000E+00  0.000000000000000E+00 0
 347    6920.00    6940.00  0.000000000000000E+00  0.000000000000000E+00 0
 348    6940.00    6960.00  0.000000000000000E+00  0.000000000000000E+00 0
 349    6960.00    6980.00  0.000000000000000E+00  0.000000000000000E+00 0
 350    6980.00    7000.00  0.000000000000000E+00  0.000000000000000E+00 0
 351    7000.00    7020.00  0.000000000000000E+00  0.000000000000000E+00 0
 352    7020.00    7040.00  0.000000000000000E+00  0.000000000000000E+00 0
 353    7040.00    7060.00  0.000000000000000E+00  0.000000000000000E+00 0
 354    7060.00    7080.00  0.000000000000000E+00  0.000000000000000E+00 0
 355    7080.00    7100.00  0.000000000000000E+00  0.000000000000000E+00 0
 356    7100.00    7120.00  0.000000000000000E+00  0.000000000000000E+00 0
 357    7120.00    7140.00  0.000000000000000E+00  0.000000000000000E+00 0
 358    7140.00    7160.00  0.000000000000000E+00  0.000000000000000E+00 0
 359    7160.00    7180.00  0.000000000000000E+00  0.000000000000000E+00 0
 360    7180.00    7200.00  0.000000000000000E+00  0.000000000000000E+00 0
 361    7200.00    7220.00  0.000000000000000E+00  0.000000000000000E+00 0
 362    7220.00    7240.00  0.000000000000000E+00  0.000000000000000E+00 0
 363    7240.00    7260.00  0.000000000000000E+00  0.000000000000000E+00 0
 364    7260.00    7280.00  0.000000000000000E+00  0.000000000000000E+00 0
 365    7280.00    7300.00  0.000000000000000E+00  0.000000000000000E+00 0
 366    7300.00    7320.00  0.000000000000000E+00  0.000000000000000E+00 0
 367    7320.00    7340.00  0.000000000000000E+00  0.000000000000000E+00 0
 368    7340.00    7360.00  0.000000000000000E+00  0.000000000000000E+00 0
 369    7360.00    7380.00  0.000000000000000E+00  0.000000000000000E+00 0
 370    7380.00    7400.00  0.000000000000000E+00  0.000000000000000E+00 0
 371    7400.00    7420.00  0.000000000000000E+00  0.000000000000000E+00 0
 372    7420.00    7440.00  0.000000000000000E+00  0.000000000000000E+00 0
 373    7440.00    7460.00  0.000000000000000E+00  0.000000000000000E+00 0
 374    7460.00    7480.00  0.000000000000000E+00  0.000000000000000E+00 0
 375    7480.00    7500.00  0.000000000000000E+00  0.000000000000000E+00 0
 376    7500.00    7520.00  0.000000000000000E+00  0.000000000000000E+00 0
 377    7520.00    7540.00  0.000000000000000E+00  0.000000000000000E+00 0
 378    7540.00    7560.00  0.000000000000000E+00  0.000000000000000E+00 0
 379    7560.00    7580.00  0.000000000000000E+00  0.000000000000000E+00 0
 380    7580.00    7600.00  0.000000000000000E+00  0.000000000000000E+00 0
 381    7600.00    7620.00  0.000000000000000E+00  0.000000000000000E+00 0
 382    7620.00    7640.00  0.000000000000000E+00  0.000000000000000E+00 0
 383    7640.00    7660.00  0.000000000000000E+00  0.000000000000000E+00 0
 384    7660.00    7680.00  0.000000000000000E+00  0.000000000000000E+00 0
 385    7680.00    7700.00  0.000000000000000E+00  0.000000000000000E+00 0
 386    7700.00    7720.00  0.000000000000000E+00  0.000000000000000E+00 0
 387    7720.00    7740.00  0.000000000000000E+00  0.000000000000000E+00 0
 388    7740.00    7760.00  0.000000000000000E+00  0.000000000000000E+00 0
 389    7760.00    7780.00  0.000000000000000E+00  0.000000000000000E+00 0
 390    7780.00    7800.00  0.000000000000000E+00  0.000000000000000E+00 0
 391    7800.00    7820.00  0.000000000000000E+00  0.000000000000000E+00 0
 392    7820.00    7840.00  0.000000000000000E+00  0.000000000000000E+00 0
 393    7840.00    7860.00  0.000000000000000E+00  0.000000000000000E+00 0
 394    7860.00    7880.00  0.000000000000000E+00  0.000000000000000E+00 0
 395    7880.00    7900.00  0.000000000000000E+00  0.000000000000000E+00 0
 396    7900.00    7920.00  0.000000000000000E+00  0.000000000000000E+00 0
 397    7920.00    7940.00  0.000000000000000E+00  0.000000000000000E+00 0
 398    7940.00    7960.00  0.000000000000000E+00  0.000000000000000E+00 0
 399    7960.00    7980.00  0.000000000000000E+00  0.000000000000000E+00 0
 400    7980.00    8000.00  0.000000000000000E+00  0.000000000000000E+00 0
 401    8000.00    8020.00  0.000000000000000E+00  0.000000000000000E+00 0
 402    8020.00    8040.00  0.000000000000000E+00  0.000000000000000E+00 0
 403    8040.00    8060.00  0.000000000000000E+00  0.000000000000000E+00 0
 404    8060.00    8080.00  0.000000000000000E+00  0.000000000000000E+00 0
 405    8080.00    8100.00  0.000000000000000E+00  0.000000000000000E+00 0
 406    8100.00    8120.00  0.000000000000000E+00  0.000000000000000E+00 0
 407    8120.00    8140.00  0.000000000000000E+00  0.000000000000000E+00 0
 408    8140.00    8160.00  0.000000000000000E+00  0.000000000000000E+00 0
 409    8160.00    8180.00  0.000000000000000E+00  0.000000000000000E+00 0
 410    8180.00    8200.00  0.000000000000000E+00  0.000000000000000E+00 0
 411    8200.00    8220.00  0.000000000000000E+00  0.000000000000000E+00 0
 412    8220.00    8240.00  0.000000000000000E+00  0.000000000000000E+00 0
 413    8240.00    8260.00  0.000000000000000E+00  0.000000000000000E+00 0
 414    8260.00    8280.00  0.000000000000000E+00  0.000000000000000E+00 0
 415    8280.00    8300.00  0.000000000000000E+00  0.000000000000000E+00 0
 416    8300.00    8320.00  0.000000000000000E+00  0.000000000000000E+00 0
 417    8320.00    8340.00  0.000000000000000E+00  0.000000000000000E+00 0
 418    8340.00    8360.00  0.000000000000000E+00  0.000000000000000E+00 0
 419    8360.00    8380.00  0.000000000000000E+00  0.000000000000000E+00 0
 420    8380.00    8400.00  0.000000000000000E+00  0.000000000000000E+00 0
 421    8400.00    8420.00  0.000000000000000E+00  0.000000000000000E+00 0
 422    8420.00    8440.00  0.000000000000000E+00  0.000000000000000E+00 0
 423    8440.00    8460.00  0.000000000000000E+00  0.000000000000000E+00 0
 424    8460.00    8480.00  0.000000000000000E+00  0.000000000000000E+00 0
 425    8480.00    8500.00  0.000000000000000E+00  0.000000000000000E+00 0
 426    8500.00    8520.00  0.000000000000000E+00  0.000000000000000E+00 0
 427    8520.00    8540.00  0.000000000000000E+00  0.000000000000000E+00 0
 428    8540.00    8560.00  0.000000000000000E+00  0.000000000000000E+00 0
 429    8560.00    8580.00  0.000000000000000E+00  0.000000000000000E+00 0
 430    8580.00    8600.00  0.000000000000000E+00  0.000000000000000E+00 0
 431    8600.00    8620.00  0.000000000000000E+00  0.000000000000000E+00 0
 432    8620.00    8640.00  0.000000000000000E+00  0.000000000000000E+00 0
 433    8640.00    8660.00  0.000000000000000E+00  0.000000000000000E+00 0
 434    8660.00    8680.00  0.000000000000000E+00  0.000000000000000E+00 0
 435    8680.00    8700.00  0.000000000000000E+00  0.000000000000000E+00 0
 436    8700.00    8720.00  0.000000000000000E+00  0.000000000000000E+00 0
 437    8720.00    8740.00  0.000000000000000E+00  0.000000000000000E+00 0
 438    8740.00    8760.00  0.000000000000000E+00  0.000000000000000E+00 0
 439    8760.00    8780.00  0.000000000000000E+00  0.000000000000000E+00 0
 440    8780.00    8800.00  0.000000000000000E+00  0.000000000000000E+00 0
 441    8800.00    8820.00  0.000000000000000E+00  0.000000000000000E+00 0
 442    8820.00    8840.00  0.000000000000000E+00  0.000000000000000E+00 0
 443    8840.00    8860.00  0.000000000000000E+00  0.000000000000000E+00 0
 444    8860.00    8880.00  0.000000000000000E+00  0.000000000000000E+00 0
 445    8880.00    8900.00  0.000000000000000E+00  0.000000000000000E+00 0
 446    8900.00    8920.00  0.000000000000000E+00  0.000000000000000E+00 0
 447    8920.00    8940.00  0.000000000000000E+00  0.000000000000000E+00 0
 448    8940.00    8960.00  0.000000000000000E+00  0.000000000000000E+00 0
 449    8960.00    8980.00  0.000000000000000E+00  0.000000000000000E+00 0
 450    8980.00    9000.00  0.000000000000000E+00  0.000000000000000E+00 0
 451    9000.00    9020.00  0.000000000000000E+00  0.000000000000000E+00 0
 452    9020.00    9040.00  0.000000000000000E+00  0.000000000000000E+00 0
 453    9040.00    9060.00  0.000000000000000E+00  0.000000000000000E+00 0
 454    9060.00    9080.00  0.000000000000000E+00  0.000000000000000E+00 0
 455    9080.00    9100.00  0.000000000000000E+00  0.000000000000000E+00 0
 456    9100.00    9120.00  0.000000000000000E+00  0.000000000000000E+00 0
 457    9120.00    9140.00  0.000000000000000E+00  0.000000000000000E+00 0
 458    9140.00    9160.00  0.000000000000000E+00  0.000000000000000E+00 0
 459    9160.00    9180.00  0.000000000000000E+00  0.000000000000000E+00 0
 460    9180.00    9200.00  0.000000000000000E+00  0.000000000000000E+00 0
 461    9200.00    9220.00  0.000000000000000E+00  0.000000000000000E+00 0
 462    9220.00    9240.00  0.000000000000000E+00  0.000000000000000E+00 0
 463    9240.00    9260.00  0.000000000000000E+00  0.000000000000000E+00 0
 464    9260.00    9280.00  0.000000000000000E+00  0.000000000000000E+00 0
 465    9280.00    9300.00  0.000000000000000E+00  0.000000000000000E+00 0
 466    9300.00    9320.00  0.000000000000000E+00  0.000000000000000E+00 0
 467    9320.00    9340.00  0.000000000000000E+00  0.000000000000000E+00 0
 468    9340.00    9360.00  0.000000000000000E+00  0.000000000000000E+00 0
 469    9360.00    9380.00  0.000000000000000E+00  0.000000000000000E+00 0
 470    9380.00    9400.00  0.000000000000000E+00  0.000000000000000E+00 0
 471    9400.00    9420.00  0.000000000000000E+00  0.000000000000000E+00 0
 472    9420.00    9440.00  0.000000000000000E+00  0.000000000000000E+00 0
 473    9440.00    9460.00  0.000000000000000E+00  0.000000000000000E+00 0
 474    9460.00    9480.00  0.000000000000000E+00  0.000000000000000E+00 0
 475    9480.00    9500.00  0.000000000000000E+00  0.000000000000000E+00 0
 476    9500.00    9520.00  0.000000000000000E+00  0.000000000000000E+00 0
 477    9520.00    9540.00  0.000000000000000E+00  0.000000000000000E+00 0
 478    9540.00    9560.00  0.000000000000000E+00  0.000000000000000E+00 0
 479    9560.00    9580.00  0.000000000000000E+00  0.000000000000000E+00 0
 480    9580.00    9600.00  0.000000000000000E+00  0.000000000000000E+00 0
 481    9600.00    9620.00  0.000000000000000E+00  0.000000000000000E+00 0
 482    9620.00    9640.00  0.000000000000000E+00  0.000000000000000E+00 0
 483    9640.00    9660.00  0.000000000000000E+00  0.000000000000000E+00 0
 484    9660.00    9680.00  0.000000000000000E+00  0.000000000000000E+00 0
 485    9680.00    9700.00  0.000000000000000E+00  0.000000000000000E+00 0
 486    9700.00    9720.00  0.000000000000000E+00  0.000000000000000E+00 0
 487    9720.00    9740.00  0.000000000000000E+00  0.000000000000000E+00 0
 488    9740.00    9760.00  0.000000000000000E+00  0.000000000000000E+00 0
 489    9760.00    9780.00  0.000000000000000E+00  0.000000000000000E+00 0
 490    9780.00    9800.00  0.000000000000000E+00  0.000000000000000E+00 0
 491    9800.00    9820.00  0.000000000000000E+00  0.000000000000000E+00 0
 492    9820.00    9840.00  0.000000000000000E+00  0.000000000000000E+00 0
 493    9840.00    9860.00  0.000000000000000E+00  0.000000000000000E+00 0
 494    9860.00    9880.00  0.000000000000000E+00  0.000000000000000E+00 0
 495    9880.00    9900.00  0.000000000000000E+00  0.000000000000000E+00 0
 496    9900.00    9920.00  0.000000000000000E+00  0.000000000000000E+00 0
 497    9920.00    9940.00  0.000000000000000E+00  0.000000000000000E+00 0
 498    9940.00    9960.00  0.000000000000000E+00  0.000000000000000E+00 0
 499    9960.00    9980.00  0.000000000000000E+00  0.000000000000000E+00 0
 500    9980.00   10000.00  0.000000000000000E+00  0.000000000000000E+00 0
 501   10000.00   10020.00  0.000000000000000E+00  0.000000000000000E+00 0
 502   10020.00   10040.00  0.000000000000000E+00  0.000000000000000E+00 0
 503   10040.00   10060.00  0.000000000000000E+00  0.000000000000000E+00 0
 504   10060.00   10080.00  0.000000000000000E+00  0.000000000000000E+00 0
 505   10080.00   10100.00  0.000000000000000E+00  0.000000000000000E+00 0
 506   10100.00   10120.00  0.000000000000000E+00  0.000000000000000E+00 0
 507   10120.00   10140.00  0.000000000000000E+00  0.000000000000000E+00 0
 508   10140.00   10160.00  0.000000000000000E+00  0.000000000000000E+00 0
 509   10160.00   10180.00  0.000000000000000E+00  0.000000000000000E+00 0
 510   10180.00   10200.00  0.000000000000000E+00  0.000000000000000E+00 0
 511   10200.00   10220.00  0.000000000000000E+00  0.000000000000000E+00 0
 512   10220.00   10240.00  0.000000000000000E+00  0.000000000000000E+00 0
 513   10240.00   10260.00  0.000000000000000E+00  0.000000000000000E+00 0
 514   10260.00   10280.00  0.000000000000000E+00  0.000000000000000E+00 0
 515   10280.00   10300.00  0.000000000000000E+00  0.000000000000000E+00 0
 516   10300.00   10320.00  0.000000000000000E+00  0.000000000000000E+00 0
 517   10320.00   10340.00  0.000000000000000E+00  0.000000000000000E+00 0
 518   10340.00   10360.00  0.000000000000000E+00  0.000000000000000E+00 0
 519   10360.00   10380.00  0.000000000000000E+00  0.000000000000000E+00 0
 520   10380.00   10400.00  0.000000000000000E+00  0.000000000000000E+00 0
 521   10400.00   10420.00  0.000000000000000E+00  0.000000000000000E+00 0
 522   10420.00   10440.00  0.000000000000000E+00  0.000000000000000E+00 0
 523   10440.00   10460.00  0.000000000000000E+00  0.000000000000000E+00 0
 524   10460.00   10480.00  0.000000000000000E+00  0.000000000000000E+00 0
 525   10480.00   10500.00  0.000000000000000E+00  0.000000000000000E+00 0
 526   10500.00   10520.00  0.000000000000000E+00  0.000000000000000E+00 0
 527   10520.00   10540.00  0.000000000000000E+00  0.000000000000000E+00 0
 528   10540.00   10560.00  0.000000000000000E+00  0.000000000000000E+00 0
 529   10560.00   10580.00  0.000000000000000E+00  0.000000000000000E+00 0
 530   10580.00   10600.00  0.000000000000000E+00  0.000000000000000E+00 0
 531   10600.00   10620.00  0.000000000000000E+00  0.000000000000000E+00 0
 532   10620.00   10640.00  0.000000000000000E+00  0.000000000000000E+00 0
 533   10640.00   10660.00  0.000000000000000E+00  0.000000000000000E+00 0
 534   10660.00   10680.00  0.000000000000000E+00  0.000000000000000E+00 0
 535   10680.00   10700.00  0.000000000000000E+00  0.000000000000000E+00 0
 536   10700.00   10720.00  0.000000000000000E+00  0.000000000000000E+00 0
 537   10720.00   10740.00  0.000000000000000E+00  0.000000000000000E+00 0
 538   10740.00   10760.00  0.000000000000000E+00  0.000000000000000E+00 0
 539   10760.00   10780.00  0.000000000000000E+00  0.000000000000000E+00 0
 540   10780.00   10800.00  0.000000000000000E+00  0.000000000000000E+00 0
 541   10800.00   10820.00  0.000000000000000E+00  0.000000000000000E+00 0
 542   10820.00   10840.00  0.000000000000000E+00  0.000000000000000E+00 0
 543   10840.00   10860.00  0.000000000000000E+00  0.000000000000000E+00 0
 544   10860.00   10880.00  0.000000000000000E+00  0.000000000000000E+00 0
 545   10880.00   10900.00  0.000000000000000E+00  0.000000000000000E+00 0
 546   10900.00   10920.00  0.000000000000000E+00  0.000000000000000E+00 0
 547   10920.00   10940.00  0.000000000000000E+00  0.000000000000000E+00 0
 548   10940.00   10960.00  0.000000000000000E+00  0.000000000000000E+00 0
 549   10960.00   10980.00  0.000000000000000E+00  0.000000000000000E+00 0
 550   10980.00   11000.00  0.000000000000000E+00  0.000000000000000E+00 0
 551   11000.00   11020.00  0.000000000000000E+00  0.000000000000000E+00 0
 552   11020.00   11040.00  0.000000000000000E+00  0.000000000000000E+00 0
 553   11040.00   11060.00  0.000000000000000E+00  0.000000000000000E+00 0
 554   11060.00   11080.00  0.000000000000000E+00  0.000000000000000E+00 0
 555   11080.00   11100.00  0.000000000000000E+00  0.000000000000000E+00 0
 556   11100.00   11120.00  0.000000000000000E+00  0.000000000000000E+00 0
 557   11120.00   11140.00  0.000000000000000E+00  0.000000000000000E+00 0
 558   11140.00   11160.00  0.000000000000000E+00  0.000000000000000E+00 0
 559   11160.00   11180.00  0.000000000000000E+00  0.000000000000000E+00 0
 560   11180.00   11200.00  0.000000000000000E+00  0.000000000000000E+00 0
 561   11200.00   11220.00  0.000000000000000E+00  0.000000000000000E+00 0
 562   11220.00   11240.00  0.000000000000000E+00  0.000000000000000E+00 0
 563   11240.00   11260.00  0.000000000000000E+00  0.000000000000000E+00 0
 564   11260.00   11280.00  0.000000000000000E+00  0.000000000000000E+00 0
 565   11280.00   11300.00  0.000000000000000E+00  0.000000000000000E+00 0
 566   11300.00   11320.00  0.000000000000000E+00  0.000000000000000E+00 0
 567   11320.00   11340.00  0.000000000000000E+00  0.000000000000000E+00 0
 568   11340.00   11360.00  0.000000000000000E+00  0.000000000000000E+00 0
 569   11360.00   11380.00  0.000000000000000E+00  0.000000000000000E+00 0
 570   11380.00   11400.00  0.000000000000000E+00  0.000000000000000E+00 0
 571   11400.00   11420.00  0.000000000000000E+00  0.000000000000000E+00 0
 572   11420.00   11440.00  0.000000000000000E+00  0.000000000000000E+00 0
 573   11440.00   11460.00  0.000000000000000E+00  0.000000000000000E+00 0
 574   11460.00   11480.00  0.000000000000000E+00  0.000000000000000E+00 0
 575   11480.00   11500.00  0.000000000000000E+00  0.000000000000000E+00 0
 576   11500.00   11520.00  0.000000000000000E+00  0.000000000000000E+00 0
 577   11520.00   11540.00  0.000000000000000E+00  0.000000000000000E+00 0
 578   11540.00   11560.00  0.000000000000000E+00  0.000000000000000E+00 0
 579   11560.00   11580.00  0.000000000000000E+00  0.000000000000000E+00 0
 580   11580.00   11600.00  0.000000000000000E+00  0.000000000000000E+00 0
 581   11600.00   11620.00  0.000000000000000E+00  0.000000000000000E+00 0
 582   11620.00   11640.00  0.000000000000000E+00  0.000000000000000E+00 0
 583   11640.00   11660.00  0.000000000000000E+00  0.000000000000000E+00 0
 584   11660.00   11680.00  0.000000000000000E+00  0.000000000000000E+00 0
 585   11680.00   11700.00  0.000000000000000E+00  0.000000000000000E+00 0
 586   11700.00   11720.00  0.000000000000000E+00  0.000000000000000E+00 0
 587   11720.00   11740.00  0.000000000000000E+00  0.000000000000000E+00 0
 588   11740.00   11760.00  0.000000000000000E+00  0.000000000000000E+00 0
 589   11760.00   11780.00  0.000000000000000E+00  0.000000000000000E+00 0
 590   11780.00   11800.00  0.000000000000000E+00  0.000000000000000E+00 0
 591   11800.00   11820.00  0.000000000000000E+00  0.000000000000000E+00 0
 592   11820.00   11840.00  0.000000000000000E+00  0.000000000000000E+00 0
 593   11840.00   11860.00  0.000000000000000E+00  0.000000000000000E+00 0
 594   11860.00   11880.00  0.000000000000000E+00  0.000000000000000E+00 0
 595   11880.00   11900.00  0.000000000000000E+00  0.000000000000000E+00 0
 596   11900.00   11920.00  0.000000000000000E+00  0.000000000000000E+00 0
 597   11920.00   11940.00  0.000000000000000E+00  0.000000000000000E+00 0
 598   11940.00   11960.00  0.000000000000000E+00  0.000000000000000E+00 0
 599   11960.00   11980.00  0.000000000000000E+00  0.000000000000000E+00 0
 600   11980.00   12000.00  0.000000000000000E+00  0.000000000000000E+00 0
 601   12000.00   12020.00  0.000000000000000E+00  0.000000000000000E+00 0
 602   12020.00   12040.00  0.000000000000000E+00  0.000000000000000E+00 0
 603   12040.00   12060.00  0.000000000000000E+00  0.000000000000000E+00 0
 604   12060.00   12080.00  0.000000000000000E+00  0.000000000000000E+00 0
 605   12080.00   12100.00  0.000000000000000E+00  0.000000000000000E+00 0
 606   12100.00   12120.00  0.000000000000000E+00  0.000000000000000E+00 0
 607   12120.00   12140.00  0.000000000000000E+00  0.000000000000000E+00 0
 608   12140.00   12160.00  0.000000000000000E+00  0.000000000000000E+00 0
 609   12160.00   12180.00  0.000000000000000E+00  0.000000000000000E+00 0
 610   12180.00   12200.00  0.000000000000000E+00  0.000000000000000E+00 0
 611   12200.00   12220.00  0.000000000000000E+00  0.000000000000000E+00 0
 612   12220.00   12240.00  0.000000000000000E+00  0.000000000000000E+00 0
 613   12240.00   12260.00  0.000000000000000E+00  0.000000000000000E+00 0
 614   12260.00   12280.00  0.000000000000000E+00  0.000000000000000E+00 0
 615   12280.00   12300.00  0.000000000000000E+00  0.000000000000000E+00 0
 616   12300.00   12320.00  0.000000000000000E+00  0.000000000000000E+00 0
 617   12320.00   12340.00  0.000000000000000E+00  0.000000000000000E+00 0
 618   12340.00   12360.00  0.000000000000000E+00  0.000000000000000E+00 0
 619   12360.00   12380.00  0.000000000000000E+00  0.000000000000000E+00 0
 620   12380.00   12400.00  0.000000000000000E+00  0.000000000000000E+00 0
 621   12400.00   12420.00  0.000000000000000E+00  0.000000000000000E+00 0
 622   12420.00   12440.00  0.000000000000000E+00  0.000000000000000E+00 0
 623   12440.00   12460.00  0.000000000000000E+00  0.000000000000000E+00 0
 624   12460.00   12480.00  0.000000000000000E+00  0.000000000000000E+00 0
 625   12480.00   12500.00  0.000000000000000E+00  0.000000000000000E+00 0
 626   12500.00   12520.00  0.000000000000000E+00  0.000000000000000E+00 0
 627   12520.00   12540.00  0.000000000000000E+00  0.000000000000000E+00 0
 628   12540.00   12560.00  0.000000000000000E+00  0.000000000000000E+00 0
 629   12560.00   12580.00  0.000000000000000E+00  0.000000000000000E+00 0
 630   12580.00   12600.00  0.000000000000000E+00  0.000000000000000E+00 0
 631   12600.00   12620.00  0.000000000000000E+00  0.000000000000000E+00 0
 632   12620.00   12640.00  0.000000000000000E+00  0.000000000000000E+00 0
 633   12640.00   12660.00  0.000000000000000E+00  0.000000000000000E+00 0
 634   12660.00   12680.00  0.000000000000000E+00  0.000000000000000E+00 0
 635   12680.00   12700.00  0.000000000000000E+00  0.000000000000000E+00 0
 636   12700.00   12720.00  0.000000000000000E+00  0.000000000000000E+00 0
 637   12720.00   12740.00  0.000000000000000E+00  0.000000000000000E+00 0
 638   12740.00   12760.00  0.000000000000000E+00  0.000000000000000E+00 0
 639   12760.00   12780.00  0.000000000000000E+00  0.000000000000000E+00 0
 640   12780.00   12800.00  0.000000000000000E+00  0.000000000000000E+00 0
 641   12800.00   12820.00  0.000000000000000E+00  0.000000000000000E+00 0
 642   12820.00   12840.00  0.000000000000000E+00  0.000000000000000E+00 0
 643   12840.00   12860.00  0.000000000000000E+00  0.000000000000000E+00 0
 644   12860.00   12880.00  0.000000000000000E+00  0.000000000000000E+00 0
 645   12880.00   12900.00  0.000000000000000E+00  0.000000000000000E+00 0
 646   12900.00   12920.00  0.000000000000000E+00  0.000000000000000E+00 0
 647   12920.00   12940.00  0.000000000000000E+00  0.000000000000000E+00 0
 648   12940.00   12960.00  0.000000000000000E+00  0.000000000000000E+00 0
 649   12960.00   12980.00  0.000000000000000E+00  0.000000000000000E+00 0
 650   12980.00   13000.00  0.000000000000000E+00  0.000000000000000E+00 0
# Underflow:                 0.0000000000000000E+00  0.0000000000000000E+00 0
# Overflow:                  0.0000000000000000E+00  0.0000000000000000E+00 0
#-------------------------------------------------------------------------------------
# Sum:                       5.6305534675444050E-03  8.6536155209203869E-07 667479000
#=====================================================================================
