# title = Invariant Mass visible System
# xlabel = $M_{\text{e}^+\mu^+\text{j}_1\text{j}_2}\,$[GeV]
# ylabel = $\frac{\text{d}\sigma}{\text{d}M_{\text{e}^+\mu^+\text{j}_1\text{j}_2}}\,\left[\frac{\text{fb}}{\text{GeV}}\right]$
# xmin=  0.000E+00
# xmax=  1.600E+03
# ymin=  1.000E-06
# ymax=  1.000E-02
# kmin= -2.000E+01
# kmax=  1.000E+01
# logscale = true
# Renormalization and factorization scale scaled by: 1.0000000000
# Renormalization scaled by: .0000000000
# Number of generated events: 7531973577
#
#=====================================================================================
# No.       Left      Right                   Value                   Error Hits
#-------------------------------------------------------------------------------------
   1       0.00      40.00  0.000000000000000E+00  0.000000000000000E+00 0
   2      40.00      80.00  0.000000000000000E+00  0.000000000000000E+00 0
   3      80.00     120.00  0.000000000000000E+00  0.000000000000000E+00 0
   4     120.00     160.00  0.000000000000000E+00  0.000000000000000E+00 0
   5     160.00     200.00  0.000000000000000E+00  0.000000000000000E+00 0
   6     200.00     240.00  0.000000000000000E+00  0.000000000000000E+00 0
   7     240.00     280.00  0.000000000000000E+00  0.000000000000000E+00 0
   8     280.00     320.00  0.000000000000000E+00  0.000000000000000E+00 0
   9     320.00     360.00  0.000000000000000E+00  0.000000000000000E+00 0
  10     360.00     400.00  0.000000000000000E+00  0.000000000000000E+00 0
  11     400.00     440.00  0.000000000000000E+00  0.000000000000000E+00 0
  12     440.00     480.00  0.000000000000000E+00  0.000000000000000E+00 0
  13     480.00     520.00  0.000000000000000E+00  0.000000000000000E+00 0
  14     520.00     560.00  1.345444206459646E-06  9.088671975972330E-09 249125
  15     560.00     600.00  5.200131372667038E-05  5.720406063577165E-08 15241745
  16     600.00     640.00  1.899610806533070E-04  1.128242972005315E-07 45443468
  17     640.00     680.00  3.447596187910555E-04  1.595051326097360E-07 67386926
  18     680.00     720.00  4.770974168907399E-04  1.977128077908751E-07 82684111
  19     720.00     760.00  5.820475251744985E-04  2.280262572375735E-07 93350926
  20     760.00     800.00  6.624832389142479E-04  2.535832693476761E-07 100702172
  21     800.00     840.00  7.237455118507931E-04  2.759530125055908E-07 105618580
  22     840.00     880.00  7.709337030157849E-04  2.967594174266820E-07 108770121
  23     880.00     920.00  8.051314766088859E-04  3.146829595025682E-07 110597419
  24     920.00     960.00  8.301726635428869E-04  3.309955145663671E-07 111428456
  25     960.00    1000.00  8.476900024396534E-04  3.451065586974361E-07 111521747
  26    1000.00    1040.00  8.594665336460374E-04  3.602329024916045E-07 111092165
  27    1040.00    1080.00  8.651227053510807E-04  3.725027162978292E-07 110218315
  28    1080.00    1120.00  8.649606846850810E-04  3.827043407199689E-07 109013010
  29    1120.00    1160.00  8.637045014377535E-04  3.945872870677908E-07 107613946
  30    1160.00    1200.00  8.580768043774598E-04  4.047103977362044E-07 106014976
  31    1200.00    1240.00  8.496518483301371E-04  4.132394151391496E-07 104270715
  32    1240.00    1280.00  8.398888129588047E-04  4.212333580443013E-07 102454514
  33    1280.00    1320.00  8.285165016304529E-04  4.310812276669359E-07 100517347
  34    1320.00    1360.00  8.143901772050853E-04  4.363515201681153E-07 98593865
  35    1360.00    1400.00  8.007865113775243E-04  4.422091532214355E-07 96634621
  36    1400.00    1440.00  7.850069812377556E-04  4.483893168447290E-07 94653102
  37    1440.00    1480.00  7.695566380159794E-04  4.543194985496998E-07 92675770
  38    1480.00    1520.00  7.522619822983317E-04  4.564255213942989E-07 90717347
  39    1520.00    1560.00  7.346616036807890E-04  4.613790642124046E-07 88766895
  40    1560.00    1600.00  7.167658022321389E-04  4.627728549481445E-07 86835879
  41    1600.00    1640.00  6.986796288292416E-04  4.647434492037147E-07 84948013
  42    1640.00    1680.00  6.806643515241631E-04  4.666852998969704E-07 83087006
  43    1680.00    1720.00  6.627744156373660E-04  4.821379491539406E-07 81239913
  44    1720.00    1760.00  6.444016312643751E-04  4.699812492345654E-07 79434011
  45    1760.00    1800.00  6.269979988106079E-04  4.714735853980689E-07 77674864
  46    1800.00    1840.00  6.097633620146708E-04  4.734277877001869E-07 75963123
  47    1840.00    1880.00  5.918982542516042E-04  4.728659334889782E-07 74263502
  48    1880.00    1920.00  5.727973480514553E-04  4.684111217051574E-07 72612829
  49    1920.00    1960.00  5.550004929895673E-04  4.720516351027415E-07 70976783
  50    1960.00    2000.00  5.385985748291518E-04  4.666665822333187E-07 69404078
  51    2000.00    2040.00  5.221011217747823E-04  4.635629104145094E-07 67871866
  52    2040.00    2080.00  5.062808210979457E-04  4.618454699178047E-07 66369852
  53    2080.00    2120.00  4.906330986620177E-04  4.666987218977780E-07 64913667
  54    2120.00    2160.00  4.740780909702799E-04  4.576476326619395E-07 63480734
  55    2160.00    2200.00  4.577183423790048E-04  4.519627860441011E-07 62068673
  56    2200.00    2240.00  4.434257066706999E-04  4.503051903001451E-07 60729191
  57    2240.00    2280.00  4.280558027831516E-04  4.497350546610674E-07 59402870
  58    2280.00    2320.00  4.135134537738108E-04  4.435145687545683E-07 58114369
  59    2320.00    2360.00  3.998120568305775E-04  4.415971095608717E-07 56859445
  60    2360.00    2400.00  3.859107435809599E-04  4.320740581895843E-07 55634583
  61    2400.00    2440.00  3.719236333342616E-04  4.280261235540051E-07 54434374
  62    2440.00    2480.00  3.591182761477966E-04  4.242052733055791E-07 53278516
  63    2480.00    2520.00  3.462061863286013E-04  4.215106379650477E-07 52140632
  64    2520.00    2560.00  3.336616498831622E-04  4.133074544887258E-07 51023337
  65    2560.00    2600.00  3.222508140237043E-04  4.099275992938758E-07 49950802
  66    2600.00    2640.00  3.102089902407207E-04  4.032846484884562E-07 48902269
  67    2640.00    2680.00  2.990082752685252E-04  3.982127633634023E-07 47873029
  68    2680.00    2720.00  2.869216238403385E-04  3.881694795852591E-07 46874624
  69    2720.00    2760.00  2.767680872670242E-04  3.850029793863747E-07 45902485
  70    2760.00    2800.00  2.666943637245337E-04  3.755465718814324E-07 44939525
  71    2800.00    2840.00  2.569411437361890E-04  3.774184266867385E-07 43997998
  72    2840.00    2880.00  2.466696190648956E-04  3.645151333607892E-07 43101936
  73    2880.00    2920.00  2.382173049426602E-04  3.623508175524397E-07 42215527
  74    2920.00    2960.00  2.282549194546134E-04  3.583977673055520E-07 41359858
  75    2960.00    3000.00  2.201975688232556E-04  3.462154249322692E-07 40523459
  76    3000.00    3040.00  2.110187448787611E-04  3.383845313486618E-07 39694753
  77    3040.00    3080.00  2.030397330694115E-04  3.320027557962730E-07 38904494
  78    3080.00    3120.00  1.949604180723514E-04  3.275747153086421E-07 38126874
  79    3120.00    3160.00  1.876423011504106E-04  3.212051424124362E-07 37372495
  80    3160.00    3200.00  1.798812653402435E-04  3.205828203526898E-07 36619964
  81    3200.00    3240.00  1.729389380490462E-04  3.073485731020238E-07 35878773
  82    3240.00    3280.00  1.658560846316024E-04  2.971935079396163E-07 35189788
  83    3280.00    3320.00  1.589324215162399E-04  2.945451872579351E-07 34485156
  84    3320.00    3360.00  1.525671381057058E-04  2.855325471018187E-07 33804264
  85    3360.00    3400.00  1.460680922249446E-04  2.801671618915876E-07 33139401
  86    3400.00    3440.00  1.403686630128742E-04  2.706405053651090E-07 32499652
  87    3440.00    3480.00  1.344252295236873E-04  2.670312903231682E-07 31856778
  88    3480.00    3520.00  1.293428384448390E-04  2.626942749574147E-07 31253386
  89    3520.00    3560.00  1.230805296401910E-04  2.520268991148866E-07 30633656
  90    3560.00    3600.00  1.181981853901110E-04  2.478728297837073E-07 30057259
  91    3600.00    3640.00  1.131304938612197E-04  2.398848953238762E-07 29474448
  92    3640.00    3680.00  1.083730841501391E-04  2.360214822216328E-07 28917570
  93    3680.00    3720.00  1.037370315672157E-04  2.293079099675620E-07 28350520
  94    3720.00    3760.00  9.922749231261071E-05  2.250967275171724E-07 27823613
  95    3760.00    3800.00  9.500681737182447E-05  2.155128993679892E-07 27304846
  96    3800.00    3840.00  9.085765646709023E-05  2.108072229978505E-07 26777020
  97    3840.00    3880.00  8.657109722062911E-05  2.041899974251624E-07 26271547
  98    3880.00    3920.00  8.318903302184660E-05  1.997677586938590E-07 25786839
  99    3920.00    3960.00  7.961874359341843E-05  1.944500176467532E-07 25298772
 100    3960.00    4000.00  7.491631735262673E-05  1.854502784997287E-07 24817615
 101    4000.00    4040.00  7.228724314524685E-05  1.824575097099103E-07 24355444
 102    4040.00    4080.00  6.931317724451233E-05  1.767170461718224E-07 23900756
 103    4080.00    4120.00  6.573271679651001E-05  1.691159894002089E-07 23468869
 104    4120.00    4160.00  6.266988927653582E-05  1.634304416024379E-07 23031561
 105    4160.00    4200.00  6.008436220622982E-05  1.596937436914754E-07 22604829
 106    4200.00    4240.00  5.735407243710915E-05  1.566425530044609E-07 22188332
 107    4240.00    4280.00  5.462026298435461E-05  1.512283842739674E-07 21773595
 108    4280.00    4320.00  5.207436802131986E-05  1.469474663190474E-07 21368081
 109    4320.00    4360.00  4.951241384786820E-05  1.398246857912783E-07 20988958
 110    4360.00    4400.00  4.721013188095926E-05  1.364419441537341E-07 20603059
 111    4400.00    4440.00  4.499829456997915E-05  1.307345882828142E-07 20226758
 112    4440.00    4480.00  4.301148378061166E-05  1.274299889009141E-07 19857192
 113    4480.00    4520.00  4.089436797150323E-05  1.249826848631197E-07 19493223
 114    4520.00    4560.00  3.880883582821753E-05  1.185717802449513E-07 19135480
 115    4560.00    4600.00  3.712722185953367E-05  1.160737078724588E-07 18797322
 116    4600.00    4640.00  3.523595041993996E-05  1.123841476996106E-07 18454368
 117    4640.00    4680.00  3.345847475116774E-05  1.067050619656793E-07 18122008
 118    4680.00    4720.00  3.193954486329754E-05  1.045085134174911E-07 17798169
 119    4720.00    4760.00  3.003005833688970E-05  9.922047041475484E-08 17476730
 120    4760.00    4800.00  2.867347334440154E-05  9.615847538094432E-08 17156458
 121    4800.00    4840.00  2.735861488662935E-05  9.383730685688415E-08 16851754
 122    4840.00    4880.00  2.601422014215751E-05  8.980732110376006E-08 16544559
 123    4880.00    4920.00  2.456291965956533E-05  8.454884401448663E-08 16254416
 124    4920.00    4960.00  2.340091749213761E-05  8.282496255735883E-08 15966719
 125    4960.00    5000.00  2.220118194943128E-05  8.014598108392386E-08 15671807
 126    5000.00    5040.00  2.112293646293115E-05  7.680870490929443E-08 15392785
 127    5040.00    5080.00  1.997950299421287E-05  7.360140812568998E-08 15124748
 128    5080.00    5120.00  1.883212345183090E-05  7.087720230872372E-08 14849140
 129    5120.00    5160.00  1.800227612153725E-05  6.912968908351826E-08 14583556
 130    5160.00    5200.00  1.694087533706965E-05  6.434868944918919E-08 14315718
 131    5200.00    5240.00  1.619539913703454E-05  6.305126289009752E-08 14066693
 132    5240.00    5280.00  1.529098630304374E-05  6.189424984055717E-08 13822267
 133    5280.00    5320.00  1.452967347517900E-05  5.812614316500390E-08 13573218
 134    5320.00    5360.00  1.370685610120616E-05  5.558555112316590E-08 13332212
 135    5360.00    5400.00  1.292442460279199E-05  5.272585837101684E-08 13096711
 136    5400.00    5440.00  1.223006822608713E-05  5.084476825042087E-08 12859769
 137    5440.00    5480.00  1.157120432245379E-05  4.818941503925022E-08 12636076
 138    5480.00    5520.00  1.096735546541749E-05  4.681351086509272E-08 12407950
 139    5520.00    5560.00  1.031341852397918E-05  4.386029182627574E-08 12186701
 140    5560.00    5600.00  9.683181221004405E-06  4.199227703660672E-08 11971033
 141    5600.00    5640.00  9.249107354057490E-06  4.042478352590646E-08 11758792
 142    5640.00    5680.00  8.753426760464013E-06  3.958940077432798E-08 11548520
 143    5680.00    5720.00  8.245825749526268E-06  3.768622866789056E-08 11344884
 144    5720.00    5760.00  7.692208935358986E-06  3.574228147142718E-08 11145365
 145    5760.00    5800.00  7.352284023602627E-06  3.433141505832022E-08 10943204
 146    5800.00    5840.00  6.868541124224383E-06  3.207618336742435E-08 10749561
 147    5840.00    5880.00  6.501317601822465E-06  3.086918287715200E-08 10557373
 148    5880.00    5920.00  6.094162257027152E-06  2.938767438866737E-08 10370612
 149    5920.00    5960.00  5.790115542224132E-06  2.790099663898064E-08 10186116
 150    5960.00    6000.00  5.434028654141992E-06  2.700474371806310E-08 10003149
 151    6000.00    6040.00  5.098042847667690E-06  2.611201349135722E-08 9821014
 152    6040.00    6080.00  4.837158687251247E-06  2.475976708643808E-08 9650788
 153    6080.00    6120.00  4.532996432814589E-06  2.300219865963655E-08 9478620
 154    6120.00    6160.00  4.273295675829163E-06  2.241749481300880E-08 9313413
 155    6160.00    6200.00  3.958718123538879E-06  2.059404098883061E-08 9141633
 156    6200.00    6240.00  3.746148821339131E-06  1.989309372473103E-08 8975080
 157    6240.00    6280.00  3.505808558311204E-06  1.841327153054687E-08 8817321
 158    6280.00    6320.00  3.324547913288830E-06  1.796132766271430E-08 8658065
 159    6320.00    6360.00  3.096356751231146E-06  1.681737439926750E-08 8501688
 160    6360.00    6400.00  2.909581144187592E-06  1.646795343102955E-08 8353560
 161    6400.00    6440.00  2.758405651996121E-06  1.576556099166890E-08 8195711
 162    6440.00    6480.00  2.551164191028143E-06  1.438167065501527E-08 8052181
 163    6480.00    6520.00  2.401369747698753E-06  1.358185347453722E-08 7910914
 164    6520.00    6560.00  2.220688895201874E-06  1.289418707675785E-08 7765917
 165    6560.00    6600.00  2.131351745330542E-06  1.258157910323621E-08 7628596
 166    6600.00    6640.00  1.980058225823629E-06  1.240948852241672E-08 7482641
 167    6640.00    6680.00  1.843759817921002E-06  1.088142033620840E-08 7352940
 168    6680.00    6720.00  1.715667960801014E-06  1.029530528853987E-08 7214121
 169    6720.00    6760.00  1.603232689626140E-06  9.702319457959228E-09 7081814
 170    6760.00    6800.00  1.496961953036473E-06  9.045048073655584E-09 6958022
 171    6800.00    6840.00  1.391089788972644E-06  8.902884632188245E-09 6824262
 172    6840.00    6880.00  1.312324607833694E-06  8.345153715684657E-09 6705498
 173    6880.00    6920.00  1.225152157872833E-06  7.803311156804194E-09 6580259
 174    6920.00    6960.00  1.137055796546998E-06  7.381064654803054E-09 6457875
 175    6960.00    7000.00  1.071288668450678E-06  7.304999116505177E-09 6340903
 176    7000.00    7040.00  9.891259103072451E-07  6.467834637520255E-09 6224786
 177    7040.00    7080.00  9.292871895288181E-07  6.165334462230700E-09 6110139
 178    7080.00    7120.00  8.590236988941160E-07  5.781322889400570E-09 5993710
 179    7120.00    7160.00  8.007245149193464E-07  5.461662824038451E-09 5880965
 180    7160.00    7200.00  7.501396337398769E-07  5.246581415847887E-09 5772923
 181    7200.00    7240.00  6.857296432983792E-07  4.897956251380463E-09 5662088
 182    7240.00    7280.00  6.400958073971613E-07  4.425588393612271E-09 5556080
 183    7280.00    7320.00  6.000372390000372E-07  4.295543958547136E-09 5455018
 184    7320.00    7360.00  5.580219206174115E-07  3.955703459544872E-09 5351771
 185    7360.00    7400.00  5.169093223466673E-07  3.642487367441457E-09 5247785
 186    7400.00    7440.00  4.836565461685448E-07  3.657602687538359E-09 5147333
 187    7440.00    7480.00  4.478009283185382E-07  3.729909366782913E-09 5054258
 188    7480.00    7520.00  4.148205590678403E-07  3.156369274424297E-09 4956633
 189    7520.00    7560.00  3.798024299135622E-07  2.861120782785078E-09 4861251
 190    7560.00    7600.00  3.552750517569430E-07  2.655706576793260E-09 4767199
 191    7600.00    7640.00  3.247876101272491E-07  2.460326667650848E-09 4674595
 192    7640.00    7680.00  2.984282713151772E-07  2.268087887605824E-09 4590623
 193    7680.00    7720.00  2.766413293066549E-07  2.134164059312520E-09 4497157
 194    7720.00    7760.00  2.585248520475375E-07  2.005230189716164E-09 4412696
 195    7760.00    7800.00  2.372370574151705E-07  1.955864782968755E-09 4324291
 196    7800.00    7840.00  2.203798560966144E-07  1.785126121922669E-09 4235059
 197    7840.00    7880.00  2.033399564901839E-07  1.618560938308023E-09 4151734
 198    7880.00    7920.00  1.870293531594464E-07  1.520328019540997E-09 4070631
 199    7920.00    7960.00  1.712495943010629E-07  1.446570538586227E-09 3991456
 200    7960.00    8000.00  1.560875345019211E-07  1.310705424047197E-09 3914956
 201    8000.00    8040.00  1.449754420131113E-07  1.318996746439363E-09 3832878
 202    8040.00    8080.00  1.330754897796608E-07  1.144602834994543E-09 3756152
 203    8080.00    8120.00  1.226409721973696E-07  1.092703202169806E-09 3677797
 204    8120.00    8160.00  1.121826067329346E-07  1.003953616785512E-09 3603919
 205    8160.00    8200.00  1.033794917456458E-07  9.020709178356301E-10 3530264
 206    8200.00    8240.00  9.506950249316848E-08  8.608157589496213E-10 3462718
 207    8240.00    8280.00  8.565428532216019E-08  7.247634991253667E-10 3387892
 208    8280.00    8320.00  7.946200282200101E-08  7.217415390963882E-10 3317186
 209    8320.00    8360.00  7.146108940149183E-08  6.383018292469210E-10 3247343
 210    8360.00    8400.00  6.594521137424978E-08  5.914879769036104E-10 3182613
 211    8400.00    8440.00  6.091950531139583E-08  5.456747346006667E-10 3112163
 212    8440.00    8480.00  5.606516896803317E-08  5.288002896220697E-10 3046151
 213    8480.00    8520.00  5.027320789065796E-08  4.568485619515168E-10 2979556
 214    8520.00    8560.00  4.577871586757956E-08  4.112302455516615E-10 2917204
 215    8560.00    8600.00  4.217887071796445E-08  4.130810852150075E-10 2854595
 216    8600.00    8640.00  3.845415654050664E-08  3.607514211889509E-10 2791876
 217    8640.00    8680.00  3.488784554435171E-08  3.452558104095192E-10 2730319
 218    8680.00    8720.00  3.165782769111179E-08  3.089459652630598E-10 2671953
 219    8720.00    8760.00  2.820404452155100E-08  2.632268372941509E-10 2613953
 220    8760.00    8800.00  2.576343254727445E-08  2.544869382543643E-10 2556132
 221    8800.00    8840.00  2.373138064477590E-08  2.357124850402117E-10 2501029
 222    8840.00    8880.00  2.122645390787859E-08  2.096259431019813E-10 2441044
 223    8880.00    8920.00  1.928166770484820E-08  1.956815113974973E-10 2389896
 224    8920.00    8960.00  1.728371849459872E-08  1.702644305594059E-10 2333412
 225    8960.00    9000.00  1.559060225455065E-08  1.550738614867930E-10 2280791
 226    9000.00    9040.00  1.397237610888242E-08  1.469525979672539E-10 2226041
 227    9040.00    9080.00  1.265474436324369E-08  1.345282849116383E-10 2174679
 228    9080.00    9120.00  1.124151211868339E-08  1.185867942896299E-10 2122133
 229    9120.00    9160.00  1.014440364456271E-08  1.062600746332234E-10 2072396
 230    9160.00    9200.00  9.316391408941347E-09  1.008548176249289E-10 2024901
 231    9200.00    9240.00  8.352503108504375E-09  9.134067193679906E-11 1975567
 232    9240.00    9280.00  7.532795908498455E-09  8.359482374396411E-11 1929267
 233    9280.00    9320.00  6.578538977220123E-09  6.853756827666204E-11 1878966
 234    9320.00    9360.00  5.765228900893947E-09  6.423339441044488E-11 1833600
 235    9360.00    9400.00  5.207845421179686E-09  5.866989938609172E-11 1788558
 236    9400.00    9440.00  4.680963806010255E-09  5.331152208341719E-11 1747069
 237    9440.00    9480.00  4.197415732852874E-09  5.116271385283838E-11 1701114
 238    9480.00    9520.00  3.697502782128450E-09  4.044668925204137E-11 1659088
 239    9520.00    9560.00  3.291662388102863E-09  3.537697161615484E-11 1614654
 240    9560.00    9600.00  2.869095638462667E-09  3.306945104687433E-11 1571818
 241    9600.00    9640.00  2.566044736451356E-09  2.990386448056771E-11 1529593
 242    9640.00    9680.00  2.259608792134100E-09  2.647729951019724E-11 1493505
 243    9680.00    9720.00  2.025702522173746E-09  2.334465023934862E-11 1447804
 244    9720.00    9760.00  1.769902809284044E-09  2.102910623376397E-11 1413819
 245    9760.00    9800.00  1.535513244510335E-09  1.802992177258153E-11 1374676
 246    9800.00    9840.00  1.351568745109505E-09  1.545952885972999E-11 1335796
 247    9840.00    9880.00  1.193540788730418E-09  1.520196145089498E-11 1297448
 248    9880.00    9920.00  1.047574219740423E-09  1.322553724537262E-11 1261929
 249    9920.00    9960.00  8.993206195862818E-10  1.142131242815886E-11 1226179
 250    9960.00   10000.00  7.776600852542010E-10  9.628995019593656E-12 1190696
 251   10000.00   10040.00  6.909715649951149E-10  8.214517488292372E-12 1156790
 252   10040.00   10080.00  5.918778789951848E-10  7.934768241137370E-12 1121180
 253   10080.00   10120.00  5.117405468420824E-10  7.545379363549145E-12 1088970
 254   10120.00   10160.00  4.436344672007751E-10  5.702086245924323E-12 1055602
 255   10160.00   10200.00  3.857064590235150E-10  5.263395828375940E-12 1023347
 256   10200.00   10240.00  3.335412502381677E-10  4.265586380414979E-12 992595
 257   10240.00   10280.00  2.861842006535736E-10  3.836927401689495E-12 959978
 258   10280.00   10320.00  2.403472110407397E-10  3.334101889491208E-12 931049
 259   10320.00   10360.00  2.035749096117077E-10  2.718946588346454E-12 899942
 260   10360.00   10400.00  1.751289650099821E-10  2.425842565746389E-12 871737
 261   10400.00   10440.00  1.518579934045814E-10  2.102101513898594E-12 842866
 262   10440.00   10480.00  1.276526512313217E-10  1.782435693848673E-12 812606
 263   10480.00   10520.00  1.069031286309019E-10  1.515844112764145E-12 786792
 264   10520.00   10560.00  9.118861233247761E-11  1.400554941716756E-12 759045
 265   10560.00   10600.00  7.506849934619246E-11  1.156390854504180E-12 731453
 266   10600.00   10640.00  6.389343148066735E-11  9.789683238543456E-13 704958
 267   10640.00   10680.00  5.174051332361633E-11  7.819184282176463E-13 681074
 268   10680.00   10720.00  4.490716243614462E-11  7.248784397104383E-13 657445
 269   10720.00   10760.00  3.699103001905413E-11  5.995724055930982E-13 631161
 270   10760.00   10800.00  3.055949395076111E-11  5.037341405556205E-13 606927
 271   10800.00   10840.00  2.513736323575297E-11  4.352361206623662E-13 584576
 272   10840.00   10880.00  2.115923029306980E-11  3.667110868137633E-13 560562
 273   10880.00   10920.00  1.735754350457446E-11  3.024391279705688E-13 538695
 274   10920.00   10960.00  1.396567356503209E-11  2.584363647081353E-13 517339
 275   10960.00   11000.00  1.142400617647955E-11  2.276763432920070E-13 495601
 276   11000.00   11040.00  8.931786897918921E-12  1.679379419994378E-13 473627
 277   11040.00   11080.00  6.945177371007188E-12  1.480039275351302E-13 451969
 278   11080.00   11120.00  5.687199872403670E-12  1.245866679428032E-13 432957
 279   11120.00   11160.00  4.861686687743338E-12  1.116859996550611E-13 414719
 280   11160.00   11200.00  3.698887838024417E-12  9.247906398781609E-14 394452
 281   11200.00   11240.00  2.929111998092006E-12  7.671559850386825E-14 376343
 282   11240.00   11280.00  2.331995647921016E-12  6.720070496915905E-14 359124
 283   11280.00   11320.00  1.797013347944927E-12  5.469095584796311E-14 339904
 284   11320.00   11360.00  1.354078294520134E-12  4.141172159853612E-14 324708
 285   11360.00   11400.00  1.090215357446252E-12  4.999449784316419E-14 306590
 286   11400.00   11440.00  7.978574081449389E-13  2.699820946200534E-14 290089
 287   11440.00   11480.00  5.982699341429223E-13  2.777064311536053E-14 275189
 288   11480.00   11520.00  4.502461159947496E-13  1.968229311327649E-14 259038
 289   11520.00   11560.00  3.443865443408449E-13  1.605171768714341E-14 245306
 290   11560.00   11600.00  2.396257242405992E-13  1.258395572086443E-14 230016
 291   11600.00   11640.00  1.869146435637550E-13  1.061588126628664E-14 215644
 292   11640.00   11680.00  1.323293106619183E-13  7.956096954003438E-15 201659
 293   11680.00   11720.00  8.483325568205331E-14  6.499381386835119E-15 189272
 294   11720.00   11760.00  6.392086404521704E-14  6.017046690984172E-15 177023
 295   11760.00   11800.00  3.752041316165306E-14  4.894955224379380E-15 164906
 296   11800.00   11840.00  2.633966382736736E-14  3.470188265074203E-15 153171
 297   11840.00   11880.00  1.316053660146604E-14  2.517841465391577E-15 141894
 298   11880.00   11920.00  1.347166720762603E-14  2.543114289734921E-15 130437
 299   11920.00   11960.00  7.795408188421230E-15  1.954559284927932E-15 120547
 300   11960.00   12000.00  4.256984770369347E-15  1.553338779309825E-15 110270
 301   12000.00   12040.00  1.662238659053777E-15  1.462060395829612E-15 101116
 302   12040.00   12080.00  1.168524083120017E-15  8.346806352734897E-16 91321
 303   12080.00   12120.00  8.022599882978829E-16  7.007374062162383E-16 83079
 304   12120.00   12160.00  4.791656636395495E-16  6.163144484141068E-16 74477
 305   12160.00   12200.00 -1.126863534150839E-16  3.906661270508732E-16 67432
 306   12200.00   12240.00  4.740036460599072E-16  3.098509227006583E-16 59421
 307   12240.00   12280.00  2.847314531495318E-16  2.515525735675224E-16 53385
 308   12280.00   12320.00 -2.037964405268922E-16  1.646043256622799E-16 46884
 309   12320.00   12360.00  1.285176312242667E-16  1.295909191522638E-16 40273
 310   12360.00   12400.00 -5.531175715868525E-17  8.042049535936391E-17 34537
 311   12400.00   12440.00 -3.037583287406867E-17  4.889516163336499E-17 29852
 312   12440.00   12480.00 -1.692440718456579E-17  4.187268858239624E-17 24903
 313   12480.00   12520.00  1.154215749370840E-17  2.727283124328450E-17 20499
 314   12520.00   12560.00 -1.271882800467101E-17  2.289728888352631E-17 16804
 315   12560.00   12600.00 -1.995010155497453E-17  1.348868284313701E-17 13144
 316   12600.00   12640.00  6.293116527713884E-20  6.139833634607982E-18 10257
 317   12640.00   12680.00 -7.941929166826753E-18  4.587017918898495E-18 7523
 318   12680.00   12720.00 -1.609348223443472E-18  1.683075679336092E-18 5326
 319   12720.00   12760.00 -8.599049110889037E-20  8.681510318774141E-19 3550
 320   12760.00   12800.00  1.270717585261719E-19  4.050804450604039E-19 2165
 321   12800.00   12840.00  3.428019867823066E-20  1.855209111352538E-19 1137
 322   12840.00   12880.00  2.092207866267922E-20  6.281011792404281E-20 465
 323   12880.00   12920.00 -4.265489441524823E-21  2.621257598529111E-21 109
 324   12920.00   12960.00  2.493359786845629E-22  2.257120354164566E-22 3
 325   12960.00   13000.00  0.000000000000000E+00  0.000000000000000E+00 0
# Underflow:                 0.0000000000000000E+00  0.0000000000000000E+00 0
# Overflow:                  0.0000000000000000E+00  0.0000000000000000E+00 0
#-------------------------------------------------------------------------------------
# Sum:                       5.6305534675441075E-03  8.6569301265884233E-07 667479000
#=====================================================================================
