# title = Transverse Momentum Harder Jet
# xlabel = $p_{\text{T},\text{j}_1}\,$[GeV]
# ylabel = $\frac{\text{d}\sigma}{\text{d}p_{\text{T},\text{j}_1}}\,\left[\frac{\text{fb}}{\text{GeV}}\right]$
# xmin=  0.000E+00
# xmax=  8.000E+02
# ymin=  1.000E-06
# ymax=  1.000E-02
# kmin= -5.000E+01
# kmax=  1.000E+01
# logscale = true
# Renormalization and factorization scale scaled by: 1.0000000000
# Renormalization scaled by: .0000000000
# Number of generated events: 5909354
#
#=====================================================================================
# No.       Left      Right                   Value                   Error Hits
#-------------------------------------------------------------------------------------
   1      10.00      30.00  0.000000000000000E+00  0.000000000000000E+00 0
   2      30.00      50.00  3.273948867974723E-04  1.800686157503103E-06 41891048
   3      50.00      70.00  1.594898496427998E-03  6.350241664348727E-06 158788958
   4      70.00      90.00  3.281687308533911E-03  1.662442209085534E-05 294404350
   5      90.00     110.00  4.753185718672948E-03  1.318331857514517E-05 417177684
   6     110.00     130.00  5.588652001816116E-03  1.827419137020550E-05 512388962
   7     130.00     150.00  5.922252834450962E-03  2.328032240754544E-05 571056376
   8     150.00     170.00  5.774292115770697E-03  2.430085017869696E-05 584286327
   9     170.00     190.00  5.322337333221150E-03  2.774477201535867E-05 568485515
  10     190.00     210.00  4.739401089393436E-03  2.462277089756979E-05 538467883
  11     210.00     230.00  4.175676525554659E-03  2.100894105335075E-05 502604083
  12     230.00     250.00  3.542973017021593E-03  2.325571200177863E-05 465116873
  13     250.00     270.00  3.045664167889652E-03  2.117312207346760E-05 428518257
  14     270.00     290.00  2.586210077799024E-03  1.871924359169486E-05 393878686
  15     290.00     310.00  2.161026404216147E-03  1.849412507656052E-05 361788538
  16     310.00     330.00  1.805117859531999E-03  2.606686646771740E-05 332274473
  17     330.00     350.00  1.518070773012940E-03  2.280135014844473E-05 305434242
  18     350.00     370.00  1.285364722788260E-03  1.716519154026772E-05 281040377
  19     370.00     390.00  1.086684788507118E-03  1.336686091069628E-05 258872380
  20     390.00     410.00  8.984401765585860E-04  1.686760467264037E-05 238869604
  21     410.00     430.00  7.363384863912726E-04  2.071434929133639E-05 220724462
  22     430.00     450.00  6.748706284596401E-04  8.939809282649905E-06 204263424
  23     450.00     470.00  5.362986916810734E-04  1.365464644280321E-05 189271166
  24     470.00     490.00  4.619366395411906E-04  9.430835693848482E-06 175660294
  25     490.00     510.00  4.028317611424246E-04  1.099283771902994E-05 163264217
  26     510.00     530.00  3.445625735577621E-04  7.870849598062571E-06 151969300
  27     530.00     550.00  2.897885459755383E-04  7.447965325798312E-06 141618142
  28     550.00     570.00  2.489985155935110E-04  6.354107215041801E-06 132174938
  29     570.00     590.00  2.104574462491561E-04  5.853437483920878E-06 123464733
  30     590.00     610.00  1.873580507294374E-04  6.163046793734307E-06 115487614
  31     610.00     630.00  1.448612090172390E-04  5.833644167070283E-06 108136087
  32     630.00     650.00  1.294050076400985E-04  5.928984559942659E-06 101378064
  33     650.00     670.00  1.118101292816320E-04  7.397116735168334E-06 95133152
  34     670.00     690.00  1.023547937389531E-04  4.532364724169293E-06 89376555
  35     690.00     710.00  8.041214134744638E-05  4.495261341608125E-06 84042547
  36     710.00     730.00  7.215792818909002E-05  3.927066514155472E-06 79099119
  37     730.00     750.00  6.160474434457047E-05  3.295557282575406E-06 74509704
  38     750.00     770.00  5.333821922065686E-05  4.684337127043230E-06 70242090
  39     770.00     790.00  4.183403650255167E-05  4.297593483984205E-06 66266132
  40     790.00     810.00  4.138189182254852E-05  2.446752186287271E-06 62576234
  41     810.00     830.00  3.648300262051341E-05  2.765196188626487E-06 59127209
  42     830.00     850.00  2.707138201263823E-05  2.498044652614094E-06 55912668
  43     850.00     870.00  2.791744639205466E-05  1.925800238894916E-06 52905922
  44     870.00     890.00  2.387694315208155E-05  1.792498795191030E-06 50094348
  45     890.00     910.00  1.872986283658205E-05  2.230853350565491E-06 47468305
  46     910.00     930.00  1.807345713120684E-05  1.743083180208574E-06 45006922
  47     930.00     950.00  1.654488513058255E-05  1.329792688102179E-06 42680503
  48     950.00     970.00  1.227464467729834E-05  1.813864803828999E-06 40508894
  49     970.00     990.00  1.153262924189766E-05  1.251948364193768E-06 38476583
  50     990.00    1010.00  1.080935863231894E-05  1.135509932809600E-06 36571010
  51    1010.00    1030.00  9.055823826916943E-06  1.004383417458993E-06 34752129
  52    1030.00    1050.00  9.362555675618776E-06  7.318074631087328E-07 33051419
  53    1050.00    1070.00  7.261857915417120E-06  1.155241922159863E-06 31461902
  54    1070.00    1090.00  5.018448349430764E-06  1.243232967838519E-06 29951444
  55    1090.00    1110.00  3.931657925370669E-06  1.337459326294295E-06 28525442
  56    1110.00    1130.00  5.170773557778750E-06  6.138568434290291E-07 27180950
  57    1130.00    1150.00  4.403122360124886E-06  4.899724580650241E-07 25901615
  58    1150.00    1170.00  4.623915690052219E-06  4.191660942099580E-07 24710668
  59    1170.00    1190.00  2.799645412819685E-06  7.752101092468441E-07 23571181
  60    1190.00    1210.00  2.141358091203396E-06  6.731777975850776E-07 22495494
  61    1210.00    1230.00  1.739503038333343E-06  6.909491034078445E-07 21468185
  62    1230.00    1250.00  2.764297907264783E-06  3.616222686402886E-07 20506500
  63    1250.00    1270.00  1.887134464746518E-06  5.207080110322031E-07 19588221
  64    1270.00    1290.00  1.854997904083042E-06  3.735280537552881E-07 18725209
  65    1290.00    1310.00  1.471482054521554E-06  3.523018643310841E-07 17890354
  66    1310.00    1330.00  1.238976775068463E-06  4.599628353667166E-07 17111369
  67    1330.00    1350.00  1.340941269761584E-06  2.799013067286641E-07 16372116
  68    1350.00    1370.00  1.594195341167058E-06  1.383762504188572E-07 15657711
  69    1370.00    1390.00  8.171400694832649E-07  4.163475695801333E-07 14993444
  70    1390.00    1410.00  7.649532058536204E-07  2.313269271328829E-07 14345264
  71    1410.00    1430.00  8.264688060235052E-07  2.230928096564948E-07 13734381
  72    1430.00    1450.00  6.973609330163123E-07  1.459006862237242E-07 13157990
  73    1450.00    1470.00  7.563708630033898E-07  1.376379870061725E-07 12598619
  74    1470.00    1490.00  7.660622568763115E-07  1.081526190030726E-07 12077252
  75    1490.00    1510.00  6.531792208480473E-07  1.124798621349373E-07 11580908
  76    1510.00    1530.00  3.162806498092993E-07  1.804552813128125E-07 11098004
  77    1530.00    1550.00  1.588094720938516E-07  1.988926881630609E-07 10639482
  78    1550.00    1570.00  1.329128131552952E-07  2.367366150729831E-07 10206658
  79    1570.00    1590.00  2.722897623050793E-07  1.867360276460612E-07 9790173
  80    1590.00    1610.00  2.392221173041549E-07  1.030797145770207E-07 9393799
  81    1610.00    1630.00 -7.517407545319108E-08  2.201305263352952E-07 9011585
  82    1630.00    1650.00 -1.118957731907902E-07  3.002945440546584E-07 8655638
  83    1650.00    1670.00  1.605018588040468E-07  5.887473508773764E-08 8304078
  84    1670.00    1690.00  1.141597232757431E-07  7.025815898410732E-08 7969603
  85    1690.00    1710.00  7.537968928117523E-08  9.342105861396815E-08 7654800
  86    1710.00    1730.00 -7.312279274809550E-08  2.119842582507704E-07 7348511
  87    1730.00    1750.00  1.031355717028866E-07  6.033561669789385E-08 7061202
  88    1750.00    1770.00  1.425860467515185E-07  4.947870493177233E-08 6783801
  89    1770.00    1790.00  7.634246385031247E-08  6.397274889907280E-08 6509811
  90    1790.00    1810.00  5.991115728005188E-08  5.515860199344784E-08 6258175
  91    1810.00    1830.00  7.608853203399580E-08  5.328565683788751E-08 6019025
  92    1830.00    1850.00  1.052273031665209E-07  2.332543256374593E-08 5780279
  93    1850.00    1870.00 -7.198044223907056E-08  7.416293038524871E-08 5557366
  94    1870.00    1890.00 -3.633602297483861E-09  5.024600224152360E-08 5346475
  95    1890.00    1910.00  7.383424709966714E-08  1.891592869323658E-08 5137033
  96    1910.00    1930.00  4.867794667193236E-08  3.118419473334901E-08 4941648
  97    1930.00    1950.00  3.624753990199591E-08  2.826354303364459E-08 4756303
  98    1950.00    1970.00  9.504261508394551E-09  3.370752166917971E-08 4575082
  99    1970.00    1990.00  3.106367099276869E-08  1.943732954354697E-08 4396165
 100    1990.00    2010.00  3.385860312714953E-08  1.558998197608587E-08 4230404
 101    2010.00    2030.00  5.072294839822353E-08  8.483092644915535E-09 4070298
 102    2030.00    2050.00  6.440500067829990E-09  2.248783833877518E-08 3916905
 103    2050.00    2070.00  3.535678046284431E-08  1.153887249625463E-08 3770960
 104    2070.00    2090.00  1.112296723025644E-08  1.384818025969777E-08 3626272
 105    2090.00    2110.00  1.596920124298825E-08  1.603994368053925E-08 3492746
 106    2110.00    2130.00  2.090487023064226E-08  1.008912510623629E-08 3363333
 107    2130.00    2150.00  1.210656308804809E-08  7.771885825632289E-09 3236094
 108    2150.00    2170.00  2.007974854927250E-08  4.546951926832311E-09 3115180
 109    2170.00    2190.00  2.230307756632182E-08  5.294159615582860E-09 3000222
 110    2190.00    2210.00  6.208267883916645E-09  9.500182959691616E-09 2886879
 111    2210.00    2230.00  2.124563442449302E-08  3.374648971357079E-09 2780182
 112    2230.00    2250.00  3.757441929906011E-09  1.041500729768962E-08 2676290
 113    2250.00    2270.00  1.321747393409604E-09  8.411263413299218E-09 2581181
 114    2270.00    2290.00  1.068480078422869E-08  5.010231831655701E-09 2485188
 115    2290.00    2310.00  1.419399106063904E-08  2.286118534982911E-09 2392071
 116    2310.00    2330.00  5.808188055479946E-09  5.344745071549746E-09 2303955
 117    2330.00    2350.00 -3.025352204793665E-09  1.107095156101451E-08 2219604
 118    2350.00    2370.00  2.666328959540774E-09  6.093946418926654E-09 2138243
 119    2370.00    2390.00  1.187050838801680E-09  4.840057826770935E-09 2060545
 120    2390.00    2410.00 -2.553029889197513E-09  6.500049151990810E-09 1985351
 121    2410.00    2430.00  7.235534353746532E-09  1.251029975991222E-09 1914158
 122    2430.00    2450.00 -1.677630553333443E-09  8.038427096531315E-09 1844259
 123    2450.00    2470.00  3.139540877913954E-09  2.675200248648203E-09 1775767
 124    2470.00    2490.00 -5.372286289640733E-10  6.002181496201313E-09 1712708
 125    2490.00    2510.00 -1.498548107437966E-10  2.518331645362145E-09 1648078
 126    2510.00    2530.00  2.041051210182720E-09  1.535291524581343E-09 1590275
 127    2530.00    2550.00  2.037245029880666E-10  3.795275001928803E-09 1530610
 128    2550.00    2570.00  3.327714081243639E-09  8.269173513366540E-10 1478345
 129    2570.00    2590.00  1.500474612247097E-09  2.571693838597270E-09 1423520
 130    2590.00    2610.00  3.134832146198590E-09  7.980473565720596E-10 1371115
 131    2610.00    2630.00  1.540969694684188E-09  1.156795238961257E-09 1322666
 132    2630.00    2650.00 -1.294422900884926E-09  2.759613940098259E-09 1273676
 133    2650.00    2670.00  1.945383353036496E-09  7.794723140882147E-10 1230552
 134    2670.00    2690.00 -2.959496403549229E-09  3.728444510935243E-09 1185765
 135    2690.00    2710.00  1.591746521675111E-09  6.755097246979840E-10 1142192
 136    2710.00    2730.00  1.139085839862820E-09  5.830534926323750E-10 1100297
 137    2730.00    2750.00  1.680843033858648E-09  3.597041870464219E-10 1061113
 138    2750.00    2770.00  1.989570338985105E-09  1.313306275809931E-10 1022189
 139    2770.00    2790.00 -1.226730634588008E-10  9.653871249245059E-10 984329
 140    2790.00    2810.00  5.240676691763906E-10  5.732132315082433E-10 952460
 141    2810.00    2830.00  1.359674514089156E-09  1.816836415514088E-10 918046
 142    2830.00    2850.00  1.405678762856035E-09  1.267989432902055E-10 883744
 143    2850.00    2870.00  6.899176489381026E-10  3.588547711660767E-10 854036
 144    2870.00    2890.00  6.915974474103625E-10  2.097200470440461E-10 821992
 145    2890.00    2910.00 -9.689240540605875E-10  1.410027147201062E-09 793032
 146    2910.00    2930.00  4.247855280591431E-10  3.582423670946802E-10 764802
 147    2930.00    2950.00  3.838149892404289E-10  3.193552218052415E-10 737083
 148    2950.00    2970.00  5.098896730305747E-10  1.735617096050253E-10 712473
 149    2970.00    2990.00  6.073213931474053E-10  8.604609300036763E-11 685504
 150    2990.00    3010.00 -1.654231772614146E-09  1.763177573610093E-09 660590
 151    3010.00    3030.00  5.883787933017889E-10  6.639002501373935E-11 637010
 152    3030.00    3050.00  2.820263396651430E-10  3.120924675575115E-10 614396
 153    3050.00    3070.00  3.437140743234506E-10  8.789916286731168E-11 593299
 154    3070.00    3090.00  3.637440397943076E-10  7.185013326898661E-11 572088
 155    3090.00    3110.00 -1.257690464281998E-10  2.709665837349030E-10 550609
 156    3110.00    3130.00  1.213795861030645E-10  9.680428576490161E-11 532032
 157    3130.00    3150.00  3.176758648188004E-10  4.711473060356362E-11 511218
 158    3150.00    3170.00  2.105065056717257E-10  6.571597889475492E-11 494862
 159    3170.00    3190.00  6.493251434500762E-11  1.150550291763529E-10 476847
 160    3190.00    3210.00  1.660536405150670E-10  3.891296803557206E-11 459424
 161    3210.00    3230.00  2.249845065778281E-10  1.347621349555973E-11 443584
 162    3230.00    3250.00 -2.101593769676815E-10  3.661224436170524E-10 427711
 163    3250.00    3270.00  1.045373346726369E-10  7.131903286201413E-11 411885
 164    3270.00    3290.00  4.090838836354365E-11  5.659712964876615E-11 396427
 165    3290.00    3310.00  1.530144267601444E-10  1.027912166365247E-11 383919
 166    3310.00    3330.00  9.392107051728999E-11  2.057306081099037E-11 370175
 167    3330.00    3350.00 -3.735784960383622E-11  1.442027313066154E-10 356930
 168    3350.00    3370.00 -8.131145398266093E-12  7.307209460830687E-11 343041
 169    3370.00    3390.00  9.040373931900543E-11  1.263084816561474E-11 330320
 170    3390.00    3410.00  5.942485515813999E-11  1.951996580520226E-11 319178
 171    3410.00    3430.00  6.565588719361378E-11  6.903830426183676E-12 308070
 172    3430.00    3450.00  4.125620195038754E-11  2.813243270900253E-11 297044
 173    3450.00    3470.00  2.214614080637085E-11  3.785649582295775E-11 286249
 174    3470.00    3490.00 -3.995309414701820E-12  3.506269006258562E-11 275398
 175    3490.00    3510.00  2.937302261493668E-11  2.893403915564326E-11 265490
 176    3510.00    3530.00  3.550425239660400E-11  5.913968059264792E-12 255405
 177    3530.00    3550.00  4.417672855011060E-11  3.783695362941514E-12 246320
 178    3550.00    3570.00  2.596875716953407E-11  7.610218486224734E-12 238224
 179    3570.00    3590.00  1.938397176427424E-11  1.259302249172003E-11 229714
 180    3590.00    3610.00 -7.578254810206549E-11  6.758818369785519E-11 220855
 181    3610.00    3630.00  2.218177068636646E-11  7.343589242606427E-12 212251
 182    3630.00    3650.00  1.863557686264836E-12  1.521662374386184E-11 205510
 183    3650.00    3670.00  1.869562788719574E-11  1.907048366532122E-12 197828
 184    3670.00    3690.00  2.359037101475211E-11  9.937975465259978E-12 190555
 185    3690.00    3710.00  1.397666463517021E-11  3.650159600687507E-12 183677
 186    3710.00    3730.00  5.878878590211296E-12  4.684457949812703E-12 176468
 187    3730.00    3750.00 -6.357802590953935E-11  7.781928086913141E-11 169534
 188    3750.00    3770.00  9.013028829849615E-12  1.884461909488910E-12 163604
 189    3770.00    3790.00 -2.633969904672214E-12  1.119138579111564E-11 158205
 190    3790.00    3810.00 -4.411794396121094E-12  1.116013049360311E-11 152550
 191    3810.00    3830.00  1.063955647778945E-11  2.412412143476176E-12 146455
 192    3830.00    3850.00  1.045043321517634E-12  5.674056170062105E-12 140409
 193    3850.00    3870.00  5.402411391022667E-12  1.317293310585194E-12 135163
 194    3870.00    3890.00  2.165685368016330E-12  2.083678352610404E-12 130560
 195    3890.00    3910.00 -9.011482314194289E-12  1.501660913444587E-11 125906
 196    3910.00    3930.00 -6.392171953740154E-12  1.095025522481681E-11 120975
 197    3930.00    3950.00 -2.228805202343943E-12  4.519179725907727E-12 115298
 198    3950.00    3970.00  3.762787544556831E-12  7.306191047069336E-13 111166
 199    3970.00    3990.00  3.530253359746395E-12  3.476410805040705E-13 107006
 200    3990.00    4010.00  3.458869954174403E-12  7.097770471184119E-13 103584
 201    4010.00    4030.00  3.768853562324427E-13  1.384559542570634E-12 99428
 202    4030.00    4050.00  2.412037846623594E-12  3.729205130362411E-13 94999
 203    4050.00    4070.00  1.725167765046278E-12  3.005623845309160E-13 90564
 204    4070.00    4090.00  1.675709621995892E-12  2.556987029135653E-13 87618
 205    4090.00    4110.00 -1.772301678361261E-12  3.172295618766608E-12 84581
 206    4110.00    4130.00  1.009026949138100E-12  4.010073149968807E-13 80872
 207    4130.00    4150.00  2.009515433791669E-13  8.416448321274464E-13 78024
 208    4150.00    4170.00  6.748574653471649E-13  2.844716642576288E-13 75487
 209    4170.00    4190.00  1.008474822444050E-12  1.383799493609674E-13 71485
 210    4190.00    4210.00 -7.876331643785477E-13  1.700038573623673E-12 69226
 211    4210.00    4230.00  6.671774750947470E-13  7.062944144052996E-14 66287
 212    4230.00    4250.00  5.896195456393105E-13  7.650307230564896E-14 63558
 213    4250.00    4270.00  5.101943253060779E-13  7.347134723841060E-14 61105
 214    4270.00    4290.00 -1.166680402302272E-12  1.364971717741612E-12 58714
 215    4290.00    4310.00 -2.699103833298974E-12  2.937039479063650E-12 56053
 216    4310.00    4330.00  3.144165293930590E-13  6.370345472192220E-14 53537
 217    4330.00    4350.00  2.649241816498392E-13  2.721341512241917E-14 51272
 218    4350.00    4370.00 -2.824233064006006E-12  3.093795535869109E-12 49280
 219    4370.00    4390.00  2.348979987493239E-13  1.051132981003492E-13 47131
 220    4390.00    4410.00  2.046708676016741E-13  2.204356768922821E-14 44694
 221    4410.00    4430.00  1.261086907976100E-13  2.816844202057519E-14 42950
 222    4430.00    4450.00  1.364672396788631E-14  1.165061511782624E-13 41154
 223    4450.00    4470.00  1.301532501952243E-13  1.799837742129409E-14 39588
 224    4470.00    4490.00  8.762307449047054E-14  1.268062052059613E-14 37785
 225    4490.00    4510.00  9.675742580954403E-14  1.491971645531187E-14 36005
 226    4510.00    4530.00  9.265705347199513E-14  1.605236641540647E-14 34039
 227    4530.00    4550.00  3.673056276174507E-14  2.960503912829782E-14 32881
 228    4550.00    4570.00  6.060607794792747E-14  8.754719839916393E-15 31164
 229    4570.00    4590.00  5.037227495867430E-14  7.733161525815824E-15 29713
 230    4590.00    4610.00 -1.210721376299139E-13  2.006933286497930E-13 28557
 231    4610.00    4630.00  4.398706088571276E-14  9.999508187407658E-15 27581
 232    4630.00    4650.00  1.696818415704856E-14  1.257842001355548E-14 26130
 233    4650.00    4670.00  3.094575970232325E-14  1.286289521479484E-14 24731
 234    4670.00    4690.00 -3.342126992345294E-13  3.630505579941717E-13 23715
 235    4690.00    4710.00  1.859145807911452E-14  4.239940115992854E-15 22625
 236    4710.00    4730.00  1.042588263510787E-14  7.370969855146169E-15 21476
 237    4730.00    4750.00  7.880540857540517E-15  3.505378679539514E-15 20625
 238    4750.00    4770.00  1.401303007418214E-14  2.797793655154125E-15 19280
 239    4770.00    4790.00  9.671679776664841E-15  2.211550382277541E-15 18342
 240    4790.00    4810.00  4.449507569386248E-15  5.821651400947211E-15 17577
 241    4810.00    4830.00  4.494682383352195E-15  1.449506612629884E-15 16694
 242    4830.00    4850.00 -4.837284839932276E-15  6.806640100125300E-15 15666
 243    4850.00    4870.00  4.530622222415880E-15  2.366301424227682E-15 15166
 244    4870.00    4890.00  1.486369681925871E-15  9.459032332481561E-16 14413
 245    4890.00    4910.00  2.505897497339733E-15  5.129211907890221E-16 13456
 246    4910.00    4930.00  9.143345200049799E-16  1.185614395091250E-15 12778
 247    4930.00    4950.00  1.980561482350241E-15  6.421401084946668E-16 12318
 248    4950.00    4970.00  1.583528786434065E-15  4.087738213806071E-16 11307
 249    4970.00    4990.00  2.862785854866444E-15  1.031256698704897E-15 10823
 250    4990.00    5010.00  1.431583197447592E-15  2.968060502410093E-16 10057
 251    5010.00    5030.00  3.133706143057554E-15  2.443306701657481E-15 9622
 252    5030.00    5050.00  1.680922300839977E-15  4.346820101971196E-16 9176
 253    5050.00    5070.00  5.581927491519980E-16  2.419297384066818E-16 8531
 254    5070.00    5090.00 -6.433679653531958E-16  1.190342834186956E-15 8078
 255    5090.00    5110.00  6.193293367183571E-16  2.499910478920584E-16 7726
 256    5110.00    5130.00  4.015605083068286E-16  1.223450956394638E-16 7109
 257    5130.00    5150.00  3.142856487153709E-16  7.230595426738531E-17 6714
 258    5150.00    5170.00  1.378917205648712E-16  6.542347196668047E-17 6333
 259    5170.00    5190.00  2.512870906431935E-16  1.057485962225138E-16 5770
 260    5190.00    5210.00  3.450763836849079E-17  4.540227672002461E-16 5477
 261    5210.00    5230.00  1.278817516249161E-16  2.849215577797727E-17 5251
 262    5230.00    5250.00  9.438702971866615E-17  4.835918148651578E-17 4809
 263    5250.00    5270.00  1.114786243338421E-16  3.907779783076346E-17 4434
 264    5270.00    5290.00  5.613501284269896E-17  2.056014377420384E-17 4222
 265    5290.00    5310.00  2.638505346319992E-16  2.239510607882012E-16 4047
 266    5310.00    5330.00  8.412549319915515E-17  3.464269448936763E-17 3695
 267    5330.00    5350.00 -8.588763940476583E-18  5.187282726044462E-17 3408
 268    5350.00    5370.00  4.430379405693251E-17  2.012202799214793E-17 3304
 269    5370.00    5390.00  9.347387892299916E-19  2.710946444455069E-17 2966
 270    5390.00    5410.00  2.089787582383356E-17  1.084852485723994E-17 2766
 271    5410.00    5430.00  1.128410359097015E-17  6.187965925968218E-18 2465
 272    5430.00    5450.00  6.172003999335412E-18  3.771015498648625E-18 2288
 273    5450.00    5470.00  2.540501406252784E-17  2.071897020160291E-17 2174
 274    5470.00    5490.00  3.976269561861131E-17  3.910651275908988E-17 1965
 275    5490.00    5510.00  3.957816778003248E-18  1.784720796624156E-18 1831
 276    5510.00    5530.00  9.161258888421558E-18  6.094590502472839E-18 1606
 277    5530.00    5550.00  8.664182800762779E-18  6.519997629861537E-18 1568
 278    5550.00    5570.00 -4.348623472672511E-19  2.266768400490066E-18 1412
 279    5570.00    5590.00  1.705883213195209E-19  4.474330161190372E-19 1247
 280    5590.00    5610.00  2.280105339463016E-17  2.431901090687602E-17 1109
 281    5610.00    5630.00 -1.714299527882182E-18  2.366069420150002E-18 1110
 282    5630.00    5650.00  8.861848600846334E-19  1.097032878286648E-18 1032
 283    5650.00    5670.00  5.447103950671191E-19  1.164770848424611E-18 894
 284    5670.00    5690.00  1.032377266561809E-19  2.163177529338079E-19 791
 285    5690.00    5710.00  3.678706388441877E-18  2.377639322912978E-18 739
 286    5710.00    5730.00 -1.741947510418964E-19  1.926486705015379E-19 637
 287    5730.00    5750.00  1.488497256964971E-18  1.905960345899827E-18 558
 288    5750.00    5770.00  3.929897318963433E-19  2.620667003178128E-19 477
 289    5770.00    5790.00  2.270940305628101E-20  4.833511588726832E-20 452
 290    5790.00    5810.00 -9.998676467196629E-21  4.714621021730797E-20 393
 291    5810.00    5830.00  3.793290001641993E-20  5.753290686837580E-20 366
 292    5830.00    5850.00 -8.301897717238483E-20  5.820047240047230E-20 301
 293    5850.00    5870.00  7.964845185602406E-20  6.672262601154548E-20 274
 294    5870.00    5890.00  8.444501421730985E-21  2.051389699763297E-20 238
 295    5890.00    5910.00 -9.553197214283915E-21  6.305994304287998E-21 173
 296    5910.00    5930.00  6.845506920373209E-22  6.309769860188340E-21 170
 297    5930.00    5950.00  7.143197101092052E-21  7.387650946566135E-21 145
 298    5950.00    5970.00  1.641285307754736E-21  2.374303892767844E-21 108
 299    5970.00    5990.00  6.463465930936713E-22  1.362571114313400E-21 92
 300    5990.00    6010.00 -2.681580260126788E-22  3.875366495002202E-22 74
 301    6010.00    6030.00 -3.214075334266566E-22  7.542365458426296E-22 61
 302    6030.00    6050.00  7.827236082303385E-22  1.648703076362425E-21 55
 303    6050.00    6070.00 -2.465177491986140E-22  3.752341300687406E-22 49
 304    6070.00    6090.00  8.904610546123953E-22  9.441104018082844E-22 25
 305    6090.00    6110.00 -1.073332411013723E-21  1.083901769980255E-21 36
 306    6110.00    6130.00  4.628275031271784E-22  3.464286343551324E-22 22
 307    6130.00    6150.00  1.257711695345735E-22  2.703201337283441E-22 16
 308    6150.00    6170.00 -2.728356321524045E-23  3.101540473447335E-23 9
 309    6170.00    6190.00  7.025542130138476E-24  6.078046744943580E-24 4
 310    6190.00    6210.00 -9.147965433211640E-24  9.321147169380836E-24 8
 311    6210.00    6230.00 -5.095417030837118E-27  4.614245305260719E-27 3
 312    6230.00    6250.00 -1.285506100840317E-26  1.285503725565365E-26 2
 313    6250.00    6270.00 -2.997995596321494E-28  2.997995596217182E-28 1
 314    6270.00    6290.00 -1.299488372512143E-26  1.299488372466929E-26 1
 315    6290.00    6310.00  0.000000000000000E+00  0.000000000000000E+00 0
 316    6310.00    6330.00  0.000000000000000E+00  0.000000000000000E+00 0
 317    6330.00    6350.00  0.000000000000000E+00  0.000000000000000E+00 0
 318    6350.00    6370.00  0.000000000000000E+00  0.000000000000000E+00 0
 319    6370.00    6390.00  0.000000000000000E+00  0.000000000000000E+00 0
 320    6390.00    6410.00  0.000000000000000E+00  0.000000000000000E+00 0
 321    6410.00    6430.00  0.000000000000000E+00  0.000000000000000E+00 0
 322    6430.00    6450.00  0.000000000000000E+00  0.000000000000000E+00 0
 323    6450.00    6470.00  0.000000000000000E+00  0.000000000000000E+00 0
 324    6470.00    6490.00  0.000000000000000E+00  0.000000000000000E+00 0
 325    6490.00    6510.00  0.000000000000000E+00  0.000000000000000E+00 0
 326    6510.00    6530.00  0.000000000000000E+00  0.000000000000000E+00 0
 327    6530.00    6550.00  0.000000000000000E+00  0.000000000000000E+00 0
 328    6550.00    6570.00  0.000000000000000E+00  0.000000000000000E+00 0
 329    6570.00    6590.00  0.000000000000000E+00  0.000000000000000E+00 0
 330    6590.00    6610.00  0.000000000000000E+00  0.000000000000000E+00 0
 331    6610.00    6630.00  0.000000000000000E+00  0.000000000000000E+00 0
 332    6630.00    6650.00  0.000000000000000E+00  0.000000000000000E+00 0
 333    6650.00    6670.00  0.000000000000000E+00  0.000000000000000E+00 0
 334    6670.00    6690.00  0.000000000000000E+00  0.000000000000000E+00 0
 335    6690.00    6710.00  0.000000000000000E+00  0.000000000000000E+00 0
 336    6710.00    6730.00  0.000000000000000E+00  0.000000000000000E+00 0
 337    6730.00    6750.00  0.000000000000000E+00  0.000000000000000E+00 0
 338    6750.00    6770.00  0.000000000000000E+00  0.000000000000000E+00 0
 339    6770.00    6790.00  0.000000000000000E+00  0.000000000000000E+00 0
 340    6790.00    6810.00  0.000000000000000E+00  0.000000000000000E+00 0
 341    6810.00    6830.00  0.000000000000000E+00  0.000000000000000E+00 0
 342    6830.00    6850.00  0.000000000000000E+00  0.000000000000000E+00 0
 343    6850.00    6870.00  0.000000000000000E+00  0.000000000000000E+00 0
 344    6870.00    6890.00  0.000000000000000E+00  0.000000000000000E+00 0
 345    6890.00    6910.00  0.000000000000000E+00  0.000000000000000E+00 0
 346    6910.00    6930.00  0.000000000000000E+00  0.000000000000000E+00 0
 347    6930.00    6950.00  0.000000000000000E+00  0.000000000000000E+00 0
 348    6950.00    6970.00  0.000000000000000E+00  0.000000000000000E+00 0
 349    6970.00    6990.00  0.000000000000000E+00  0.000000000000000E+00 0
 350    6990.00    7010.00  0.000000000000000E+00  0.000000000000000E+00 0
 351    7010.00    7030.00  0.000000000000000E+00  0.000000000000000E+00 0
 352    7030.00    7050.00  0.000000000000000E+00  0.000000000000000E+00 0
 353    7050.00    7070.00  0.000000000000000E+00  0.000000000000000E+00 0
 354    7070.00    7090.00  0.000000000000000E+00  0.000000000000000E+00 0
 355    7090.00    7110.00  0.000000000000000E+00  0.000000000000000E+00 0
 356    7110.00    7130.00  0.000000000000000E+00  0.000000000000000E+00 0
 357    7130.00    7150.00  0.000000000000000E+00  0.000000000000000E+00 0
 358    7150.00    7170.00  0.000000000000000E+00  0.000000000000000E+00 0
 359    7170.00    7190.00  0.000000000000000E+00  0.000000000000000E+00 0
 360    7190.00    7210.00  0.000000000000000E+00  0.000000000000000E+00 0
 361    7210.00    7230.00  0.000000000000000E+00  0.000000000000000E+00 0
 362    7230.00    7250.00  0.000000000000000E+00  0.000000000000000E+00 0
 363    7250.00    7270.00  0.000000000000000E+00  0.000000000000000E+00 0
 364    7270.00    7290.00  0.000000000000000E+00  0.000000000000000E+00 0
 365    7290.00    7310.00  0.000000000000000E+00  0.000000000000000E+00 0
 366    7310.00    7330.00  0.000000000000000E+00  0.000000000000000E+00 0
 367    7330.00    7350.00  0.000000000000000E+00  0.000000000000000E+00 0
 368    7350.00    7370.00  0.000000000000000E+00  0.000000000000000E+00 0
 369    7370.00    7390.00  0.000000000000000E+00  0.000000000000000E+00 0
 370    7390.00    7410.00  0.000000000000000E+00  0.000000000000000E+00 0
 371    7410.00    7430.00  0.000000000000000E+00  0.000000000000000E+00 0
 372    7430.00    7450.00  0.000000000000000E+00  0.000000000000000E+00 0
 373    7450.00    7470.00  0.000000000000000E+00  0.000000000000000E+00 0
 374    7470.00    7490.00  0.000000000000000E+00  0.000000000000000E+00 0
 375    7490.00    7510.00  0.000000000000000E+00  0.000000000000000E+00 0
 376    7510.00    7530.00  0.000000000000000E+00  0.000000000000000E+00 0
 377    7530.00    7550.00  0.000000000000000E+00  0.000000000000000E+00 0
 378    7550.00    7570.00  0.000000000000000E+00  0.000000000000000E+00 0
 379    7570.00    7590.00  0.000000000000000E+00  0.000000000000000E+00 0
 380    7590.00    7610.00  0.000000000000000E+00  0.000000000000000E+00 0
 381    7610.00    7630.00  0.000000000000000E+00  0.000000000000000E+00 0
 382    7630.00    7650.00  0.000000000000000E+00  0.000000000000000E+00 0
 383    7650.00    7670.00  0.000000000000000E+00  0.000000000000000E+00 0
 384    7670.00    7690.00  0.000000000000000E+00  0.000000000000000E+00 0
 385    7690.00    7710.00  0.000000000000000E+00  0.000000000000000E+00 0
 386    7710.00    7730.00  0.000000000000000E+00  0.000000000000000E+00 0
 387    7730.00    7750.00  0.000000000000000E+00  0.000000000000000E+00 0
 388    7750.00    7770.00  0.000000000000000E+00  0.000000000000000E+00 0
 389    7770.00    7790.00  0.000000000000000E+00  0.000000000000000E+00 0
 390    7790.00    7810.00  0.000000000000000E+00  0.000000000000000E+00 0
 391    7810.00    7830.00  0.000000000000000E+00  0.000000000000000E+00 0
 392    7830.00    7850.00  0.000000000000000E+00  0.000000000000000E+00 0
 393    7850.00    7870.00  0.000000000000000E+00  0.000000000000000E+00 0
 394    7870.00    7890.00  0.000000000000000E+00  0.000000000000000E+00 0
 395    7890.00    7910.00  0.000000000000000E+00  0.000000000000000E+00 0
 396    7910.00    7930.00  0.000000000000000E+00  0.000000000000000E+00 0
 397    7930.00    7950.00  0.000000000000000E+00  0.000000000000000E+00 0
 398    7950.00    7970.00  0.000000000000000E+00  0.000000000000000E+00 0
 399    7970.00    7990.00  0.000000000000000E+00  0.000000000000000E+00 0
 400    7990.00    8010.00  0.000000000000000E+00  0.000000000000000E+00 0
 401    8010.00    8030.00  0.000000000000000E+00  0.000000000000000E+00 0
 402    8030.00    8050.00  0.000000000000000E+00  0.000000000000000E+00 0
 403    8050.00    8070.00  0.000000000000000E+00  0.000000000000000E+00 0
 404    8070.00    8090.00  0.000000000000000E+00  0.000000000000000E+00 0
 405    8090.00    8110.00  0.000000000000000E+00  0.000000000000000E+00 0
 406    8110.00    8130.00  0.000000000000000E+00  0.000000000000000E+00 0
 407    8130.00    8150.00  0.000000000000000E+00  0.000000000000000E+00 0
 408    8150.00    8170.00  0.000000000000000E+00  0.000000000000000E+00 0
 409    8170.00    8190.00  0.000000000000000E+00  0.000000000000000E+00 0
 410    8190.00    8210.00  0.000000000000000E+00  0.000000000000000E+00 0
 411    8210.00    8230.00  0.000000000000000E+00  0.000000000000000E+00 0
 412    8230.00    8250.00  0.000000000000000E+00  0.000000000000000E+00 0
 413    8250.00    8270.00  0.000000000000000E+00  0.000000000000000E+00 0
 414    8270.00    8290.00  0.000000000000000E+00  0.000000000000000E+00 0
 415    8290.00    8310.00  0.000000000000000E+00  0.000000000000000E+00 0
 416    8310.00    8330.00  0.000000000000000E+00  0.000000000000000E+00 0
 417    8330.00    8350.00  0.000000000000000E+00  0.000000000000000E+00 0
 418    8350.00    8370.00  0.000000000000000E+00  0.000000000000000E+00 0
 419    8370.00    8390.00  0.000000000000000E+00  0.000000000000000E+00 0
 420    8390.00    8410.00  0.000000000000000E+00  0.000000000000000E+00 0
 421    8410.00    8430.00  0.000000000000000E+00  0.000000000000000E+00 0
 422    8430.00    8450.00  0.000000000000000E+00  0.000000000000000E+00 0
 423    8450.00    8470.00  0.000000000000000E+00  0.000000000000000E+00 0
 424    8470.00    8490.00  0.000000000000000E+00  0.000000000000000E+00 0
 425    8490.00    8510.00  0.000000000000000E+00  0.000000000000000E+00 0
 426    8510.00    8530.00  0.000000000000000E+00  0.000000000000000E+00 0
 427    8530.00    8550.00  0.000000000000000E+00  0.000000000000000E+00 0
 428    8550.00    8570.00  0.000000000000000E+00  0.000000000000000E+00 0
 429    8570.00    8590.00  0.000000000000000E+00  0.000000000000000E+00 0
 430    8590.00    8610.00  0.000000000000000E+00  0.000000000000000E+00 0
 431    8610.00    8630.00  0.000000000000000E+00  0.000000000000000E+00 0
 432    8630.00    8650.00  0.000000000000000E+00  0.000000000000000E+00 0
 433    8650.00    8670.00  0.000000000000000E+00  0.000000000000000E+00 0
 434    8670.00    8690.00  0.000000000000000E+00  0.000000000000000E+00 0
 435    8690.00    8710.00  0.000000000000000E+00  0.000000000000000E+00 0
 436    8710.00    8730.00  0.000000000000000E+00  0.000000000000000E+00 0
 437    8730.00    8750.00  0.000000000000000E+00  0.000000000000000E+00 0
 438    8750.00    8770.00  0.000000000000000E+00  0.000000000000000E+00 0
 439    8770.00    8790.00  0.000000000000000E+00  0.000000000000000E+00 0
 440    8790.00    8810.00  0.000000000000000E+00  0.000000000000000E+00 0
 441    8810.00    8830.00  0.000000000000000E+00  0.000000000000000E+00 0
 442    8830.00    8850.00  0.000000000000000E+00  0.000000000000000E+00 0
 443    8850.00    8870.00  0.000000000000000E+00  0.000000000000000E+00 0
 444    8870.00    8890.00  0.000000000000000E+00  0.000000000000000E+00 0
 445    8890.00    8910.00  0.000000000000000E+00  0.000000000000000E+00 0
 446    8910.00    8930.00  0.000000000000000E+00  0.000000000000000E+00 0
 447    8930.00    8950.00  0.000000000000000E+00  0.000000000000000E+00 0
 448    8950.00    8970.00  0.000000000000000E+00  0.000000000000000E+00 0
 449    8970.00    8990.00  0.000000000000000E+00  0.000000000000000E+00 0
 450    8990.00    9010.00  0.000000000000000E+00  0.000000000000000E+00 0
 451    9010.00    9030.00  0.000000000000000E+00  0.000000000000000E+00 0
 452    9030.00    9050.00  0.000000000000000E+00  0.000000000000000E+00 0
 453    9050.00    9070.00  0.000000000000000E+00  0.000000000000000E+00 0
 454    9070.00    9090.00  0.000000000000000E+00  0.000000000000000E+00 0
 455    9090.00    9110.00  0.000000000000000E+00  0.000000000000000E+00 0
 456    9110.00    9130.00  0.000000000000000E+00  0.000000000000000E+00 0
 457    9130.00    9150.00  0.000000000000000E+00  0.000000000000000E+00 0
 458    9150.00    9170.00  0.000000000000000E+00  0.000000000000000E+00 0
 459    9170.00    9190.00  0.000000000000000E+00  0.000000000000000E+00 0
 460    9190.00    9210.00  0.000000000000000E+00  0.000000000000000E+00 0
 461    9210.00    9230.00  0.000000000000000E+00  0.000000000000000E+00 0
 462    9230.00    9250.00  0.000000000000000E+00  0.000000000000000E+00 0
 463    9250.00    9270.00  0.000000000000000E+00  0.000000000000000E+00 0
 464    9270.00    9290.00  0.000000000000000E+00  0.000000000000000E+00 0
 465    9290.00    9310.00  0.000000000000000E+00  0.000000000000000E+00 0
 466    9310.00    9330.00  0.000000000000000E+00  0.000000000000000E+00 0
 467    9330.00    9350.00  0.000000000000000E+00  0.000000000000000E+00 0
 468    9350.00    9370.00  0.000000000000000E+00  0.000000000000000E+00 0
 469    9370.00    9390.00  0.000000000000000E+00  0.000000000000000E+00 0
 470    9390.00    9410.00  0.000000000000000E+00  0.000000000000000E+00 0
 471    9410.00    9430.00  0.000000000000000E+00  0.000000000000000E+00 0
 472    9430.00    9450.00  0.000000000000000E+00  0.000000000000000E+00 0
 473    9450.00    9470.00  0.000000000000000E+00  0.000000000000000E+00 0
 474    9470.00    9490.00  0.000000000000000E+00  0.000000000000000E+00 0
 475    9490.00    9510.00  0.000000000000000E+00  0.000000000000000E+00 0
 476    9510.00    9530.00  0.000000000000000E+00  0.000000000000000E+00 0
 477    9530.00    9550.00  0.000000000000000E+00  0.000000000000000E+00 0
 478    9550.00    9570.00  0.000000000000000E+00  0.000000000000000E+00 0
 479    9570.00    9590.00  0.000000000000000E+00  0.000000000000000E+00 0
 480    9590.00    9610.00  0.000000000000000E+00  0.000000000000000E+00 0
 481    9610.00    9630.00  0.000000000000000E+00  0.000000000000000E+00 0
 482    9630.00    9650.00  0.000000000000000E+00  0.000000000000000E+00 0
 483    9650.00    9670.00  0.000000000000000E+00  0.000000000000000E+00 0
 484    9670.00    9690.00  0.000000000000000E+00  0.000000000000000E+00 0
 485    9690.00    9710.00  0.000000000000000E+00  0.000000000000000E+00 0
 486    9710.00    9730.00  0.000000000000000E+00  0.000000000000000E+00 0
 487    9730.00    9750.00  0.000000000000000E+00  0.000000000000000E+00 0
 488    9750.00    9770.00  0.000000000000000E+00  0.000000000000000E+00 0
 489    9770.00    9790.00  0.000000000000000E+00  0.000000000000000E+00 0
 490    9790.00    9810.00  0.000000000000000E+00  0.000000000000000E+00 0
 491    9810.00    9830.00  0.000000000000000E+00  0.000000000000000E+00 0
 492    9830.00    9850.00  0.000000000000000E+00  0.000000000000000E+00 0
 493    9850.00    9870.00  0.000000000000000E+00  0.000000000000000E+00 0
 494    9870.00    9890.00  0.000000000000000E+00  0.000000000000000E+00 0
 495    9890.00    9910.00  0.000000000000000E+00  0.000000000000000E+00 0
 496    9910.00    9930.00  0.000000000000000E+00  0.000000000000000E+00 0
 497    9930.00    9950.00  0.000000000000000E+00  0.000000000000000E+00 0
 498    9950.00    9970.00  0.000000000000000E+00  0.000000000000000E+00 0
 499    9970.00    9990.00  0.000000000000000E+00  0.000000000000000E+00 0
 500    9990.00   10010.00  0.000000000000000E+00  0.000000000000000E+00 0
 501   10010.00   10030.00  0.000000000000000E+00  0.000000000000000E+00 0
 502   10030.00   10050.00  0.000000000000000E+00  0.000000000000000E+00 0
 503   10050.00   10070.00  0.000000000000000E+00  0.000000000000000E+00 0
 504   10070.00   10090.00  0.000000000000000E+00  0.000000000000000E+00 0
 505   10090.00   10110.00  0.000000000000000E+00  0.000000000000000E+00 0
 506   10110.00   10130.00  0.000000000000000E+00  0.000000000000000E+00 0
 507   10130.00   10150.00  0.000000000000000E+00  0.000000000000000E+00 0
 508   10150.00   10170.00  0.000000000000000E+00  0.000000000000000E+00 0
 509   10170.00   10190.00  0.000000000000000E+00  0.000000000000000E+00 0
 510   10190.00   10210.00  0.000000000000000E+00  0.000000000000000E+00 0
 511   10210.00   10230.00  0.000000000000000E+00  0.000000000000000E+00 0
 512   10230.00   10250.00  0.000000000000000E+00  0.000000000000000E+00 0
 513   10250.00   10270.00  0.000000000000000E+00  0.000000000000000E+00 0
 514   10270.00   10290.00  0.000000000000000E+00  0.000000000000000E+00 0
 515   10290.00   10310.00  0.000000000000000E+00  0.000000000000000E+00 0
 516   10310.00   10330.00  0.000000000000000E+00  0.000000000000000E+00 0
 517   10330.00   10350.00  0.000000000000000E+00  0.000000000000000E+00 0
 518   10350.00   10370.00  0.000000000000000E+00  0.000000000000000E+00 0
 519   10370.00   10390.00  0.000000000000000E+00  0.000000000000000E+00 0
 520   10390.00   10410.00  0.000000000000000E+00  0.000000000000000E+00 0
 521   10410.00   10430.00  0.000000000000000E+00  0.000000000000000E+00 0
 522   10430.00   10450.00  0.000000000000000E+00  0.000000000000000E+00 0
 523   10450.00   10470.00  0.000000000000000E+00  0.000000000000000E+00 0
 524   10470.00   10490.00  0.000000000000000E+00  0.000000000000000E+00 0
 525   10490.00   10510.00  0.000000000000000E+00  0.000000000000000E+00 0
 526   10510.00   10530.00  0.000000000000000E+00  0.000000000000000E+00 0
 527   10530.00   10550.00  0.000000000000000E+00  0.000000000000000E+00 0
 528   10550.00   10570.00  0.000000000000000E+00  0.000000000000000E+00 0
 529   10570.00   10590.00  0.000000000000000E+00  0.000000000000000E+00 0
 530   10590.00   10610.00  0.000000000000000E+00  0.000000000000000E+00 0
 531   10610.00   10630.00  0.000000000000000E+00  0.000000000000000E+00 0
 532   10630.00   10650.00  0.000000000000000E+00  0.000000000000000E+00 0
 533   10650.00   10670.00  0.000000000000000E+00  0.000000000000000E+00 0
 534   10670.00   10690.00  0.000000000000000E+00  0.000000000000000E+00 0
 535   10690.00   10710.00  0.000000000000000E+00  0.000000000000000E+00 0
 536   10710.00   10730.00  0.000000000000000E+00  0.000000000000000E+00 0
 537   10730.00   10750.00  0.000000000000000E+00  0.000000000000000E+00 0
 538   10750.00   10770.00  0.000000000000000E+00  0.000000000000000E+00 0
 539   10770.00   10790.00  0.000000000000000E+00  0.000000000000000E+00 0
 540   10790.00   10810.00  0.000000000000000E+00  0.000000000000000E+00 0
 541   10810.00   10830.00  0.000000000000000E+00  0.000000000000000E+00 0
 542   10830.00   10850.00  0.000000000000000E+00  0.000000000000000E+00 0
 543   10850.00   10870.00  0.000000000000000E+00  0.000000000000000E+00 0
 544   10870.00   10890.00  0.000000000000000E+00  0.000000000000000E+00 0
 545   10890.00   10910.00  0.000000000000000E+00  0.000000000000000E+00 0
 546   10910.00   10930.00  0.000000000000000E+00  0.000000000000000E+00 0
 547   10930.00   10950.00  0.000000000000000E+00  0.000000000000000E+00 0
 548   10950.00   10970.00  0.000000000000000E+00  0.000000000000000E+00 0
 549   10970.00   10990.00  0.000000000000000E+00  0.000000000000000E+00 0
 550   10990.00   11010.00  0.000000000000000E+00  0.000000000000000E+00 0
 551   11010.00   11030.00  0.000000000000000E+00  0.000000000000000E+00 0
 552   11030.00   11050.00  0.000000000000000E+00  0.000000000000000E+00 0
 553   11050.00   11070.00  0.000000000000000E+00  0.000000000000000E+00 0
 554   11070.00   11090.00  0.000000000000000E+00  0.000000000000000E+00 0
 555   11090.00   11110.00  0.000000000000000E+00  0.000000000000000E+00 0
 556   11110.00   11130.00  0.000000000000000E+00  0.000000000000000E+00 0
 557   11130.00   11150.00  0.000000000000000E+00  0.000000000000000E+00 0
 558   11150.00   11170.00  0.000000000000000E+00  0.000000000000000E+00 0
 559   11170.00   11190.00  0.000000000000000E+00  0.000000000000000E+00 0
 560   11190.00   11210.00  0.000000000000000E+00  0.000000000000000E+00 0
 561   11210.00   11230.00  0.000000000000000E+00  0.000000000000000E+00 0
 562   11230.00   11250.00  0.000000000000000E+00  0.000000000000000E+00 0
 563   11250.00   11270.00  0.000000000000000E+00  0.000000000000000E+00 0
 564   11270.00   11290.00  0.000000000000000E+00  0.000000000000000E+00 0
 565   11290.00   11310.00  0.000000000000000E+00  0.000000000000000E+00 0
 566   11310.00   11330.00  0.000000000000000E+00  0.000000000000000E+00 0
 567   11330.00   11350.00  0.000000000000000E+00  0.000000000000000E+00 0
 568   11350.00   11370.00  0.000000000000000E+00  0.000000000000000E+00 0
 569   11370.00   11390.00  0.000000000000000E+00  0.000000000000000E+00 0
 570   11390.00   11410.00  0.000000000000000E+00  0.000000000000000E+00 0
 571   11410.00   11430.00  0.000000000000000E+00  0.000000000000000E+00 0
 572   11430.00   11450.00  0.000000000000000E+00  0.000000000000000E+00 0
 573   11450.00   11470.00  0.000000000000000E+00  0.000000000000000E+00 0
 574   11470.00   11490.00  0.000000000000000E+00  0.000000000000000E+00 0
 575   11490.00   11510.00  0.000000000000000E+00  0.000000000000000E+00 0
 576   11510.00   11530.00  0.000000000000000E+00  0.000000000000000E+00 0
 577   11530.00   11550.00  0.000000000000000E+00  0.000000000000000E+00 0
 578   11550.00   11570.00  0.000000000000000E+00  0.000000000000000E+00 0
 579   11570.00   11590.00  0.000000000000000E+00  0.000000000000000E+00 0
 580   11590.00   11610.00  0.000000000000000E+00  0.000000000000000E+00 0
 581   11610.00   11630.00  0.000000000000000E+00  0.000000000000000E+00 0
 582   11630.00   11650.00  0.000000000000000E+00  0.000000000000000E+00 0
 583   11650.00   11670.00  0.000000000000000E+00  0.000000000000000E+00 0
 584   11670.00   11690.00  0.000000000000000E+00  0.000000000000000E+00 0
 585   11690.00   11710.00  0.000000000000000E+00  0.000000000000000E+00 0
 586   11710.00   11730.00  0.000000000000000E+00  0.000000000000000E+00 0
 587   11730.00   11750.00  0.000000000000000E+00  0.000000000000000E+00 0
 588   11750.00   11770.00  0.000000000000000E+00  0.000000000000000E+00 0
 589   11770.00   11790.00  0.000000000000000E+00  0.000000000000000E+00 0
 590   11790.00   11810.00  0.000000000000000E+00  0.000000000000000E+00 0
 591   11810.00   11830.00  0.000000000000000E+00  0.000000000000000E+00 0
 592   11830.00   11850.00  0.000000000000000E+00  0.000000000000000E+00 0
 593   11850.00   11870.00  0.000000000000000E+00  0.000000000000000E+00 0
 594   11870.00   11890.00  0.000000000000000E+00  0.000000000000000E+00 0
 595   11890.00   11910.00  0.000000000000000E+00  0.000000000000000E+00 0
 596   11910.00   11930.00  0.000000000000000E+00  0.000000000000000E+00 0
 597   11930.00   11950.00  0.000000000000000E+00  0.000000000000000E+00 0
 598   11950.00   11970.00  0.000000000000000E+00  0.000000000000000E+00 0
 599   11970.00   11990.00  0.000000000000000E+00  0.000000000000000E+00 0
 600   11990.00   12010.00  0.000000000000000E+00  0.000000000000000E+00 0
 601   12010.00   12030.00  0.000000000000000E+00  0.000000000000000E+00 0
 602   12030.00   12050.00  0.000000000000000E+00  0.000000000000000E+00 0
 603   12050.00   12070.00  0.000000000000000E+00  0.000000000000000E+00 0
 604   12070.00   12090.00  0.000000000000000E+00  0.000000000000000E+00 0
 605   12090.00   12110.00  0.000000000000000E+00  0.000000000000000E+00 0
 606   12110.00   12130.00  0.000000000000000E+00  0.000000000000000E+00 0
 607   12130.00   12150.00  0.000000000000000E+00  0.000000000000000E+00 0
 608   12150.00   12170.00  0.000000000000000E+00  0.000000000000000E+00 0
 609   12170.00   12190.00  0.000000000000000E+00  0.000000000000000E+00 0
 610   12190.00   12210.00  0.000000000000000E+00  0.000000000000000E+00 0
 611   12210.00   12230.00  0.000000000000000E+00  0.000000000000000E+00 0
 612   12230.00   12250.00  0.000000000000000E+00  0.000000000000000E+00 0
 613   12250.00   12270.00  0.000000000000000E+00  0.000000000000000E+00 0
 614   12270.00   12290.00  0.000000000000000E+00  0.000000000000000E+00 0
 615   12290.00   12310.00  0.000000000000000E+00  0.000000000000000E+00 0
 616   12310.00   12330.00  0.000000000000000E+00  0.000000000000000E+00 0
 617   12330.00   12350.00  0.000000000000000E+00  0.000000000000000E+00 0
 618   12350.00   12370.00  0.000000000000000E+00  0.000000000000000E+00 0
 619   12370.00   12390.00  0.000000000000000E+00  0.000000000000000E+00 0
 620   12390.00   12410.00  0.000000000000000E+00  0.000000000000000E+00 0
 621   12410.00   12430.00  0.000000000000000E+00  0.000000000000000E+00 0
 622   12430.00   12450.00  0.000000000000000E+00  0.000000000000000E+00 0
 623   12450.00   12470.00  0.000000000000000E+00  0.000000000000000E+00 0
 624   12470.00   12490.00  0.000000000000000E+00  0.000000000000000E+00 0
 625   12490.00   12510.00  0.000000000000000E+00  0.000000000000000E+00 0
 626   12510.00   12530.00  0.000000000000000E+00  0.000000000000000E+00 0
 627   12530.00   12550.00  0.000000000000000E+00  0.000000000000000E+00 0
 628   12550.00   12570.00  0.000000000000000E+00  0.000000000000000E+00 0
 629   12570.00   12590.00  0.000000000000000E+00  0.000000000000000E+00 0
 630   12590.00   12610.00  0.000000000000000E+00  0.000000000000000E+00 0
 631   12610.00   12630.00  0.000000000000000E+00  0.000000000000000E+00 0
 632   12630.00   12650.00  0.000000000000000E+00  0.000000000000000E+00 0
 633   12650.00   12670.00  0.000000000000000E+00  0.000000000000000E+00 0
 634   12670.00   12690.00  0.000000000000000E+00  0.000000000000000E+00 0
 635   12690.00   12710.00  0.000000000000000E+00  0.000000000000000E+00 0
 636   12710.00   12730.00  0.000000000000000E+00  0.000000000000000E+00 0
 637   12730.00   12750.00  0.000000000000000E+00  0.000000000000000E+00 0
 638   12750.00   12770.00  0.000000000000000E+00  0.000000000000000E+00 0
 639   12770.00   12790.00  0.000000000000000E+00  0.000000000000000E+00 0
 640   12790.00   12810.00  0.000000000000000E+00  0.000000000000000E+00 0
 641   12810.00   12830.00  0.000000000000000E+00  0.000000000000000E+00 0
 642   12830.00   12850.00  0.000000000000000E+00  0.000000000000000E+00 0
 643   12850.00   12870.00  0.000000000000000E+00  0.000000000000000E+00 0
 644   12870.00   12890.00  0.000000000000000E+00  0.000000000000000E+00 0
 645   12890.00   12910.00  0.000000000000000E+00  0.000000000000000E+00 0
 646   12910.00   12930.00  0.000000000000000E+00  0.000000000000000E+00 0
 647   12930.00   12950.00  0.000000000000000E+00  0.000000000000000E+00 0
 648   12950.00   12970.00  0.000000000000000E+00  0.000000000000000E+00 0
 649   12970.00   12990.00  0.000000000000000E+00  0.000000000000000E+00 0
 650   12990.00   13010.00  0.000000000000000E+00  0.000000000000000E+00 0
# Underflow:                 0.0000000000000000E+00  0.0000000000000000E+00 0
# Overflow:                  0.0000000000000000E+00  0.0000000000000000E+00 0
#-------------------------------------------------------------------------------------
# Sum:                      -4.8027697840481698E-04  3.6712117652575564E-06 368000
#=====================================================================================
