# title = Invariant Mass Jet Pair
# xlabel = $M_{\text{j}_1\text{j}_2}\,$[GeV]
# ylabel = $\frac{\text{d}\sigma}{\text{d}M_{\text{j}_1\text{j}_2}}\,\left[\frac{\text{fb}}{\text{GeV}}\right]$
# xmin=  0.000E+00
# xmax=  1.600E+03
# ymin=  1.000E-06
# ymax=  1.000E-02
# kmin= -2.000E+01
# kmax=  1.000E+01
# logscale = true
# Renormalization and factorization scale scaled by: 1.0000000000
# Renormalization scaled by: .0000000000
# Number of generated events: 7531973577
#
#=====================================================================================
# No.       Left      Right                   Value                   Error Hits
#-------------------------------------------------------------------------------------
   1       0.00      50.00  0.000000000000000E+00  0.000000000000000E+00 0
   2      50.00     100.00  0.000000000000000E+00  0.000000000000000E+00 0
   3     100.00     150.00  0.000000000000000E+00  0.000000000000000E+00 0
   4     150.00     200.00  0.000000000000000E+00  0.000000000000000E+00 0
   5     200.00     250.00  0.000000000000000E+00  0.000000000000000E+00 0
   6     250.00     300.00  0.000000000000000E+00  0.000000000000000E+00 0
   7     300.00     350.00  0.000000000000000E+00  0.000000000000000E+00 0
   8     350.00     400.00  0.000000000000000E+00  0.000000000000000E+00 0
   9     400.00     450.00  0.000000000000000E+00  0.000000000000000E+00 0
  10     450.00     500.00  0.000000000000000E+00  0.000000000000000E+00 0
  11     500.00     550.00  8.717375644161579E-04  2.349629785546000E-07 215168989
  12     550.00     600.00  9.237511914866725E-04  2.580960271461588E-07 211855961
  13     600.00     650.00  9.596655281728102E-04  2.802542177032577E-07 207034234
  14     650.00     700.00  9.814826042472157E-04  3.001597153025540E-07 201350842
  15     700.00     750.00  9.919313125549684E-04  3.183303664760641E-07 195096265
  16     750.00     800.00  9.937025798058036E-04  3.356431810726889E-07 188531751
  17     800.00     850.00  9.865838408864612E-04  3.501802565044204E-07 181765658
  18     850.00     900.00  9.759885011943083E-04  3.648225953792618E-07 175094321
  19     900.00     950.00  9.585379637443587E-04  3.766513852446893E-07 168454787
  20     950.00    1000.00  9.370178852632345E-04  3.856720784611163E-07 161948913
  21    1000.00    1050.00  9.150436946075474E-04  3.958610249721370E-07 155689960
  22    1050.00    1100.00  8.886859120842523E-04  4.038554260321347E-07 149591569
  23    1100.00    1150.00  8.629453756298710E-04  4.111096256490365E-07 143741125
  24    1150.00    1200.00  8.360864370986399E-04  4.183407613219647E-07 138152813
  25    1200.00    1250.00  8.068881228433040E-04  4.211644211355206E-07 132726521
  26    1250.00    1300.00  7.788184888148098E-04  4.262650185811335E-07 127601174
  27    1300.00    1350.00  7.516417523942488E-04  4.294437149219916E-07 122696613
  28    1350.00    1400.00  7.221587851091482E-04  4.323479557141774E-07 117987838
  29    1400.00    1450.00  6.941030102878874E-04  4.326937099737010E-07 113499717
  30    1450.00    1500.00  6.673114545160756E-04  4.341038494149390E-07 109227914
  31    1500.00    1550.00  6.400105414901496E-04  4.401313393740749E-07 105139072
  32    1550.00    1600.00  6.142131335313028E-04  4.364256415456966E-07 101238523
  33    1600.00    1650.00  5.886892062835560E-04  4.321110327711642E-07 97532082
  34    1650.00    1700.00  5.636672521380522E-04  4.292630749485326E-07 93972397
  35    1700.00    1750.00  5.394055779731064E-04  4.256168982718099E-07 90573717
  36    1750.00    1800.00  5.156708097538081E-04  4.233372682381781E-07 87336707
  37    1800.00    1850.00  4.931682892514245E-04  4.200918335310990E-07 84253895
  38    1850.00    1900.00  4.714493113205611E-04  4.149209884987990E-07 81290791
  39    1900.00    1950.00  4.505734950756794E-04  4.138212222580074E-07 78484726
  40    1950.00    2000.00  4.294641192451244E-04  4.047241628816295E-07 75782840
  41    2000.00    2050.00  4.095385484864845E-04  4.013897983584833E-07 73200829
  42    2050.00    2100.00  3.909120081781098E-04  3.951520563252659E-07 70715329
  43    2100.00    2150.00  3.725316979353814E-04  3.889115042157257E-07 68371044
  44    2150.00    2200.00  3.562167854548868E-04  3.860067210299590E-07 66091681
  45    2200.00    2250.00  3.385106142040918E-04  3.761860640588995E-07 63913031
  46    2250.00    2300.00  3.222754202243610E-04  3.734092429301074E-07 61823705
  47    2300.00    2350.00  3.071086135534031E-04  3.633756208645553E-07 59816369
  48    2350.00    2400.00  2.918345457667036E-04  3.561910432811252E-07 57911624
  49    2400.00    2450.00  2.769761358382958E-04  3.452834536384051E-07 56069680
  50    2450.00    2500.00  2.643701285190319E-04  3.470939528239769E-07 54294756
  51    2500.00    2550.00  2.507522560169974E-04  3.328309003207347E-07 52597466
  52    2550.00    2600.00  2.388336369119316E-04  3.276924837796588E-07 50956464
  53    2600.00    2650.00  2.270355258507987E-04  3.219645364612540E-07 49370295
  54    2650.00    2700.00  2.144954355103053E-04  3.070469933847544E-07 47871617
  55    2700.00    2750.00  2.043474951112820E-04  3.080021705006280E-07 46413468
  56    2750.00    2800.00  1.940251274530636E-04  2.948068881780642E-07 44995073
  57    2800.00    2850.00  1.840813150696251E-04  2.852565607002629E-07 43642701
  58    2850.00    2900.00  1.746018977511398E-04  2.766503721082282E-07 42358806
  59    2900.00    2950.00  1.654677124265073E-04  2.698962143604753E-07 41086959
  60    2950.00    3000.00  1.567843590528260E-04  2.622542425668027E-07 39886164
  61    3000.00    3050.00  1.484479095780210E-04  2.568882596474807E-07 38712221
  62    3050.00    3100.00  1.410110138416943E-04  2.477523744321310E-07 37589305
  63    3100.00    3150.00  1.331422023418922E-04  2.393192867130732E-07 36499180
  64    3150.00    3200.00  1.258565641332266E-04  2.315754481247688E-07 35452065
  65    3200.00    3250.00  1.190800245452503E-04  2.235487554894504E-07 34432036
  66    3250.00    3300.00  1.125316205206646E-04  2.174600035234392E-07 33456112
  67    3300.00    3350.00  1.062347212135568E-04  2.094844282199537E-07 32504800
  68    3350.00    3400.00  1.005742430440384E-04  2.033658239953777E-07 31590055
  69    3400.00    3450.00  9.453025594479680E-05  1.925323451743963E-07 30699335
  70    3450.00    3500.00  8.954056790803883E-05  1.887155886141172E-07 29843187
  71    3500.00    3550.00  8.488486158334866E-05  1.835385473373530E-07 29013562
  72    3550.00    3600.00  7.984561600809737E-05  1.753659403950286E-07 28212516
  73    3600.00    3650.00  7.542208930223786E-05  1.689403325104176E-07 27439498
  74    3650.00    3700.00  7.101419195360010E-05  1.620934984293446E-07 26681894
  75    3700.00    3750.00  6.683799915548015E-05  1.555528391740680E-07 25958501
  76    3750.00    3800.00  6.307290516587981E-05  1.485764038656127E-07 25246824
  77    3800.00    3850.00  5.945266507132624E-05  1.433729807695609E-07 24565661
  78    3850.00    3900.00  5.594795091697720E-05  1.374331166277788E-07 23896810
  79    3900.00    3950.00  5.251187577501277E-05  1.324898331964851E-07 23247773
  80    3950.00    4000.00  4.921513945810676E-05  1.251391442920166E-07 22630139
  81    4000.00    4050.00  4.666463300660267E-05  1.217819998175767E-07 22020567
  82    4050.00    4100.00  4.385635859194083E-05  1.183396293980972E-07 21439603
  83    4100.00    4150.00  4.094424256706338E-05  1.118143914250951E-07 20862515
  84    4150.00    4200.00  3.883156811971221E-05  1.073954734087415E-07 20305187
  85    4200.00    4250.00  3.609676017402208E-05  1.016869933555899E-07 19771424
  86    4250.00    4300.00  3.398916006632942E-05  9.940725605397968E-08 19247161
  87    4300.00    4350.00  3.206878823326531E-05  9.384331121075329E-08 18738827
  88    4350.00    4400.00  2.987122168593012E-05  8.836275007099574E-08 18251467
  89    4400.00    4450.00  2.788779543399523E-05  8.540502666518445E-08 17771047
  90    4450.00    4500.00  2.611618800381530E-05  8.053092014178272E-08 17311485
  91    4500.00    4550.00  2.456175040428297E-05  7.624138906623331E-08 16858501
  92    4550.00    4600.00  2.301245224674150E-05  7.392188379175108E-08 16414594
  93    4600.00    4650.00  2.159295915160043E-05  7.058555762143030E-08 15991537
  94    4650.00    4700.00  2.002030527832037E-05  6.619873272108644E-08 15567792
  95    4700.00    4750.00  1.873778811766829E-05  6.313424861504187E-08 15170204
  96    4750.00    4800.00  1.762028518995892E-05  6.013017078841210E-08 14768075
  97    4800.00    4850.00  1.637976458337646E-05  5.713819491101121E-08 14389781
  98    4850.00    4900.00  1.529406979062093E-05  5.372463597011487E-08 14023778
  99    4900.00    4950.00  1.430908674961439E-05  5.227852611141500E-08 13662872
 100    4950.00    5000.00  1.326413735178327E-05  4.841836179484468E-08 13299445
 101    5000.00    5050.00  1.251140327884465E-05  4.706170164583761E-08 12958898
 102    5050.00    5100.00  1.163041137600519E-05  4.425022626238928E-08 12626600
 103    5100.00    5150.00  1.081455919504411E-05  4.150482484586475E-08 12300115
 104    5150.00    5200.00  1.006882040476090E-05  3.961103620097975E-08 11983791
 105    5200.00    5250.00  9.293033130198748E-06  3.689164959591944E-08 11674226
 106    5250.00    5300.00  8.691124690785107E-06  3.469815396664481E-08 11375404
 107    5300.00    5350.00  8.035477291073392E-06  3.196500782462761E-08 11084597
 108    5350.00    5400.00  7.545425589508948E-06  3.180073919052126E-08 10803005
 109    5400.00    5450.00  6.919286738057159E-06  2.912749229053165E-08 10517373
 110    5450.00    5500.00  6.419309628871205E-06  2.728003029390136E-08 10242773
 111    5500.00    5550.00  6.006208369063837E-06  2.621997596923075E-08 9982926
 112    5550.00    5600.00  5.517079158152917E-06  2.405402482895425E-08 9728691
 113    5600.00    5650.00  5.176946187568966E-06  2.342212174490826E-08 9473713
 114    5650.00    5700.00  4.778333177432135E-06  2.181626688462104E-08 9234989
 115    5700.00    5750.00  4.418235415817460E-06  2.029994035008091E-08 8995693
 116    5750.00    5800.00  4.098295815572091E-06  1.951454468216645E-08 8761154
 117    5800.00    5850.00  3.785940252547525E-06  1.787655952343011E-08 8534526
 118    5850.00    5900.00  3.485454484430898E-06  1.676340996467670E-08 8308198
 119    5900.00    5950.00  3.224833740375517E-06  1.574576367363035E-08 8100782
 120    5950.00    6000.00  2.953498403144512E-06  1.451520589104686E-08 7891120
 121    6000.00    6050.00  2.746721812974236E-06  1.365436454172874E-08 7684341
 122    6050.00    6100.00  2.520863380155696E-06  1.273116493913512E-08 7482728
 123    6100.00    6150.00  2.344752262090426E-06  1.204265904113097E-08 7295275
 124    6150.00    6200.00  2.155998038565288E-06  1.156544460241850E-08 7098378
 125    6200.00    6250.00  1.968726176913802E-06  1.054538995387284E-08 6914661
 126    6250.00    6300.00  1.815066289830323E-06  9.858060734368422E-09 6732630
 127    6300.00    6350.00  1.681687088550155E-06  9.220656230093380E-09 6560302
 128    6350.00    6400.00  1.535735179314702E-06  8.533189832682025E-09 6384209
 129    6400.00    6450.00  1.399433335830002E-06  7.813588315197628E-09 6219700
 130    6450.00    6500.00  1.287008961587859E-06  7.362293244304162E-09 6054055
 131    6500.00    6550.00  1.193320966600464E-06  6.862482750723060E-09 5893098
 132    6550.00    6600.00  1.081405259008863E-06  6.146544328734698E-09 5739143
 133    6600.00    6650.00  9.884880771538371E-07  5.792840356372144E-09 5587611
 134    6650.00    6700.00  9.135402442156196E-07  5.479280286496299E-09 5439914
 135    6700.00    6750.00  8.266850327568895E-07  4.983479346510219E-09 5294505
 136    6750.00    6800.00  7.550979008765501E-07  4.599777472801765E-09 5152263
 137    6800.00    6850.00  6.929846223119012E-07  4.319967901892321E-09 5009877
 138    6850.00    6900.00  6.451354342874655E-07  4.129235020538554E-09 4881126
 139    6900.00    6950.00  5.858482373109283E-07  3.872716742390426E-09 4744891
 140    6950.00    7000.00  5.270283875678900E-07  3.407364671086300E-09 4618990
 141    7000.00    7050.00  4.756632823925501E-07  3.093717151081584E-09 4493241
 142    7050.00    7100.00  4.364012177332064E-07  2.837645987770716E-09 4365982
 143    7100.00    7150.00  3.962654183451889E-07  2.941147955941679E-09 4249692
 144    7150.00    7200.00  3.597709074700328E-07  2.421959048058346E-09 4133294
 145    7200.00    7250.00  3.242420367082231E-07  2.238707858113267E-09 4022082
 146    7250.00    7300.00  2.986646733320728E-07  2.067905694435708E-09 3909310
 147    7300.00    7350.00  2.682431642429287E-07  1.886406172628294E-09 3799299
 148    7350.00    7400.00  2.426110584151450E-07  1.708502289093309E-09 3695252
 149    7400.00    7450.00  2.183493774714202E-07  1.560326021727797E-09 3591795
 150    7450.00    7500.00  1.987719615206856E-07  1.451795470819060E-09 3486874
 151    7500.00    7550.00  1.810571312903343E-07  1.329069891290625E-09 3387607
 152    7550.00    7600.00  1.604791516073806E-07  1.184442983866733E-09 3295227
 153    7600.00    7650.00  1.446097763730290E-07  1.077617155488363E-09 3198341
 154    7650.00    7700.00  1.316414067954495E-07  1.042895920199965E-09 3107750
 155    7700.00    7750.00  1.166910452403947E-07  9.014473056703003E-10 3015633
 156    7750.00    7800.00  1.062109185124672E-07  8.303686397364870E-10 2929384
 157    7800.00    7850.00  9.603748768357651E-08  7.578752285304646E-10 2846819
 158    7850.00    7900.00  8.541534587191538E-08  6.912575447147337E-10 2759311
 159    7900.00    7950.00  7.639536364703456E-08  6.066112252870244E-10 2677873
 160    7950.00    8000.00  6.822387175022776E-08  5.492548922581686E-10 2599116
 161    8000.00    8050.00  6.089544753344024E-08  5.017400224579205E-10 2522307
 162    8050.00    8100.00  5.452888013808152E-08  4.593776960974036E-10 2444895
 163    8100.00    8150.00  4.894190326542351E-08  4.067158730516506E-10 2370918
 164    8150.00    8200.00  4.370397170989093E-08  3.669965786542375E-10 2297403
 165    8200.00    8250.00  3.848932130306578E-08  3.241345560083774E-10 2226458
 166    8250.00    8300.00  3.448849861129560E-08  2.968829097502733E-10 2159656
 167    8300.00    8350.00  3.065011029969676E-08  2.775046055473114E-10 2088679
 168    8350.00    8400.00  2.686892618039553E-08  2.381787074134320E-10 2022905
 169    8400.00    8450.00  2.374287295986150E-08  2.081639373894294E-10 1961818
 170    8450.00    8500.00  2.101410488846840E-08  1.873882605539161E-10 1900736
 171    8500.00    8550.00  1.863096458909113E-08  1.687234444668127E-10 1839467
 172    8550.00    8600.00  1.630781972174991E-08  1.510786691561055E-10 1782305
 173    8600.00    8650.00  1.458114896962120E-08  1.362854392935084E-10 1720297
 174    8650.00    8700.00  1.262206113640040E-08  1.174878601744134E-10 1666264
 175    8700.00    8750.00  1.119928498040729E-08  1.030055018760072E-10 1609658
 176    8750.00    8800.00  9.770404151866525E-09  9.534759334182309E-11 1556864
 177    8800.00    8850.00  8.460829163742967E-09  8.229102935293350E-11 1502716
 178    8850.00    8900.00  7.472163361864861E-09  7.232903601145527E-11 1452346
 179    8900.00    8950.00  6.523130899003336E-09  6.542043331977045E-11 1402394
 180    8950.00    9000.00  5.614849610518378E-09  5.722425285583137E-11 1355072
 181    9000.00    9050.00  4.852874879229324E-09  4.907611938324974E-11 1307382
 182    9050.00    9100.00  4.234336570203201E-09  4.204533427014555E-11 1260239
 183    9100.00    9150.00  3.688632957602468E-09  3.824872159045190E-11 1215039
 184    9150.00    9200.00  3.119132961371092E-09  3.131078135492351E-11 1171257
 185    9200.00    9250.00  2.695219044779906E-09  2.790698944452845E-11 1128847
 186    9250.00    9300.00  2.338535607906477E-09  2.416247769977318E-11 1086954
 187    9300.00    9350.00  2.008242946775735E-09  2.211156520746711E-11 1046380
 188    9350.00    9400.00  1.726513763242156E-09  1.867265200496698E-11 1009224
 189    9400.00    9450.00  1.470146861272449E-09  1.613330663550372E-11 968461
 190    9450.00    9500.00  1.221788417973228E-09  1.279175351631955E-11 931222
 191    9500.00    9550.00  1.039800129129723E-09  1.171318849680305E-11 897086
 192    9550.00    9600.00  8.963635777859297E-10  9.673000760252876E-12 861950
 193    9600.00    9650.00  7.613807746896057E-10  8.508535546068400E-12 825093
 194    9650.00    9700.00  6.380159448651296E-10  7.329786911783304E-12 794137
 195    9700.00    9750.00  5.315387035316417E-10  6.152807195610383E-12 760981
 196    9750.00    9800.00  4.480062393317066E-10  5.394507412361995E-12 727258
 197    9800.00    9850.00  3.720260189075870E-10  4.375491353242109E-12 697809
 198    9850.00    9900.00  3.164273450600046E-10  3.744167658125076E-12 668424
 199    9900.00    9950.00  2.544299251897064E-10  3.130719132714219E-12 639782
 200    9950.00   10000.00  2.182154762805998E-10  2.730442567490119E-12 610669
 201   10000.00   10050.00  1.729796518438865E-10  2.117203076496267E-12 583802
 202   10050.00   10100.00  1.445711908139114E-10  1.786568770437481E-12 557135
 203   10100.00   10150.00  1.200006323924583E-10  1.586768246609381E-12 531904
 204   10150.00   10200.00  9.671330139609640E-11  1.279001159648044E-12 504922
 205   10200.00   10250.00  7.684236526801454E-11  1.031487632298506E-12 483682
 206   10250.00   10300.00  6.306796199882846E-11  8.526785454835777E-13 459039
 207   10300.00   10350.00  5.110114335584621E-11  7.284340366791599E-13 437181
 208   10350.00   10400.00  4.069122857419391E-11  5.884722222868477E-13 414585
 209   10400.00   10450.00  3.225671524485686E-11  4.649896740279026E-13 393214
 210   10450.00   10500.00  2.571045074849311E-11  3.864906416043914E-13 372351
 211   10500.00   10550.00  2.062642764392810E-11  3.107953316613401E-13 352035
 212   10550.00   10600.00  1.617878064915724E-11  2.481905740956789E-13 334622
 213   10600.00   10650.00  1.218017949689539E-11  1.974612349437892E-13 316185
 214   10650.00   10700.00  9.809036989863488E-12  1.677010561798148E-13 298132
 215   10700.00   10750.00  7.632523073637324E-12  1.299520059899722E-13 281946
 216   10750.00   10800.00  5.591590061834805E-12  1.025900311265621E-13 264631
 217   10800.00   10850.00  4.422477664009612E-12  8.361690208142544E-14 248999
 218   10850.00   10900.00  3.301879027360755E-12  6.584663859165860E-14 233257
 219   10900.00   10950.00  2.462401970523340E-12  5.262176003213334E-14 219042
 220   10950.00   11000.00  1.919553183608385E-12  4.144156876466859E-14 205228
 221   11000.00   11050.00  1.349435405423016E-12  3.216266032542014E-14 191597
 222   11050.00   11100.00  1.023419735216313E-12  2.579359477843521E-14 177968
 223   11100.00   11150.00  7.498716590075763E-13  2.093354513692843E-14 165894
 224   11150.00   11200.00  5.256615040718132E-13  1.583919070525301E-14 154412
 225   11200.00   11250.00  3.833524906760948E-13  1.237993827426190E-14 143504
 226   11250.00   11300.00  2.571415451612679E-13  9.363594555741180E-15 131880
 227   11300.00   11350.00  1.835338960713621E-13  7.414661514181768E-15 122902
 228   11350.00   11400.00  1.129939575207327E-13  5.541051056982763E-15 111639
 229   11400.00   11450.00  7.700898183984996E-14  4.245279124752061E-15 102345
 230   11450.00   11500.00  5.318868182636845E-14  3.315837007887958E-15 93463
 231   11500.00   11550.00  3.355206503853231E-14  2.518395037237726E-15 85439
 232   11550.00   11600.00  2.047459976472654E-14  1.873831744218134E-15 77034
 233   11600.00   11650.00  1.180731623172194E-14  1.413788978262398E-15 70538
 234   11650.00   11700.00  8.321064013260658E-15  1.178323580029406E-15 63330
 235   11700.00   11750.00  3.140477277175958E-15  7.717510381014661E-16 57002
 236   11750.00   11800.00  3.605726278485353E-15  6.433533040035782E-16 51067
 237   11800.00   11850.00  7.515537800785450E-16  4.328878485968435E-16 44733
 238   11850.00   11900.00  1.064370771152293E-15  3.177409190151656E-16 39389
 239   11900.00   11950.00  3.884607092217268E-17  2.350423958685822E-16 35115
 240   11950.00   12000.00 -1.105081481537771E-16  1.663002183863718E-16 30513
 241   12000.00   12050.00  1.817664280579017E-17  1.129620645224120E-16 26095
 242   12050.00   12100.00 -7.671574314318101E-17  7.929215700605725E-17 22693
 243   12100.00   12150.00 -1.895128166535422E-17  5.228690304172823E-17 18972
 244   12150.00   12200.00 -3.297086136816825E-17  3.725500003702931E-17 16059
 245   12200.00   12250.00 -2.847305455862580E-17  2.110984426746655E-17 13168
 246   12250.00   12300.00  1.600507042689491E-17  1.556649253136165E-17 10670
 247   12300.00   12350.00 -2.743691615956873E-18  7.430961856509141E-18 8582
 248   12350.00   12400.00 -4.262020628848850E-18  4.727956338124854E-18 6630
 249   12400.00   12450.00 -1.858932399823830E-18  2.667685383809316E-18 5112
 250   12450.00   12500.00  1.546383561111907E-18  1.377275145970274E-18 3926
 251   12500.00   12550.00  8.499358881049903E-21  6.638571180950150E-19 2691
 252   12550.00   12600.00 -4.182064174167600E-19  2.636439608907408E-19 1950
 253   12600.00   12650.00  5.536188772738116E-20  1.075728340683268E-19 1165
 254   12650.00   12700.00  3.131090965531069E-20  3.020220148341229E-20 635
 255   12700.00   12750.00  4.258537113315574E-21  7.734044311637890E-21 275
 256   12750.00   12800.00 -8.397136146602166E-23  9.685098944242979E-22 94
 257   12800.00   12850.00  1.096278226333009E-22  9.485738244706432E-23 10
 258   12850.00   12900.00  0.000000000000000E+00  0.000000000000000E+00 0
 259   12900.00   12950.00  0.000000000000000E+00  0.000000000000000E+00 0
 260   12950.00   13000.00  0.000000000000000E+00  0.000000000000000E+00 0
# Underflow:                 0.0000000000000000E+00  0.0000000000000000E+00 0
# Overflow:                  0.0000000000000000E+00  0.0000000000000000E+00 0
#-------------------------------------------------------------------------------------
# Sum:                       5.6305534675438326E-03  8.6564202101413665E-07 667479000
#=====================================================================================
