  -2.3750000000000000        8.7517358000000002E-005   2.8618552000000002E-006
  -2.1250000000000000        1.1147963000000000E-004   3.2963078000000000E-006
  -1.8750000000000000        1.4173718999999999E-004   3.1346896000000002E-006
  -1.6250000000000000        1.8337771000000001E-004   4.0415919000000002E-006
  -1.3750000000000000        2.1029341000000000E-004   5.1187763000000000E-006
  -1.1250000000000000        2.3578792000000001E-004   3.6128837999999999E-006
 -0.87500000000000000        2.7255924999999999E-004   3.8728871000000000E-006
 -0.62500000000000000        3.0068480000000001E-004   4.6110338000000002E-006
 -0.37500000000000000        3.0862425000000000E-004   4.0250835999999996E-006
 -0.12500000000000000        3.1614105000000000E-004   4.1531227999999998E-006
  0.12500000000000000        3.1378248000000001E-004   4.1649566000000000E-006
  0.37500000000000000        3.2752429000000002E-004   6.0845934999999999E-006
  0.62500000000000000        2.9922504999999999E-004   4.3525407000000001E-006
  0.87500000000000000        2.8874142000000002E-004   5.1027790999999997E-006
   1.1250000000000000        2.5157083000000000E-004   3.7267656000000002E-006
   1.3750000000000000        2.2978123000000000E-004   3.8794566999999999E-006
   1.6250000000000000        1.9249139000000000E-004   3.6534796999999999E-006
   1.8750000000000000        1.5093177000000000E-004   3.1392452000000000E-006
   2.1250000000000000        1.1973847000000000E-004   2.7894391999999998E-006
   2.3750000000000000        9.0778983000000006E-005   4.6498547999999997E-006
