  -4.3750000000000000        4.7428805999999999E-006   7.0151715999999997E-007
  -4.1250000000000000        1.6227186000000001E-005   2.5281938000000002E-006
  -3.8750000000000000        3.5211361000000000E-005   4.4479323000000001E-006
  -3.6250000000000000        5.8690907999999999E-005   4.6733884000000003E-006
  -3.3750000000000000        8.7463175000000005E-005   3.5718980999999999E-006
  -3.1250000000000000        1.3080869999999999E-004   3.9023705000000002E-006
  -2.8750000000000000        1.6512705000000001E-004   3.6768487000000002E-006
  -2.6250000000000000        2.0886906000000001E-004   4.0700266999999999E-006
  -2.3750000000000000        2.2327695999999999E-004   3.5107257000000002E-006
  -2.1250000000000000        2.3524601999999999E-004   3.4519312000000000E-006
  -1.8750000000000000        2.2105622000000001E-004   3.0291042999999999E-006
  -1.6250000000000000        2.0128436000000000E-004   2.9778453000000001E-006
  -1.3750000000000000        1.7527917000000000E-004   2.5739383000000001E-006
  -1.1250000000000000        1.4149797999999999E-004   2.2998258999999999E-006
 -0.87500000000000000        1.1062340000000000E-004   2.0224110999999999E-006
 -0.62500000000000000        8.5779083000000000E-005   1.7663954000000000E-006
 -0.37500000000000000        6.3386415000000001E-005   1.6532988999999999E-006
 -0.12500000000000000        5.1022944999999999E-005   1.3594151999999999E-006
  0.12500000000000000        5.4830656999999999E-005   1.4070719999999999E-006
  0.37500000000000000        5.8424029999999997E-005   1.4786274000000000E-006
  0.62500000000000000        7.9178876999999999E-005   2.2044619000000001E-006
  0.87500000000000000        1.0394315000000000E-004   1.9491271000000002E-006
   1.1250000000000000        1.3850287999999999E-004   2.2618086999999999E-006
   1.3750000000000000        1.6599029000000001E-004   2.4951857000000001E-006
   1.6250000000000000        1.9500459999999999E-004   2.7969984000000002E-006
   1.8750000000000000        2.2123449000000000E-004   3.0493223000000002E-006
   2.1250000000000000        2.2647060000000001E-004   3.2036523000000001E-006
   2.3750000000000000        2.2682727000000001E-004   3.5378005999999999E-006
   2.6250000000000000        2.1097816000000000E-004   3.9572442000000002E-006
   2.8750000000000000        1.7734643000000001E-004   3.7878550000000000E-006
   3.1250000000000000        1.2957339999999999E-004   3.4073924000000001E-006
   3.3750000000000000        1.0671837000000000E-004   5.8511612999999998E-006
   3.6250000000000000        6.2993572000000003E-005   3.5550696999999998E-006
   3.8750000000000000        3.3476514000000002E-005   2.2064300000000002E-006
   4.1250000000000000        1.7973054999999999E-005   1.7269344000000000E-006
   4.3750000000000000        7.7092598999999998E-006   1.6516882000000000E-006
