  -2.3750000000000000        1.1715639000000000E-004   4.7335193999999997E-006
  -2.1250000000000000        1.5781667000000000E-004   4.3574869999999996E-006
  -1.8750000000000000        2.0930927000000000E-004   4.8741048000000001E-006
  -1.6250000000000000        2.6229279000000000E-004   7.4370321000000001E-006
  -1.3750000000000000        2.9775720000000002E-004   5.7297112000000004E-006
  -1.1250000000000000        3.4214305000000001E-004   5.3638466999999998E-006
 -0.87500000000000000        3.9061929999999998E-004   5.9386935000000001E-006
 -0.62500000000000000        4.2699236999999999E-004   1.3610254000000000E-005
 -0.37500000000000000        4.3429967000000000E-004   6.3130334000000004E-006
 -0.12500000000000000        4.6683447999999999E-004   8.2153844000000003E-006
  0.12500000000000000        4.5405066000000002E-004   5.9555891000000001E-006
  0.37500000000000000        4.5408275000000001E-004   6.0428854999999997E-006
  0.62500000000000000        4.1440990000000000E-004   5.9387253000000003E-006
  0.87500000000000000        4.0864478000000003E-004   7.7504538000000007E-006
   1.1250000000000000        3.4948911000000002E-004   5.9485866999999997E-006
   1.3750000000000000        3.0576405000000000E-004   5.0607166999999997E-006
   1.6250000000000000        2.6610252999999999E-004   5.4442680999999996E-006
   1.8750000000000000        2.1292790000000000E-004   4.6208292999999999E-006
   2.1250000000000000        1.7129187000000000E-004   4.5380960999999996E-006
   2.3750000000000000        1.2181544000000000E-004   3.6266432000000001E-006
