  -4.3750000000000000        3.8317066000000000E-005   2.6009359000000002E-006
  -4.1250000000000000        7.9466736000000001E-005   5.1623569999999998E-006
  -3.8750000000000000        1.2053396000000001E-004   5.3535411000000001E-006
  -3.6250000000000000        1.6263325999999999E-004   5.6059164000000002E-006
  -3.3750000000000000        2.1753262000000001E-004   6.6510267000000002E-006
  -3.1250000000000000        2.5878404999999998E-004   6.0753658999999999E-006
  -2.8750000000000000        2.9004677999999999E-004   5.5542861000000003E-006
  -2.6250000000000000        3.0373459999999999E-004   5.5591738999999998E-006
  -2.3750000000000000        3.0245549999999998E-004   4.4752611000000001E-006
  -2.1250000000000000        2.8892014000000000E-004   4.1917210000000000E-006
  -1.8750000000000000        2.6046377999999998E-004   3.8208556999999999E-006
  -1.6250000000000000        2.1701454999999999E-004   3.8435816000000001E-006
  -1.3750000000000000        1.8594773000000001E-004   3.6417684000000002E-006
  -1.1250000000000000        1.3787209000000000E-004   2.7948109000000001E-006
 -0.87500000000000000        1.0209726000000000E-004   2.4507072000000000E-006
 -0.62500000000000000        7.1498864999999998E-005   1.9145790999999998E-006
 -0.37500000000000000        4.4840482000000003E-005   1.6097879999999999E-006
 -0.12500000000000000        3.5609911999999999E-005   1.3521835000000000E-006
  0.12500000000000000        3.2850232000000000E-005   1.3769483000000000E-006
  0.37500000000000000        4.4015879000000002E-005   1.5820660999999999E-006
  0.62500000000000000        6.4579650999999994E-005   1.8478722000000001E-006
  0.87500000000000000        9.3798855999999994E-005   2.2627749000000002E-006
   1.1250000000000000        1.3277820000000000E-004   2.7721094999999998E-006
   1.3750000000000000        1.7262578000000001E-004   3.4072486999999998E-006
   1.6250000000000000        2.0669024000000000E-004   3.3675049999999999E-006
   1.8750000000000000        2.4960260000000001E-004   3.7284261000000000E-006
   2.1250000000000000        2.8793272000000002E-004   4.7573348000000002E-006
   2.3750000000000000        3.0637580000000001E-004   4.7192561000000003E-006
   2.6250000000000000        3.1073671000000002E-004   4.5596881000000002E-006
   2.8750000000000000        2.9635594999999999E-004   5.1489861000000001E-006
   3.1250000000000000        2.7989481000000000E-004   1.2982976000000000E-005
   3.3750000000000000        2.2733146000000000E-004   5.6106416000000003E-006
   3.6250000000000000        1.7297790000000000E-004   5.4316262000000000E-006
   3.8750000000000000        1.3427987999999999E-004   6.8448341999999996E-006
   4.1250000000000000        8.0651416999999998E-005   4.3093836000000004E-006
   4.3750000000000000        5.2552705999999999E-005   6.4158483999999999E-006
