   25.000000000000000        0.0000000000000000        0.0000000000000000     
   75.000000000000000        0.0000000000000000        0.0000000000000000     
   125.00000000000000        0.0000000000000000        0.0000000000000000     
   175.00000000000000        0.0000000000000000        0.0000000000000000     
   225.00000000000000        0.0000000000000000        0.0000000000000000     
   275.00000000000000        0.0000000000000000        0.0000000000000000     
   325.00000000000000        0.0000000000000000        0.0000000000000000     
   375.00000000000000        0.0000000000000000        0.0000000000000000     
   425.00000000000000        0.0000000000000000        0.0000000000000000     
   475.00000000000000        0.0000000000000000        0.0000000000000000     
   525.00000000000000        1.0946124000000000E-006   1.8239834000000000E-008
   575.00000000000000        1.2326176999999999E-006   6.2344258000000002E-008
   625.00000000000000        1.1800905999999999E-006   1.8481909000000000E-008
   675.00000000000000        1.1772797000000000E-006   2.0021788000000001E-008
   725.00000000000000        1.1807631000000000E-006   1.7890769000000000E-008
   775.00000000000000        1.1367962000000000E-006   1.7925746000000000E-008
   825.00000000000000        1.1250921000000000E-006   2.0030750999999999E-008
   875.00000000000000        1.1124734000000000E-006   1.7301796000000000E-008
   925.00000000000000        1.0242632000000000E-006   1.6643609000000001E-008
   975.00000000000000        1.0265538000000000E-006   1.6899339000000000E-008
   1025.0000000000000        9.9713284000000007E-007   1.6851906000000001E-008
   1075.0000000000000        9.6405046999999991E-007   1.8660751000000001E-008
   1125.0000000000000        9.0298419000000001E-007   1.9172676999999999E-008
   1175.0000000000000        9.1585652000000003E-007   1.8756248999999999E-008
   1225.0000000000000        8.4838220000000002E-007   1.6547493000000001E-008
   1275.0000000000000        7.9704874000000004E-007   1.6224292000000001E-008
   1325.0000000000000        7.5466899000000001E-007   1.5097077000000001E-008
   1375.0000000000000        7.3562482000000003E-007   1.5762120000000001E-008
   1425.0000000000000        7.2297094999999997E-007   2.0083985999999999E-008
   1475.0000000000000        6.7612276999999999E-007   1.5340737000000000E-008
   1525.0000000000000        6.5760577999999996E-007   1.5676609000000000E-008
   1575.0000000000000        5.9333363000000002E-007   1.5468503999999998E-008
   1625.0000000000000        5.5594190000000000E-007   1.4665347000000001E-008
   1675.0000000000000        5.4539210000000004E-007   1.5693024000000001E-008
   1725.0000000000000        5.2380221000000004E-007   1.8009541000000000E-008
   1775.0000000000000        4.8534100000000000E-007   1.3580493000000000E-008
   1825.0000000000000        4.6397349999999998E-007   1.7369322999999999E-008
   1875.0000000000000        4.3456110000000001E-007   1.3855706000000001E-008
   1925.0000000000000        4.1656194000000002E-007   1.3384916000000000E-008
   1975.0000000000000        3.8839936000000002E-007   1.2585169000000001E-008
   2025.0000000000000        3.8356148000000000E-007   1.3847365000000000E-008
   2075.0000000000000        3.4428791999999999E-007   1.2256731000000000E-008
   2125.0000000000000        3.3231523000000001E-007   1.2515152000000000E-008
   2175.0000000000000        3.3069292999999999E-007   1.4736130000000000E-008
   2225.0000000000000        3.2662200000000000E-007   1.7399061999999999E-008
   2275.0000000000000        2.7949823000000002E-007   1.1613966000000000E-008
   2325.0000000000000        2.7354326000000002E-007   1.4361857999999999E-008
   2375.0000000000000        2.4330896000000001E-007   1.3162872000000001E-008
   2425.0000000000000        2.4777758000000002E-007   1.1988419999999999E-008
   2475.0000000000000        2.2720751000000000E-007   1.1431942999999999E-008
   2525.0000000000000        2.1159948999999999E-007   1.0585123000000000E-008
   2575.0000000000000        2.0424682000000000E-007   1.0295263000000000E-008
   2625.0000000000000        1.7139791000000000E-007   9.3274841000000002E-009
   2675.0000000000000        2.0225502000000000E-007   1.3573147000000001E-008
   2725.0000000000000        1.6085439000000000E-007   1.0329212000000001E-008
   2775.0000000000000        1.6758657999999999E-007   1.1359414000000001E-008
   2825.0000000000000        1.8419498000000000E-007   1.4921727999999999E-008
   2875.0000000000000        1.4423892000000000E-007   1.0525516999999999E-008
   2925.0000000000000        1.3203292000000000E-007   1.4565069999999999E-008
   2975.0000000000000        1.1660960000000000E-007   8.7706490000000002E-009
   3025.0000000000000        1.2604288000000000E-007   1.2931141000000000E-008
   3075.0000000000000        1.1161453000000000E-007   9.2618227000000002E-009
   3125.0000000000000        1.0936362000000000E-007   8.5409664999999994E-009
   3175.0000000000000        9.0465798000000006E-008   9.1623445000000002E-009
   3225.0000000000000        9.6379269000000002E-008   9.9558331999999997E-009
   3275.0000000000000        7.7986287000000003E-008   9.8281225999999998E-009
   3325.0000000000000        7.4510707999999998E-008   8.4669693000000008E-009
   3375.0000000000000        8.8449334999999998E-008   1.4416138000000001E-008
   3425.0000000000000        5.7934743000000003E-008   6.8498967000000003E-009
   3475.0000000000000        7.8484712999999996E-008   1.1306129000000000E-008
   3525.0000000000000        6.0652514000000004E-008   7.9636360000000008E-009
   3575.0000000000000        5.1555715000000000E-008   7.2170131000000002E-009
   3625.0000000000000        4.8180597000000000E-008   7.7279438000000001E-009
   3675.0000000000000        8.0349777000000000E-008   1.6391105999999998E-008
   3725.0000000000000        4.5120268999999999E-008   9.3317585999999996E-009
   3775.0000000000000        6.0956638999999995E-008   1.9028508000000000E-008
   3825.0000000000000        3.9681076000000001E-008   5.9233129000000000E-009
   3875.0000000000000        5.0475174000000003E-008   1.4932114000000001E-008
   3925.0000000000000        3.0245853000000001E-008   5.8603401000000001E-009
   3975.0000000000000        3.6218513000000002E-008   7.8737486999999992E-009
   4025.0000000000000        3.2196975000000002E-008   1.0134411000000000E-008
   4075.0000000000000        1.7295191999999999E-008   2.9248435999999999E-009
   4125.0000000000000        4.7325828999999998E-008   1.4246633999999999E-008
   4175.0000000000000        3.8067885999999997E-008   7.6115650999999993E-009
   4225.0000000000000        4.0084313000000001E-008   1.5380106000000000E-008
   4275.0000000000000        2.7984998000000001E-008   7.1706725000000000E-009
   4325.0000000000000        1.1324722000000000E-008   2.4402865999999998E-009
   4375.0000000000000        1.7630711999999998E-008   4.3169851000000001E-009
   4425.0000000000000        2.4749865000000000E-008   5.8953055999999998E-009
   4475.0000000000000        1.3482740000000001E-008   3.0715950000000001E-009
   4525.0000000000000        7.8484929000000002E-009   2.3712824000000000E-009
   4575.0000000000000        1.9701115999999999E-008   5.8615430999999998E-009
   4625.0000000000000        7.9900563000000005E-009   4.5306391000000001E-009
   4675.0000000000000        3.8577861999999999E-008   2.4050328999999999E-008
   4725.0000000000000        1.5283458999999999E-008   7.7290338000000001E-009
   4775.0000000000000        4.8830095000000002E-008   2.7958328000000000E-008
   4825.0000000000000        1.8617927000000001E-009   7.0666594999999995E-010
   4875.0000000000000        1.9682646000000001E-008   8.2691533000000004E-009
   4925.0000000000000        5.4133163000000001E-009   2.0723915000000002E-009
   4975.0000000000000        5.3111396000000002E-009   2.9756399999999999E-009
   5025.0000000000000        2.7127434000000001E-009   8.8032160999999995E-010
   5075.0000000000000        2.8622674000000000E-008   2.0178056999999999E-008
   5125.0000000000000        1.7559069000000000E-009   1.0561544999999999E-009
   5175.0000000000000        2.6710997999999999E-009   9.7401230999999998E-010
   5225.0000000000000        2.0018441999999999E-009   1.5442216000000000E-009
   5275.0000000000000        1.9054527999999999E-008   1.4743006000000000E-008
   5325.0000000000000        1.6317430999999999E-009   8.0849408999999999E-010
   5375.0000000000000        6.7983917999999999E-009   5.3383636999999997E-009
   5425.0000000000000        1.0033345000000001E-009   6.1599496000000003E-010
   5475.0000000000000        3.6624764000000000E-009   1.8648378000000001E-009
   5525.0000000000000        6.9713081999999998E-009   4.3877510000000002E-009
   5575.0000000000000        4.5676418999999999E-009   1.9430189999999999E-009
   5625.0000000000000        4.1126551000000002E-009   1.9986441000000001E-009
   5675.0000000000000        2.4799562000000000E-010   2.4768543000000001E-010
   5725.0000000000000        1.2973166000000000E-009   6.7742506000000002E-010
   5775.0000000000000        7.1898179000000005E-010   7.1808254000000001E-010
   5825.0000000000000        2.3113772999999999E-009   1.3274756999999999E-009
   5875.0000000000000        2.7345616999999998E-009   1.8095256999999999E-009
   5925.0000000000000        4.9599122999999996E-010   3.5028008999999999E-010
   5975.0000000000000        1.9140088000000001E-009   8.2776276999999998E-010
   6025.0000000000000        7.4398684999999996E-010   4.2900375000000002E-010
   6075.0000000000000        4.9599122999999996E-010   3.5028008999999999E-010
   6125.0000000000000        1.8589376000000001E-009   7.0938091000000001E-010
   6175.0000000000000        1.0402593000000001E-009   5.2115460000000002E-010
   6225.0000000000000        4.9599122999999996E-010   3.5028008999999999E-010
   6275.0000000000000        3.6798432000000002E-009   4.2601385000000001E-009
   6325.0000000000000        7.4398684999999996E-010   4.2900375000000002E-010
   6375.0000000000000        2.4799562000000000E-010   2.4768543000000001E-010
   6425.0000000000000        1.1730462000000000E-009   6.0636284000000000E-010
   6475.0000000000000        4.9599122999999996E-010   3.5028008999999999E-010
   6525.0000000000000        7.4398684999999996E-010   4.2900375000000002E-010
   6575.0000000000000        0.0000000000000000        0.0000000000000000     
   6625.0000000000000        7.2258428999999998E-010   5.3480781000000000E-010
   6675.0000000000000        2.4799562000000000E-010   2.4768543000000001E-010
   6725.0000000000000        0.0000000000000000        0.0000000000000000     
   6775.0000000000000        2.4799562000000000E-010   2.4768543000000001E-010
   6825.0000000000000        0.0000000000000000        0.0000000000000000     
   6875.0000000000000        2.4799562000000000E-010   2.4768543000000001E-010
   6925.0000000000000        0.0000000000000000        0.0000000000000000     
   6975.0000000000000        0.0000000000000000        0.0000000000000000     
   7025.0000000000000        2.4799562000000000E-010   2.4768543000000001E-010
   7075.0000000000000        3.4361091999999998E-010   3.4318114000000001E-010
   7125.0000000000000        0.0000000000000000        0.0000000000000000     
   7175.0000000000000        0.0000000000000000        0.0000000000000000     
   7225.0000000000000        0.0000000000000000        0.0000000000000000     
   7275.0000000000000        0.0000000000000000        0.0000000000000000     
   7325.0000000000000        0.0000000000000000        0.0000000000000000     
   7375.0000000000000        0.0000000000000000        0.0000000000000000     
   7425.0000000000000        0.0000000000000000        0.0000000000000000     
   7475.0000000000000        0.0000000000000000        0.0000000000000000     
   7525.0000000000000        0.0000000000000000        0.0000000000000000     
   7575.0000000000000        0.0000000000000000        0.0000000000000000     
   7625.0000000000000        0.0000000000000000        0.0000000000000000     
   7675.0000000000000        0.0000000000000000        0.0000000000000000     
   7725.0000000000000        0.0000000000000000        0.0000000000000000     
   7775.0000000000000        0.0000000000000000        0.0000000000000000     
   7825.0000000000000        0.0000000000000000        0.0000000000000000     
   7875.0000000000000        0.0000000000000000        0.0000000000000000     
   7925.0000000000000        0.0000000000000000        0.0000000000000000     
   7975.0000000000000        0.0000000000000000        0.0000000000000000     
   8025.0000000000000        0.0000000000000000        0.0000000000000000     
   8075.0000000000000        0.0000000000000000        0.0000000000000000     
   8125.0000000000000        0.0000000000000000        0.0000000000000000     
   8175.0000000000000        2.4799562000000000E-010   2.4768543000000001E-010
   8225.0000000000000        0.0000000000000000        0.0000000000000000     
   8275.0000000000000        0.0000000000000000        0.0000000000000000     
   8325.0000000000000        0.0000000000000000        0.0000000000000000     
   8375.0000000000000        0.0000000000000000        0.0000000000000000     
   8425.0000000000000        0.0000000000000000        0.0000000000000000     
   8475.0000000000000        0.0000000000000000        0.0000000000000000     
   8525.0000000000000        2.4799562000000000E-010   2.4768543000000001E-010
   8575.0000000000000        0.0000000000000000        0.0000000000000000     
   8625.0000000000000        0.0000000000000000        0.0000000000000000     
   8675.0000000000000        0.0000000000000000        0.0000000000000000     
   8725.0000000000000        0.0000000000000000        0.0000000000000000     
   8775.0000000000000        0.0000000000000000        0.0000000000000000     
   8825.0000000000000        0.0000000000000000        0.0000000000000000     
   8875.0000000000000        0.0000000000000000        0.0000000000000000     
   8925.0000000000000        0.0000000000000000        0.0000000000000000     
   8975.0000000000000        0.0000000000000000        0.0000000000000000     
   9025.0000000000000        0.0000000000000000        0.0000000000000000     
   9075.0000000000000        0.0000000000000000        0.0000000000000000     
   9125.0000000000000        0.0000000000000000        0.0000000000000000     
   9175.0000000000000        0.0000000000000000        0.0000000000000000     
   9225.0000000000000        0.0000000000000000        0.0000000000000000     
   9275.0000000000000        0.0000000000000000        0.0000000000000000     
   9325.0000000000000        0.0000000000000000        0.0000000000000000     
   9375.0000000000000        0.0000000000000000        0.0000000000000000     
   9425.0000000000000        0.0000000000000000        0.0000000000000000     
   9475.0000000000000        0.0000000000000000        0.0000000000000000     
   9525.0000000000000        0.0000000000000000        0.0000000000000000     
   9575.0000000000000        0.0000000000000000        0.0000000000000000     
   9625.0000000000000        0.0000000000000000        0.0000000000000000     
   9675.0000000000000        0.0000000000000000        0.0000000000000000     
   9725.0000000000000        0.0000000000000000        0.0000000000000000     
   9775.0000000000000        0.0000000000000000        0.0000000000000000     
   9825.0000000000000        0.0000000000000000        0.0000000000000000     
   9875.0000000000000        0.0000000000000000        0.0000000000000000     
   9925.0000000000000        0.0000000000000000        0.0000000000000000     
   9975.0000000000000        0.0000000000000000        0.0000000000000000     
   10025.000000000000        0.0000000000000000        0.0000000000000000     
   10075.000000000000        0.0000000000000000        0.0000000000000000     
   10125.000000000000        0.0000000000000000        0.0000000000000000     
   10175.000000000000        0.0000000000000000        0.0000000000000000     
   10225.000000000000        0.0000000000000000        0.0000000000000000     
   10275.000000000000        0.0000000000000000        0.0000000000000000     
   10325.000000000000        0.0000000000000000        0.0000000000000000     
   10375.000000000000        0.0000000000000000        0.0000000000000000     
   10425.000000000000        0.0000000000000000        0.0000000000000000     
   10475.000000000000        0.0000000000000000        0.0000000000000000     
   10525.000000000000        0.0000000000000000        0.0000000000000000     
   10575.000000000000        0.0000000000000000        0.0000000000000000     
   10625.000000000000        0.0000000000000000        0.0000000000000000     
   10675.000000000000        0.0000000000000000        0.0000000000000000     
   10725.000000000000        0.0000000000000000        0.0000000000000000     
   10775.000000000000        0.0000000000000000        0.0000000000000000     
   10825.000000000000        0.0000000000000000        0.0000000000000000     
   10875.000000000000        0.0000000000000000        0.0000000000000000     
   10925.000000000000        0.0000000000000000        0.0000000000000000     
   10975.000000000000        0.0000000000000000        0.0000000000000000     
   11025.000000000000        0.0000000000000000        0.0000000000000000     
   11075.000000000000        0.0000000000000000        0.0000000000000000     
   11125.000000000000        0.0000000000000000        0.0000000000000000     
   11175.000000000000        0.0000000000000000        0.0000000000000000     
   11225.000000000000        0.0000000000000000        0.0000000000000000     
   11275.000000000000        0.0000000000000000        0.0000000000000000     
   11325.000000000000        0.0000000000000000        0.0000000000000000     
   11375.000000000000        0.0000000000000000        0.0000000000000000     
   11425.000000000000        0.0000000000000000        0.0000000000000000     
   11475.000000000000        0.0000000000000000        0.0000000000000000     
   11525.000000000000        0.0000000000000000        0.0000000000000000     
   11575.000000000000        0.0000000000000000        0.0000000000000000     
   11625.000000000000        0.0000000000000000        0.0000000000000000     
   11675.000000000000        0.0000000000000000        0.0000000000000000     
   11725.000000000000        0.0000000000000000        0.0000000000000000     
   11775.000000000000        0.0000000000000000        0.0000000000000000     
   11825.000000000000        0.0000000000000000        0.0000000000000000     
   11875.000000000000        0.0000000000000000        0.0000000000000000     
   11925.000000000000        0.0000000000000000        0.0000000000000000     
   11975.000000000000        0.0000000000000000        0.0000000000000000     
   12025.000000000000        0.0000000000000000        0.0000000000000000     
   12075.000000000000        0.0000000000000000        0.0000000000000000     
   12125.000000000000        0.0000000000000000        0.0000000000000000     
   12175.000000000000        0.0000000000000000        0.0000000000000000     
   12225.000000000000        0.0000000000000000        0.0000000000000000     
   12275.000000000000        0.0000000000000000        0.0000000000000000     
   12325.000000000000        0.0000000000000000        0.0000000000000000     
   12375.000000000000        0.0000000000000000        0.0000000000000000     
   12425.000000000000        0.0000000000000000        0.0000000000000000     
   12475.000000000000        0.0000000000000000        0.0000000000000000     
   12525.000000000000        0.0000000000000000        0.0000000000000000     
   12575.000000000000        0.0000000000000000        0.0000000000000000     
   12625.000000000000        0.0000000000000000        0.0000000000000000     
   12675.000000000000        0.0000000000000000        0.0000000000000000     
   12725.000000000000        0.0000000000000000        0.0000000000000000     
   12775.000000000000        0.0000000000000000        0.0000000000000000     
   12825.000000000000        0.0000000000000000        0.0000000000000000     
   12875.000000000000        0.0000000000000000        0.0000000000000000     
   12925.000000000000        0.0000000000000000        0.0000000000000000     
   12975.000000000000        0.0000000000000000        0.0000000000000000     
