  -2.3750000000000000        1.2528421000000000E-004   4.7248302000000003E-006
  -2.1250000000000000        1.5650817000000000E-004   4.5989670000000001E-006
  -1.8750000000000000        1.9955573999999999E-004   4.3755007000000003E-006
  -1.6250000000000000        2.5797677000000000E-004   5.5636298000000001E-006
  -1.3750000000000000        2.9758984999999998E-004   7.3033816000000004E-006
  -1.1250000000000000        3.3420344999999998E-004   5.6010853000000001E-006
 -0.87500000000000000        3.8294467000000000E-004   5.4231451000000003E-006
 -0.62500000000000000        4.2345707000000001E-004   6.5370187999999998E-006
 -0.37500000000000000        4.3572396000000002E-004   5.6821077999999997E-006
 -0.12500000000000000        4.4734305000000002E-004   6.0825847999999999E-006
  0.12500000000000000        4.4103208000000001E-004   5.8649557000000004E-006
  0.37500000000000000        4.6290148000000003E-004   8.6321262999999992E-006
  0.62500000000000000        4.2145221999999999E-004   6.1308769999999996E-006
  0.87500000000000000        4.1809706000000001E-004   1.3900776000000000E-005
   1.1250000000000000        3.5546420000000001E-004   5.3225337000000001E-006
   1.3750000000000000        3.2369054000000002E-004   5.5020275000000002E-006
   1.6250000000000000        2.7053557999999998E-004   5.0874225999999996E-006
   1.8750000000000000        2.1372886000000000E-004   4.6390051000000003E-006
   2.1250000000000000        1.6862031999999999E-004   3.9092019000000003E-006
   2.3750000000000000        1.2769088999999999E-004   6.5002567000000003E-006
