  -4.3750000000000000        1.6378930000000001E-008   1.6358442999999999E-008
  -4.1250000000000000        2.5190074999999999E-007   2.0290128000000001E-007
  -3.8750000000000000        1.6577013000000001E-008   1.6556278999999999E-008
  -3.6250000000000000        4.3087256000000003E-008   4.3033362999999999E-008
  -3.3750000000000000        4.3976972000000002E-007   1.9957853000000001E-007
  -3.1250000000000000        1.6189500000000001E-007   7.4861378000000006E-008
  -2.8750000000000000        1.1413664000000001E-006   6.7892920000000001E-007
  -2.6250000000000000        7.5014490999999999E-007   2.4818495000000000E-007
  -2.3750000000000000        1.1150901000000000E-006   3.1148535000000001E-007
  -2.1250000000000000        1.2370458000000001E-006   2.3806219000000001E-007
  -1.8750000000000000        1.6576626000000001E-006   6.3996869000000004E-007
  -1.6250000000000000        8.4251756999999998E-007   1.8486796000000000E-007
  -1.3750000000000000        9.1156534000000004E-007   2.0461294000000000E-007
  -1.1250000000000000        4.0361546000000001E-007   1.1509952999999999E-007
 -0.87500000000000000        5.4121731000000001E-007   1.3929695999999999E-007
 -0.62500000000000000        3.2943501000000002E-007   1.0614227000000000E-007
 -0.37500000000000000        2.5379040999999999E-006   2.0930309999999999E-006
 -0.12500000000000000        4.4341796999999998E-007   1.4924716999999999E-007
  0.12500000000000000        2.7488671000000003E-007   1.0897279999999999E-007
  0.37500000000000000        6.3150252000000005E-007   2.1639123999999999E-007
  0.62500000000000000        5.6416655999999996E-007   1.3878063000000001E-007
  0.87500000000000000        5.9574009000000002E-007   2.1584535999999999E-007
   1.1250000000000000        1.7743678000000000E-006   6.4326313000000003E-007
   1.3750000000000000        8.3745217999999999E-007   1.6686633000000001E-007
   1.6250000000000000        1.2025030999999999E-006   2.4671009000000003E-007
   1.8750000000000000        2.2831931999999999E-006   8.2896664999999996E-007
   2.1250000000000000        7.4239578000000002E-007   2.0754175000000001E-007
   2.3750000000000000        1.6815210000000001E-006   9.7339953000000006E-007
   2.6250000000000000        9.1640271000000001E-007   4.0723412999999997E-007
   2.8750000000000000        8.8629458999999995E-007   2.8619171000000001E-007
   3.1250000000000000        4.6841603999999999E-007   3.4329661999999998E-007
   3.3750000000000000        1.4378894000000001E-007   6.1937798999999994E-008
   3.6250000000000000        2.7468884999999999E-008   1.9878050000000000E-008
   3.8750000000000000        0.0000000000000000        0.0000000000000000     
   4.1250000000000000        5.6469949999999999E-008   4.0207129999999999E-008
   4.3750000000000000        0.0000000000000000        0.0000000000000000     
