  -2.3750000000000000        6.9573650000000002E-007   5.2502830000000001E-007
  -2.1250000000000000        2.9856368000000000E-007   1.2334363999999999E-007
  -1.8750000000000000        7.9355295000000002E-007   1.9333824000000000E-007
  -1.6250000000000000        8.0477108999999996E-007   1.9686807000000000E-007
  -1.3750000000000000        1.5767587999999999E-006   5.3760904000000002E-007
  -1.1250000000000000        1.5994635000000000E-006   6.5532733999999997E-007
 -0.87500000000000000        8.8083200999999997E-007   1.8004215999999999E-007
 -0.62500000000000000        1.3463909000000000E-006   3.0544352000000002E-007
 -0.37500000000000000        1.6233258000000000E-006   3.0478714000000002E-007
 -0.12500000000000000        1.9851088000000000E-006   4.8731285000000000E-007
  0.12500000000000000        9.8591809999999997E-007   2.1473250000000001E-007
  0.37500000000000000        2.1604812999999998E-006   6.8479751999999999E-007
  0.62500000000000000        1.4877756999999999E-006   3.5158207000000002E-007
  0.87500000000000000        3.0737708000000001E-006   2.1055691999999999E-006
   1.1250000000000000        2.3798866000000000E-006   9.9995951000000004E-007
   1.3750000000000000        8.7817893999999996E-007   2.8162941999999998E-007
   1.6250000000000000        1.1582521000000001E-006   2.9397767999999999E-007
   1.8750000000000000        1.4622338000000000E-006   7.5287881000000003E-007
   2.1250000000000000        5.0461287000000000E-007   1.3752307000000000E-007
   2.3750000000000000        2.3154724000000000E-007   9.4901039999999997E-008
