  -8.8750000000000000        0.0000000000000000        0.0000000000000000     
  -8.6250000000000000        0.0000000000000000        0.0000000000000000     
  -8.3750000000000000        0.0000000000000000        0.0000000000000000     
  -8.1250000000000000        0.0000000000000000        0.0000000000000000     
  -7.8750000000000000        0.0000000000000000        0.0000000000000000     
  -7.6250000000000000        2.6700259000000001E-008   2.6666861999999999E-008
  -7.3750000000000000        0.0000000000000000        0.0000000000000000     
  -7.1250000000000000        0.0000000000000000        0.0000000000000000     
  -6.8750000000000000        0.0000000000000000        0.0000000000000000     
  -6.6250000000000000        1.9503406999999999E-007   1.9479013000000001E-007
  -6.3750000000000000        2.5808489999999999E-008   1.8375403000000000E-008
  -6.1250000000000000        4.7651799999999998E-008   3.4143516999999999E-008
  -5.8750000000000000        4.0697162000000000E-007   2.2837187999999999E-007
  -5.6250000000000000        1.8400980999999999E-007   9.2917636000000002E-008
  -5.3750000000000000        3.4961929999999998E-007   1.7628625000000000E-007
  -5.1250000000000000        1.0820753000000000E-006   6.9791285999999998E-007
  -4.8750000000000000        3.8714476000000002E-007   1.4059917999999999E-007
  -4.6250000000000000        5.5231440000000003E-007   1.6273308000000000E-007
  -4.3750000000000000        7.0497489000000000E-007   1.6496703000000000E-007
  -4.1250000000000000        8.5588100999999997E-007   2.1491629000000001E-007
  -3.8750000000000000        1.1689325000000001E-006   3.1801915000000003E-007
  -3.6250000000000000        3.1207705999999999E-006   2.0984798999999998E-006
  -3.3750000000000000        7.3751225000000000E-007   1.5130866000000001E-007
  -3.1250000000000000        1.5639794000000000E-006   6.0928490000000000E-007
  -2.8750000000000000        9.9402776000000004E-007   2.3241354000000000E-007
  -2.6250000000000000        4.4918527999999999E-007   1.2614372999999999E-007
  -2.3750000000000000        0.0000000000000000        0.0000000000000000     
  -2.1250000000000000        0.0000000000000000        0.0000000000000000     
  -1.8750000000000000        0.0000000000000000        0.0000000000000000     
  -1.6250000000000000        0.0000000000000000        0.0000000000000000     
  -1.3750000000000000        0.0000000000000000        0.0000000000000000     
  -1.1250000000000000        0.0000000000000000        0.0000000000000000     
 -0.87500000000000000        0.0000000000000000        0.0000000000000000     
 -0.62500000000000000        0.0000000000000000        0.0000000000000000     
 -0.37500000000000000        0.0000000000000000        0.0000000000000000     
 -0.12500000000000000        0.0000000000000000        0.0000000000000000     
  0.12500000000000000        0.0000000000000000        0.0000000000000000     
  0.37500000000000000        0.0000000000000000        0.0000000000000000     
  0.62500000000000000        0.0000000000000000        0.0000000000000000     
  0.87500000000000000        0.0000000000000000        0.0000000000000000     
   1.1250000000000000        0.0000000000000000        0.0000000000000000     
   1.3750000000000000        0.0000000000000000        0.0000000000000000     
   1.6250000000000000        0.0000000000000000        0.0000000000000000     
   1.8750000000000000        0.0000000000000000        0.0000000000000000     
   2.1250000000000000        0.0000000000000000        0.0000000000000000     
   2.3750000000000000        0.0000000000000000        0.0000000000000000     
   2.6250000000000000        7.8031351999999999E-007   1.9395890999999999E-007
   2.8750000000000000        1.0635728000000001E-006   2.2310763000000000E-007
   3.1250000000000000        5.6634873999999997E-007   1.4424565999999999E-007
   3.3750000000000000        8.1867062000000004E-007   1.7968402000000000E-007
   3.6250000000000000        1.6035427000000001E-006   4.9650011000000001E-007
   3.8750000000000000        1.4705330000000000E-006   5.7385135999999998E-007
   4.1250000000000000        1.1172566999999999E-006   2.8871631000000002E-007
   4.3750000000000000        9.9425555000000007E-007   4.1076006000000001E-007
   4.6250000000000000        8.1427746999999999E-007   2.7804709999999999E-007
   4.8750000000000000        1.1229314000000001E-006   5.2595917999999997E-007
   5.1250000000000000        1.1060141000000000E-006   6.3430242000000000E-007
   5.3750000000000000        4.0405814999999999E-007   1.7288328000000001E-007
   5.6250000000000000        1.3917488000000000E-008   1.3900079999999999E-008
   5.8750000000000000        4.0445078999999998E-008   4.0394492000000002E-008
   6.1250000000000000        6.0664648000000001E-008   3.5426642000000002E-008
   6.3750000000000000        3.1856944999999998E-008   3.1817099000000001E-008
   6.6250000000000000        1.1657662999999999E-007   9.3072993000000003E-008
   6.8750000000000000        9.4933236999999996E-007   9.4814491000000004E-007
   7.1250000000000000        0.0000000000000000        0.0000000000000000     
   7.3750000000000000        0.0000000000000000        0.0000000000000000     
   7.6250000000000000        0.0000000000000000        0.0000000000000000     
   7.8750000000000000        0.0000000000000000        0.0000000000000000     
   8.1250000000000000        0.0000000000000000        0.0000000000000000     
   8.3750000000000000        0.0000000000000000        0.0000000000000000     
   8.6250000000000000        0.0000000000000000        0.0000000000000000     
   8.8750000000000000        0.0000000000000000        0.0000000000000000     
