   20.000000000000000        0.0000000000000000        0.0000000000000000     
   40.000000000000000        4.2520901000000004E-009   2.7228070999999999E-009
   60.000000000000000        3.6420291999999998E-009   1.3189963000000000E-009
   80.000000000000000        1.1878089000000001E-008   3.3220575000000000E-009
   100.00000000000000        1.4470570000000000E-008   5.0260695999999997E-009
   120.00000000000000        1.0082611000000000E-008   2.0068455000000002E-009
   140.00000000000000        3.7168070000000001E-008   1.1120673000000001E-008
   160.00000000000000        3.7306598999999999E-008   2.6254634999999999E-008
   180.00000000000000        1.5030765999999999E-008   5.2852361999999999E-009
   200.00000000000000        2.6820823999999999E-008   1.2610004000000000E-008
   220.00000000000000        1.9322959000000001E-008   4.7261788000000004E-009
   240.00000000000000        1.8823479000000000E-008   6.6817255000000001E-009
   260.00000000000000        7.9660858999999993E-009   1.9472728000000001E-009
   280.00000000000000        8.5920021000000008E-009   2.3805403999999998E-009
   300.00000000000000        9.3547073999999994E-009   3.3909706000000001E-009
   320.00000000000000        8.9730991000000005E-009   3.2078428000000000E-009
   340.00000000000000        7.1378550000000001E-009   1.8525036999999999E-009
   360.00000000000000        1.3378576999999999E-008   8.4168932999999993E-009
   380.00000000000000        9.5474329000000001E-009   2.8915925999999999E-009
   400.00000000000000        2.3831572999999998E-009   1.0808960000000000E-009
   420.00000000000000        6.8676969000000000E-009   2.9687671000000002E-009
   440.00000000000000        6.2394391999999999E-009   1.6770025000000001E-009
   460.00000000000000        3.3226844000000001E-009   1.1766826999999999E-009
   480.00000000000000        5.3120557000000002E-009   2.0254163999999999E-009
   500.00000000000000        3.6396142000000001E-009   1.2574122000000000E-009
   520.00000000000000        9.6444826000000002E-009   6.7912780000000003E-009
   540.00000000000000        6.1077619000000002E-010   3.6285909000000001E-010
   560.00000000000000        2.7454601999999998E-009   1.5212159000000000E-009
   580.00000000000000        1.8939054999999999E-009   8.2475765999999997E-010
   600.00000000000000        7.5583371999999999E-010   6.0176230999999995E-010
   620.00000000000000        1.9397251000000000E-009   1.2942531999999999E-009
   640.00000000000000        3.3440761999999999E-009   1.3593741999999999E-009
   660.00000000000000        1.6485664999999999E-009   9.1707485000000001E-010
   680.00000000000000        1.4064480999999999E-010   1.4046889000000000E-010
   700.00000000000000        3.7491041000000002E-010   3.7444147999999998E-010
   720.00000000000000        4.4127453999999998E-010   3.2506826000000000E-010
   740.00000000000000        8.1630463999999995E-010   6.4951436999999999E-010
   760.00000000000000        7.9378360999999998E-010   5.9784990999999997E-010
   780.00000000000000        1.0221732000000000E-009   6.3477250999999998E-010
   800.00000000000000        1.3160638000000001E-009   8.1574740000000000E-010
   820.00000000000000        1.1008514000000000E-009   6.8726338000000003E-010
   840.00000000000000        2.4336909999999998E-010   2.4306469999999998E-010
   860.00000000000000        0.0000000000000000        0.0000000000000000     
   880.00000000000000        1.0092600000000001E-009   6.7858547999999996E-010
   900.00000000000000        3.3211019000000002E-010   3.3169479000000001E-010
   920.00000000000000        2.9800680000000000E-010   2.9763404999999998E-010
   940.00000000000000        3.7018736000000002E-010   3.6972434999999998E-010
   960.00000000000000        0.0000000000000000        0.0000000000000000     
   980.00000000000000        0.0000000000000000        0.0000000000000000     
   1000.0000000000000        0.0000000000000000        0.0000000000000000     
   1020.0000000000000        6.1998904000000001E-010   6.1921356999999995E-010
   1040.0000000000000        0.0000000000000000        0.0000000000000000     
   1060.0000000000000        0.0000000000000000        0.0000000000000000     
   1080.0000000000000        0.0000000000000000        0.0000000000000000     
   1100.0000000000000        1.5176557000000000E-010   1.5157575000000000E-010
   1120.0000000000000        0.0000000000000000        0.0000000000000000     
   1140.0000000000000        0.0000000000000000        0.0000000000000000     
   1160.0000000000000        0.0000000000000000        0.0000000000000000     
   1180.0000000000000        0.0000000000000000        0.0000000000000000     
   1200.0000000000000        0.0000000000000000        0.0000000000000000     
   1220.0000000000000        3.4351426999999998E-010   3.4308460999999998E-010
   1240.0000000000000        0.0000000000000000        0.0000000000000000     
   1260.0000000000000        0.0000000000000000        0.0000000000000000     
   1280.0000000000000        0.0000000000000000        0.0000000000000000     
   1300.0000000000000        0.0000000000000000        0.0000000000000000     
   1320.0000000000000        0.0000000000000000        0.0000000000000000     
   1340.0000000000000        6.1998904000000001E-010   6.1921356999999995E-010
   1360.0000000000000        0.0000000000000000        0.0000000000000000     
   1380.0000000000000        0.0000000000000000        0.0000000000000000     
   1400.0000000000000        0.0000000000000000        0.0000000000000000     
   1420.0000000000000        0.0000000000000000        0.0000000000000000     
   1440.0000000000000        0.0000000000000000        0.0000000000000000     
   1460.0000000000000        0.0000000000000000        0.0000000000000000     
   1480.0000000000000        0.0000000000000000        0.0000000000000000     
   1500.0000000000000        0.0000000000000000        0.0000000000000000     
   1520.0000000000000        0.0000000000000000        0.0000000000000000     
   1540.0000000000000        0.0000000000000000        0.0000000000000000     
   1560.0000000000000        0.0000000000000000        0.0000000000000000     
   1580.0000000000000        0.0000000000000000        0.0000000000000000     
   1600.0000000000000        0.0000000000000000        0.0000000000000000     
   1620.0000000000000        0.0000000000000000        0.0000000000000000     
   1640.0000000000000        0.0000000000000000        0.0000000000000000     
   1660.0000000000000        0.0000000000000000        0.0000000000000000     
   1680.0000000000000        0.0000000000000000        0.0000000000000000     
   1700.0000000000000        0.0000000000000000        0.0000000000000000     
   1720.0000000000000        0.0000000000000000        0.0000000000000000     
   1740.0000000000000        0.0000000000000000        0.0000000000000000     
   1760.0000000000000        0.0000000000000000        0.0000000000000000     
   1780.0000000000000        0.0000000000000000        0.0000000000000000     
   1800.0000000000000        0.0000000000000000        0.0000000000000000     
   1820.0000000000000        0.0000000000000000        0.0000000000000000     
   1840.0000000000000        0.0000000000000000        0.0000000000000000     
   1860.0000000000000        0.0000000000000000        0.0000000000000000     
   1880.0000000000000        0.0000000000000000        0.0000000000000000     
   1900.0000000000000        0.0000000000000000        0.0000000000000000     
   1920.0000000000000        0.0000000000000000        0.0000000000000000     
   1940.0000000000000        0.0000000000000000        0.0000000000000000     
   1960.0000000000000        0.0000000000000000        0.0000000000000000     
   1980.0000000000000        0.0000000000000000        0.0000000000000000     
   2000.0000000000000        0.0000000000000000        0.0000000000000000     
   2020.0000000000000        0.0000000000000000        0.0000000000000000     
   2040.0000000000000        0.0000000000000000        0.0000000000000000     
   2060.0000000000000        0.0000000000000000        0.0000000000000000     
   2080.0000000000000        0.0000000000000000        0.0000000000000000     
   2100.0000000000000        0.0000000000000000        0.0000000000000000     
   2120.0000000000000        0.0000000000000000        0.0000000000000000     
   2140.0000000000000        0.0000000000000000        0.0000000000000000     
   2160.0000000000000        0.0000000000000000        0.0000000000000000     
   2180.0000000000000        0.0000000000000000        0.0000000000000000     
   2200.0000000000000        0.0000000000000000        0.0000000000000000     
   2220.0000000000000        0.0000000000000000        0.0000000000000000     
   2240.0000000000000        0.0000000000000000        0.0000000000000000     
   2260.0000000000000        0.0000000000000000        0.0000000000000000     
   2280.0000000000000        0.0000000000000000        0.0000000000000000     
   2300.0000000000000        0.0000000000000000        0.0000000000000000     
   2320.0000000000000        0.0000000000000000        0.0000000000000000     
   2340.0000000000000        0.0000000000000000        0.0000000000000000     
   2360.0000000000000        0.0000000000000000        0.0000000000000000     
   2380.0000000000000        0.0000000000000000        0.0000000000000000     
   2400.0000000000000        0.0000000000000000        0.0000000000000000     
   2420.0000000000000        0.0000000000000000        0.0000000000000000     
   2440.0000000000000        0.0000000000000000        0.0000000000000000     
   2460.0000000000000        0.0000000000000000        0.0000000000000000     
   2480.0000000000000        0.0000000000000000        0.0000000000000000     
   2500.0000000000000        0.0000000000000000        0.0000000000000000     
   2520.0000000000000        0.0000000000000000        0.0000000000000000     
   2540.0000000000000        0.0000000000000000        0.0000000000000000     
   2560.0000000000000        0.0000000000000000        0.0000000000000000     
   2580.0000000000000        0.0000000000000000        0.0000000000000000     
   2600.0000000000000        0.0000000000000000        0.0000000000000000     
   2620.0000000000000        0.0000000000000000        0.0000000000000000     
   2640.0000000000000        0.0000000000000000        0.0000000000000000     
   2660.0000000000000        0.0000000000000000        0.0000000000000000     
   2680.0000000000000        0.0000000000000000        0.0000000000000000     
   2700.0000000000000        0.0000000000000000        0.0000000000000000     
   2720.0000000000000        0.0000000000000000        0.0000000000000000     
   2740.0000000000000        0.0000000000000000        0.0000000000000000     
   2760.0000000000000        0.0000000000000000        0.0000000000000000     
   2780.0000000000000        0.0000000000000000        0.0000000000000000     
   2800.0000000000000        0.0000000000000000        0.0000000000000000     
   2820.0000000000000        0.0000000000000000        0.0000000000000000     
   2840.0000000000000        0.0000000000000000        0.0000000000000000     
   2860.0000000000000        0.0000000000000000        0.0000000000000000     
   2880.0000000000000        0.0000000000000000        0.0000000000000000     
   2900.0000000000000        0.0000000000000000        0.0000000000000000     
   2920.0000000000000        0.0000000000000000        0.0000000000000000     
   2940.0000000000000        0.0000000000000000        0.0000000000000000     
   2960.0000000000000        0.0000000000000000        0.0000000000000000     
   2980.0000000000000        0.0000000000000000        0.0000000000000000     
   3000.0000000000000        0.0000000000000000        0.0000000000000000     
   3020.0000000000000        0.0000000000000000        0.0000000000000000     
   3040.0000000000000        0.0000000000000000        0.0000000000000000     
   3060.0000000000000        0.0000000000000000        0.0000000000000000     
   3080.0000000000000        0.0000000000000000        0.0000000000000000     
   3100.0000000000000        0.0000000000000000        0.0000000000000000     
   3120.0000000000000        0.0000000000000000        0.0000000000000000     
   3140.0000000000000        0.0000000000000000        0.0000000000000000     
   3160.0000000000000        0.0000000000000000        0.0000000000000000     
   3180.0000000000000        0.0000000000000000        0.0000000000000000     
   3200.0000000000000        0.0000000000000000        0.0000000000000000     
   3220.0000000000000        0.0000000000000000        0.0000000000000000     
   3240.0000000000000        0.0000000000000000        0.0000000000000000     
   3260.0000000000000        0.0000000000000000        0.0000000000000000     
   3280.0000000000000        0.0000000000000000        0.0000000000000000     
   3300.0000000000000        0.0000000000000000        0.0000000000000000     
   3320.0000000000000        0.0000000000000000        0.0000000000000000     
   3340.0000000000000        0.0000000000000000        0.0000000000000000     
   3360.0000000000000        0.0000000000000000        0.0000000000000000     
   3380.0000000000000        0.0000000000000000        0.0000000000000000     
   3400.0000000000000        0.0000000000000000        0.0000000000000000     
   3420.0000000000000        0.0000000000000000        0.0000000000000000     
   3440.0000000000000        0.0000000000000000        0.0000000000000000     
   3460.0000000000000        0.0000000000000000        0.0000000000000000     
   3480.0000000000000        0.0000000000000000        0.0000000000000000     
   3500.0000000000000        0.0000000000000000        0.0000000000000000     
   3520.0000000000000        0.0000000000000000        0.0000000000000000     
   3540.0000000000000        0.0000000000000000        0.0000000000000000     
   3560.0000000000000        0.0000000000000000        0.0000000000000000     
   3580.0000000000000        0.0000000000000000        0.0000000000000000     
   3600.0000000000000        0.0000000000000000        0.0000000000000000     
   3620.0000000000000        0.0000000000000000        0.0000000000000000     
   3640.0000000000000        0.0000000000000000        0.0000000000000000     
   3660.0000000000000        0.0000000000000000        0.0000000000000000     
   3680.0000000000000        0.0000000000000000        0.0000000000000000     
   3700.0000000000000        0.0000000000000000        0.0000000000000000     
   3720.0000000000000        0.0000000000000000        0.0000000000000000     
   3740.0000000000000        0.0000000000000000        0.0000000000000000     
   3760.0000000000000        0.0000000000000000        0.0000000000000000     
   3780.0000000000000        0.0000000000000000        0.0000000000000000     
   3800.0000000000000        0.0000000000000000        0.0000000000000000     
   3820.0000000000000        0.0000000000000000        0.0000000000000000     
   3840.0000000000000        0.0000000000000000        0.0000000000000000     
   3860.0000000000000        0.0000000000000000        0.0000000000000000     
   3880.0000000000000        0.0000000000000000        0.0000000000000000     
   3900.0000000000000        0.0000000000000000        0.0000000000000000     
   3920.0000000000000        0.0000000000000000        0.0000000000000000     
   3940.0000000000000        0.0000000000000000        0.0000000000000000     
   3960.0000000000000        0.0000000000000000        0.0000000000000000     
   3980.0000000000000        0.0000000000000000        0.0000000000000000     
   4000.0000000000000        0.0000000000000000        0.0000000000000000     
   4020.0000000000000        0.0000000000000000        0.0000000000000000     
   4040.0000000000000        0.0000000000000000        0.0000000000000000     
   4060.0000000000000        0.0000000000000000        0.0000000000000000     
   4080.0000000000000        0.0000000000000000        0.0000000000000000     
   4100.0000000000000        0.0000000000000000        0.0000000000000000     
   4120.0000000000000        0.0000000000000000        0.0000000000000000     
   4140.0000000000000        0.0000000000000000        0.0000000000000000     
   4160.0000000000000        0.0000000000000000        0.0000000000000000     
   4180.0000000000000        0.0000000000000000        0.0000000000000000     
   4200.0000000000000        0.0000000000000000        0.0000000000000000     
   4220.0000000000000        0.0000000000000000        0.0000000000000000     
   4240.0000000000000        0.0000000000000000        0.0000000000000000     
   4260.0000000000000        0.0000000000000000        0.0000000000000000     
   4280.0000000000000        0.0000000000000000        0.0000000000000000     
   4300.0000000000000        0.0000000000000000        0.0000000000000000     
   4320.0000000000000        0.0000000000000000        0.0000000000000000     
   4340.0000000000000        0.0000000000000000        0.0000000000000000     
   4360.0000000000000        0.0000000000000000        0.0000000000000000     
   4380.0000000000000        0.0000000000000000        0.0000000000000000     
   4400.0000000000000        0.0000000000000000        0.0000000000000000     
   4420.0000000000000        0.0000000000000000        0.0000000000000000     
   4440.0000000000000        0.0000000000000000        0.0000000000000000     
   4460.0000000000000        0.0000000000000000        0.0000000000000000     
   4480.0000000000000        0.0000000000000000        0.0000000000000000     
   4500.0000000000000        0.0000000000000000        0.0000000000000000     
   4520.0000000000000        0.0000000000000000        0.0000000000000000     
   4540.0000000000000        0.0000000000000000        0.0000000000000000     
   4560.0000000000000        0.0000000000000000        0.0000000000000000     
   4580.0000000000000        0.0000000000000000        0.0000000000000000     
   4600.0000000000000        0.0000000000000000        0.0000000000000000     
   4620.0000000000000        0.0000000000000000        0.0000000000000000     
   4640.0000000000000        0.0000000000000000        0.0000000000000000     
   4660.0000000000000        0.0000000000000000        0.0000000000000000     
   4680.0000000000000        0.0000000000000000        0.0000000000000000     
   4700.0000000000000        0.0000000000000000        0.0000000000000000     
   4720.0000000000000        0.0000000000000000        0.0000000000000000     
   4740.0000000000000        0.0000000000000000        0.0000000000000000     
   4760.0000000000000        0.0000000000000000        0.0000000000000000     
   4780.0000000000000        0.0000000000000000        0.0000000000000000     
   4800.0000000000000        0.0000000000000000        0.0000000000000000     
   4820.0000000000000        0.0000000000000000        0.0000000000000000     
   4840.0000000000000        0.0000000000000000        0.0000000000000000     
   4860.0000000000000        0.0000000000000000        0.0000000000000000     
   4880.0000000000000        0.0000000000000000        0.0000000000000000     
   4900.0000000000000        0.0000000000000000        0.0000000000000000     
   4920.0000000000000        0.0000000000000000        0.0000000000000000     
   4940.0000000000000        0.0000000000000000        0.0000000000000000     
   4960.0000000000000        0.0000000000000000        0.0000000000000000     
   4980.0000000000000        0.0000000000000000        0.0000000000000000     
   5000.0000000000000        0.0000000000000000        0.0000000000000000     
   5020.0000000000000        0.0000000000000000        0.0000000000000000     
   5040.0000000000000        0.0000000000000000        0.0000000000000000     
   5060.0000000000000        0.0000000000000000        0.0000000000000000     
   5080.0000000000000        0.0000000000000000        0.0000000000000000     
   5100.0000000000000        0.0000000000000000        0.0000000000000000     
   5120.0000000000000        0.0000000000000000        0.0000000000000000     
   5140.0000000000000        0.0000000000000000        0.0000000000000000     
   5160.0000000000000        0.0000000000000000        0.0000000000000000     
   5180.0000000000000        0.0000000000000000        0.0000000000000000     
   5200.0000000000000        0.0000000000000000        0.0000000000000000     
   5220.0000000000000        0.0000000000000000        0.0000000000000000     
   5240.0000000000000        0.0000000000000000        0.0000000000000000     
   5260.0000000000000        0.0000000000000000        0.0000000000000000     
   5280.0000000000000        0.0000000000000000        0.0000000000000000     
   5300.0000000000000        0.0000000000000000        0.0000000000000000     
   5320.0000000000000        0.0000000000000000        0.0000000000000000     
   5340.0000000000000        0.0000000000000000        0.0000000000000000     
   5360.0000000000000        0.0000000000000000        0.0000000000000000     
   5380.0000000000000        0.0000000000000000        0.0000000000000000     
   5400.0000000000000        0.0000000000000000        0.0000000000000000     
   5420.0000000000000        0.0000000000000000        0.0000000000000000     
   5440.0000000000000        0.0000000000000000        0.0000000000000000     
   5460.0000000000000        0.0000000000000000        0.0000000000000000     
   5480.0000000000000        0.0000000000000000        0.0000000000000000     
   5500.0000000000000        0.0000000000000000        0.0000000000000000     
   5520.0000000000000        0.0000000000000000        0.0000000000000000     
   5540.0000000000000        0.0000000000000000        0.0000000000000000     
   5560.0000000000000        0.0000000000000000        0.0000000000000000     
   5580.0000000000000        0.0000000000000000        0.0000000000000000     
   5600.0000000000000        0.0000000000000000        0.0000000000000000     
   5620.0000000000000        0.0000000000000000        0.0000000000000000     
   5640.0000000000000        0.0000000000000000        0.0000000000000000     
   5660.0000000000000        0.0000000000000000        0.0000000000000000     
   5680.0000000000000        0.0000000000000000        0.0000000000000000     
   5700.0000000000000        0.0000000000000000        0.0000000000000000     
   5720.0000000000000        0.0000000000000000        0.0000000000000000     
   5740.0000000000000        0.0000000000000000        0.0000000000000000     
   5760.0000000000000        0.0000000000000000        0.0000000000000000     
   5780.0000000000000        0.0000000000000000        0.0000000000000000     
   5800.0000000000000        0.0000000000000000        0.0000000000000000     
   5820.0000000000000        0.0000000000000000        0.0000000000000000     
   5840.0000000000000        0.0000000000000000        0.0000000000000000     
   5860.0000000000000        0.0000000000000000        0.0000000000000000     
   5880.0000000000000        0.0000000000000000        0.0000000000000000     
   5900.0000000000000        0.0000000000000000        0.0000000000000000     
   5920.0000000000000        0.0000000000000000        0.0000000000000000     
   5940.0000000000000        0.0000000000000000        0.0000000000000000     
   5960.0000000000000        0.0000000000000000        0.0000000000000000     
   5980.0000000000000        0.0000000000000000        0.0000000000000000     
   6000.0000000000000        0.0000000000000000        0.0000000000000000     
