   25.000000000000000        0.0000000000000000        0.0000000000000000     
   75.000000000000000        0.0000000000000000        0.0000000000000000     
   125.00000000000000        0.0000000000000000        0.0000000000000000     
   175.00000000000000        0.0000000000000000        0.0000000000000000     
   225.00000000000000        0.0000000000000000        0.0000000000000000     
   275.00000000000000        0.0000000000000000        0.0000000000000000     
   325.00000000000000        0.0000000000000000        0.0000000000000000     
   375.00000000000000        0.0000000000000000        0.0000000000000000     
   425.00000000000000        0.0000000000000000        0.0000000000000000     
   475.00000000000000        0.0000000000000000        0.0000000000000000     
   525.00000000000000        5.3744781000000001E-009   2.7692495000000000E-009
   575.00000000000000        1.5038748999999999E-008   1.0505337000000000E-008
   625.00000000000000        6.0721594000000001E-009   1.5720786000000000E-009
   675.00000000000000        5.5707542000000001E-009   1.9667129999999998E-009
   725.00000000000000        4.2936624000000002E-009   9.9339924000000003E-010
   775.00000000000000        3.7849367000000001E-009   9.6909666999999994E-010
   825.00000000000000        4.1611249000000001E-009   1.0341734000000000E-009
   875.00000000000000        3.4598635000000000E-009   7.6398177999999995E-010
   925.00000000000000        2.3501655000000002E-009   5.7943125000000002E-010
   975.00000000000000        3.7338286999999997E-009   1.0083375999999999E-009
   1025.0000000000000        2.4027709999999999E-009   7.2864609999999996E-010
   1075.0000000000000        2.1776970999999999E-009   6.3716286000000002E-010
   1125.0000000000000        4.0741529999999998E-009   9.2747066999999999E-010
   1175.0000000000000        4.4656305999999998E-009   2.0088732000000001E-009
   1225.0000000000000        5.4120983999999999E-009   2.0829632000000002E-009
   1275.0000000000000        2.6660958000000000E-009   1.0121507999999999E-009
   1325.0000000000000        9.9315976999999992E-010   3.3921601000000000E-010
   1375.0000000000000        1.2133699000000001E-009   4.8380601000000002E-010
   1425.0000000000000        3.9968789999999996E-009   2.6396483000000000E-009
   1475.0000000000000        1.2820713000000001E-009   5.1618178000000004E-010
   1525.0000000000000        3.2055783999999999E-009   1.1898509000000001E-009
   1575.0000000000000        1.4592360000000000E-009   4.9060594000000003E-010
   1625.0000000000000        1.5052760000000000E-009   5.4778587000000004E-010
   1675.0000000000000        3.2969623000000001E-009   1.0855690000000001E-009
   1725.0000000000000        5.3367773000000002E-009   3.2996653000000002E-009
   1775.0000000000000        1.6262099000000001E-009   6.5393552000000002E-010
   1825.0000000000000        1.0454333000000000E-009   4.1747379999999998E-010
   1875.0000000000000        9.2179588999999995E-010   5.2770824000000005E-010
   1925.0000000000000        7.5947602000000000E-010   3.4379842999999998E-010
   1975.0000000000000        3.5911308999999998E-010   2.7141166999999999E-010
   2025.0000000000000        2.4825431000000002E-009   1.1991014000000000E-009
   2075.0000000000000        2.4402542999999999E-010   1.7377049999999999E-010
   2125.0000000000000        1.5070786000000001E-009   6.1637105999999998E-010
   2175.0000000000000        1.0512088000000000E-009   5.1577663999999997E-010
   2225.0000000000000        2.1301921999999999E-010   2.1275277999999999E-010
   2275.0000000000000        4.5610616000000000E-010   2.7946944000000001E-010
   2325.0000000000000        2.8794769000000002E-010   1.7521598000000000E-010
   2375.0000000000000        9.6989906000000008E-010   5.6681940000000003E-010
   2425.0000000000000        1.3170673000000001E-009   1.1157468000000000E-009
   2475.0000000000000        2.7309491999999998E-010   2.0955496000000001E-010
   2525.0000000000000        5.1175095000000001E-010   2.1850448999999999E-010
   2575.0000000000000        2.7596786000000001E-009   2.3554574000000001E-009
   2625.0000000000000        8.3185182999999996E-010   5.5219288999999998E-010
   2675.0000000000000        0.0000000000000000        0.0000000000000000     
   2725.0000000000000        3.0422535000000001E-010   2.2982295999999999E-010
   2775.0000000000000        0.0000000000000000        0.0000000000000000     
   2825.0000000000000        1.2500364000000000E-009   1.0987359000000000E-009
   2875.0000000000000        1.0877095000000000E-009   1.0192209000000000E-009
   2925.0000000000000        5.7557139000000000E-010   3.1633791000000001E-010
   2975.0000000000000        3.9892779000000002E-010   2.4737727000000002E-010
   3025.0000000000000        6.2068656999999998E-010   3.2836603000000002E-010
   3075.0000000000000        0.0000000000000000        0.0000000000000000     
   3125.0000000000000        0.0000000000000000        0.0000000000000000     
   3175.0000000000000        2.4799562000000000E-010   2.4768543000000001E-010
   3225.0000000000000        0.0000000000000000        0.0000000000000000     
   3275.0000000000000        0.0000000000000000        0.0000000000000000     
   3325.0000000000000        4.7466616999999999E-009   4.7407247000000000E-009
   3375.0000000000000        2.7900988999999998E-010   2.7866090000000003E-010
   3425.0000000000000        0.0000000000000000        0.0000000000000000     
   3475.0000000000000        2.4799562000000000E-010   2.4768543000000001E-010
   3525.0000000000000        5.4500249000000001E-010   3.4974314999999999E-010
   3575.0000000000000        2.0222539000000000E-010   2.0197245000000001E-010
   3625.0000000000000        0.0000000000000000        0.0000000000000000     
   3675.0000000000000        6.0706229000000004E-011   6.0630298000000006E-011
   3725.0000000000000        3.1102540999999998E-010   2.3650920000000000E-010
   3775.0000000000000        3.2954710999999999E-009   3.2913492000000000E-009
   3825.0000000000000        2.2984744000000001E-010   2.2955994999999999E-010
   3875.0000000000000        0.0000000000000000        0.0000000000000000     
   3925.0000000000000        1.9058390000000001E-010   1.9034551999999999E-010
   3975.0000000000000        0.0000000000000000        0.0000000000000000     
   4025.0000000000000        0.0000000000000000        0.0000000000000000     
   4075.0000000000000        0.0000000000000000        0.0000000000000000     
   4125.0000000000000        0.0000000000000000        0.0000000000000000     
   4175.0000000000000        0.0000000000000000        0.0000000000000000     
   4225.0000000000000        0.0000000000000000        0.0000000000000000     
   4275.0000000000000        0.0000000000000000        0.0000000000000000     
   4325.0000000000000        0.0000000000000000        0.0000000000000000     
   4375.0000000000000        0.0000000000000000        0.0000000000000000     
   4425.0000000000000        0.0000000000000000        0.0000000000000000     
   4475.0000000000000        0.0000000000000000        0.0000000000000000     
   4525.0000000000000        0.0000000000000000        0.0000000000000000     
   4575.0000000000000        0.0000000000000000        0.0000000000000000     
   4625.0000000000000        0.0000000000000000        0.0000000000000000     
   4675.0000000000000        0.0000000000000000        0.0000000000000000     
   4725.0000000000000        0.0000000000000000        0.0000000000000000     
   4775.0000000000000        0.0000000000000000        0.0000000000000000     
   4825.0000000000000        0.0000000000000000        0.0000000000000000     
   4875.0000000000000        0.0000000000000000        0.0000000000000000     
   4925.0000000000000        0.0000000000000000        0.0000000000000000     
   4975.0000000000000        0.0000000000000000        0.0000000000000000     
   5025.0000000000000        0.0000000000000000        0.0000000000000000     
   5075.0000000000000        0.0000000000000000        0.0000000000000000     
   5125.0000000000000        0.0000000000000000        0.0000000000000000     
   5175.0000000000000        9.7347640000000000E-011   9.7225879999999996E-011
   5225.0000000000000        0.0000000000000000        0.0000000000000000     
   5275.0000000000000        0.0000000000000000        0.0000000000000000     
   5325.0000000000000        0.0000000000000000        0.0000000000000000     
   5375.0000000000000        0.0000000000000000        0.0000000000000000     
   5425.0000000000000        0.0000000000000000        0.0000000000000000     
   5475.0000000000000        0.0000000000000000        0.0000000000000000     
   5525.0000000000000        0.0000000000000000        0.0000000000000000     
   5575.0000000000000        0.0000000000000000        0.0000000000000000     
   5625.0000000000000        0.0000000000000000        0.0000000000000000     
   5675.0000000000000        0.0000000000000000        0.0000000000000000     
   5725.0000000000000        0.0000000000000000        0.0000000000000000     
   5775.0000000000000        0.0000000000000000        0.0000000000000000     
   5825.0000000000000        0.0000000000000000        0.0000000000000000     
   5875.0000000000000        0.0000000000000000        0.0000000000000000     
   5925.0000000000000        0.0000000000000000        0.0000000000000000     
   5975.0000000000000        0.0000000000000000        0.0000000000000000     
   6025.0000000000000        0.0000000000000000        0.0000000000000000     
   6075.0000000000000        0.0000000000000000        0.0000000000000000     
   6125.0000000000000        0.0000000000000000        0.0000000000000000     
   6175.0000000000000        0.0000000000000000        0.0000000000000000     
   6225.0000000000000        0.0000000000000000        0.0000000000000000     
   6275.0000000000000        0.0000000000000000        0.0000000000000000     
   6325.0000000000000        0.0000000000000000        0.0000000000000000     
   6375.0000000000000        0.0000000000000000        0.0000000000000000     
   6425.0000000000000        0.0000000000000000        0.0000000000000000     
   6475.0000000000000        0.0000000000000000        0.0000000000000000     
   6525.0000000000000        0.0000000000000000        0.0000000000000000     
   6575.0000000000000        0.0000000000000000        0.0000000000000000     
   6625.0000000000000        0.0000000000000000        0.0000000000000000     
   6675.0000000000000        0.0000000000000000        0.0000000000000000     
   6725.0000000000000        0.0000000000000000        0.0000000000000000     
   6775.0000000000000        0.0000000000000000        0.0000000000000000     
   6825.0000000000000        0.0000000000000000        0.0000000000000000     
   6875.0000000000000        0.0000000000000000        0.0000000000000000     
   6925.0000000000000        0.0000000000000000        0.0000000000000000     
   6975.0000000000000        0.0000000000000000        0.0000000000000000     
   7025.0000000000000        0.0000000000000000        0.0000000000000000     
   7075.0000000000000        0.0000000000000000        0.0000000000000000     
   7125.0000000000000        0.0000000000000000        0.0000000000000000     
   7175.0000000000000        0.0000000000000000        0.0000000000000000     
   7225.0000000000000        0.0000000000000000        0.0000000000000000     
   7275.0000000000000        0.0000000000000000        0.0000000000000000     
   7325.0000000000000        0.0000000000000000        0.0000000000000000     
   7375.0000000000000        0.0000000000000000        0.0000000000000000     
   7425.0000000000000        0.0000000000000000        0.0000000000000000     
   7475.0000000000000        0.0000000000000000        0.0000000000000000     
   7525.0000000000000        0.0000000000000000        0.0000000000000000     
   7575.0000000000000        0.0000000000000000        0.0000000000000000     
   7625.0000000000000        0.0000000000000000        0.0000000000000000     
   7675.0000000000000        0.0000000000000000        0.0000000000000000     
   7725.0000000000000        0.0000000000000000        0.0000000000000000     
   7775.0000000000000        0.0000000000000000        0.0000000000000000     
   7825.0000000000000        0.0000000000000000        0.0000000000000000     
   7875.0000000000000        0.0000000000000000        0.0000000000000000     
   7925.0000000000000        0.0000000000000000        0.0000000000000000     
   7975.0000000000000        0.0000000000000000        0.0000000000000000     
   8025.0000000000000        0.0000000000000000        0.0000000000000000     
   8075.0000000000000        0.0000000000000000        0.0000000000000000     
   8125.0000000000000        0.0000000000000000        0.0000000000000000     
   8175.0000000000000        0.0000000000000000        0.0000000000000000     
   8225.0000000000000        0.0000000000000000        0.0000000000000000     
   8275.0000000000000        0.0000000000000000        0.0000000000000000     
   8325.0000000000000        0.0000000000000000        0.0000000000000000     
   8375.0000000000000        0.0000000000000000        0.0000000000000000     
   8425.0000000000000        0.0000000000000000        0.0000000000000000     
   8475.0000000000000        0.0000000000000000        0.0000000000000000     
   8525.0000000000000        0.0000000000000000        0.0000000000000000     
   8575.0000000000000        0.0000000000000000        0.0000000000000000     
   8625.0000000000000        0.0000000000000000        0.0000000000000000     
   8675.0000000000000        0.0000000000000000        0.0000000000000000     
   8725.0000000000000        0.0000000000000000        0.0000000000000000     
   8775.0000000000000        0.0000000000000000        0.0000000000000000     
   8825.0000000000000        0.0000000000000000        0.0000000000000000     
   8875.0000000000000        0.0000000000000000        0.0000000000000000     
   8925.0000000000000        0.0000000000000000        0.0000000000000000     
   8975.0000000000000        0.0000000000000000        0.0000000000000000     
   9025.0000000000000        0.0000000000000000        0.0000000000000000     
   9075.0000000000000        0.0000000000000000        0.0000000000000000     
   9125.0000000000000        0.0000000000000000        0.0000000000000000     
   9175.0000000000000        0.0000000000000000        0.0000000000000000     
   9225.0000000000000        0.0000000000000000        0.0000000000000000     
   9275.0000000000000        0.0000000000000000        0.0000000000000000     
   9325.0000000000000        0.0000000000000000        0.0000000000000000     
   9375.0000000000000        0.0000000000000000        0.0000000000000000     
   9425.0000000000000        0.0000000000000000        0.0000000000000000     
   9475.0000000000000        0.0000000000000000        0.0000000000000000     
   9525.0000000000000        0.0000000000000000        0.0000000000000000     
   9575.0000000000000        0.0000000000000000        0.0000000000000000     
   9625.0000000000000        0.0000000000000000        0.0000000000000000     
   9675.0000000000000        0.0000000000000000        0.0000000000000000     
   9725.0000000000000        0.0000000000000000        0.0000000000000000     
   9775.0000000000000        0.0000000000000000        0.0000000000000000     
   9825.0000000000000        0.0000000000000000        0.0000000000000000     
   9875.0000000000000        0.0000000000000000        0.0000000000000000     
   9925.0000000000000        0.0000000000000000        0.0000000000000000     
   9975.0000000000000        0.0000000000000000        0.0000000000000000     
   10025.000000000000        0.0000000000000000        0.0000000000000000     
   10075.000000000000        0.0000000000000000        0.0000000000000000     
   10125.000000000000        0.0000000000000000        0.0000000000000000     
   10175.000000000000        0.0000000000000000        0.0000000000000000     
   10225.000000000000        0.0000000000000000        0.0000000000000000     
   10275.000000000000        0.0000000000000000        0.0000000000000000     
   10325.000000000000        0.0000000000000000        0.0000000000000000     
   10375.000000000000        0.0000000000000000        0.0000000000000000     
   10425.000000000000        0.0000000000000000        0.0000000000000000     
   10475.000000000000        0.0000000000000000        0.0000000000000000     
   10525.000000000000        0.0000000000000000        0.0000000000000000     
   10575.000000000000        0.0000000000000000        0.0000000000000000     
   10625.000000000000        0.0000000000000000        0.0000000000000000     
   10675.000000000000        0.0000000000000000        0.0000000000000000     
   10725.000000000000        0.0000000000000000        0.0000000000000000     
   10775.000000000000        0.0000000000000000        0.0000000000000000     
   10825.000000000000        0.0000000000000000        0.0000000000000000     
   10875.000000000000        0.0000000000000000        0.0000000000000000     
   10925.000000000000        0.0000000000000000        0.0000000000000000     
   10975.000000000000        0.0000000000000000        0.0000000000000000     
   11025.000000000000        0.0000000000000000        0.0000000000000000     
   11075.000000000000        0.0000000000000000        0.0000000000000000     
   11125.000000000000        0.0000000000000000        0.0000000000000000     
   11175.000000000000        0.0000000000000000        0.0000000000000000     
   11225.000000000000        0.0000000000000000        0.0000000000000000     
   11275.000000000000        0.0000000000000000        0.0000000000000000     
   11325.000000000000        0.0000000000000000        0.0000000000000000     
   11375.000000000000        0.0000000000000000        0.0000000000000000     
   11425.000000000000        0.0000000000000000        0.0000000000000000     
   11475.000000000000        0.0000000000000000        0.0000000000000000     
   11525.000000000000        0.0000000000000000        0.0000000000000000     
   11575.000000000000        0.0000000000000000        0.0000000000000000     
   11625.000000000000        0.0000000000000000        0.0000000000000000     
   11675.000000000000        0.0000000000000000        0.0000000000000000     
   11725.000000000000        0.0000000000000000        0.0000000000000000     
   11775.000000000000        0.0000000000000000        0.0000000000000000     
   11825.000000000000        0.0000000000000000        0.0000000000000000     
   11875.000000000000        0.0000000000000000        0.0000000000000000     
   11925.000000000000        0.0000000000000000        0.0000000000000000     
   11975.000000000000        0.0000000000000000        0.0000000000000000     
   12025.000000000000        0.0000000000000000        0.0000000000000000     
   12075.000000000000        0.0000000000000000        0.0000000000000000     
   12125.000000000000        0.0000000000000000        0.0000000000000000     
   12175.000000000000        0.0000000000000000        0.0000000000000000     
   12225.000000000000        0.0000000000000000        0.0000000000000000     
   12275.000000000000        0.0000000000000000        0.0000000000000000     
   12325.000000000000        0.0000000000000000        0.0000000000000000     
   12375.000000000000        0.0000000000000000        0.0000000000000000     
   12425.000000000000        0.0000000000000000        0.0000000000000000     
   12475.000000000000        0.0000000000000000        0.0000000000000000     
   12525.000000000000        0.0000000000000000        0.0000000000000000     
   12575.000000000000        0.0000000000000000        0.0000000000000000     
   12625.000000000000        0.0000000000000000        0.0000000000000000     
   12675.000000000000        0.0000000000000000        0.0000000000000000     
   12725.000000000000        0.0000000000000000        0.0000000000000000     
   12775.000000000000        0.0000000000000000        0.0000000000000000     
   12825.000000000000        0.0000000000000000        0.0000000000000000     
   12875.000000000000        0.0000000000000000        0.0000000000000000     
   12925.000000000000        0.0000000000000000        0.0000000000000000     
   12975.000000000000        0.0000000000000000        0.0000000000000000     
