  -4.3750000000000000        9.9000007000000009E-007   9.4901448999999998E-007
  -4.1250000000000000        1.4483780999999999E-007   6.6372232000000002E-008
  -3.8750000000000000        2.0261067000000001E-007   1.0696827000000000E-007
  -3.6250000000000000        2.4802283000000002E-007   1.0495751000000000E-007
  -3.3750000000000000        5.3600822000000000E-007   1.6857947000000000E-007
  -3.1250000000000000        1.7399252000000000E-006   6.7104087999999997E-007
  -2.8750000000000000        1.2487167000000000E-006   5.5732513999999997E-007
  -2.6250000000000000        1.3505084999999999E-006   5.5634961000000004E-007
  -2.3750000000000000        1.0457707000000000E-006   3.4924636000000001E-007
  -2.1250000000000000        9.4279132999999999E-007   2.0186826000000001E-007
  -1.8750000000000000        1.4570190000000001E-006   3.3524342999999998E-007
  -1.6250000000000000        1.0650842000000000E-006   4.1828966000000001E-007
  -1.3750000000000000        3.4710583000000000E-007   9.8586769999999994E-008
  -1.1250000000000000        5.3628727999999997E-007   1.6700813999999999E-007
 -0.87500000000000000        3.1569710000000002E-007   1.2778052000000000E-007
 -0.62500000000000000        3.0006769999999998E-007   1.1648286000000001E-007
 -0.37500000000000000        5.3836381000000001E-007   3.4811606000000002E-007
 -0.12500000000000000        5.0185133999999999E-008   3.0848603000000003E-008
  0.12500000000000000        1.9616535000000001E-007   8.9908542999999998E-008
  0.37500000000000000        2.8548465000000002E-007   1.5114758999999999E-007
  0.62500000000000000        2.2964822000000000E-007   9.3722601999999997E-008
  0.87500000000000000        4.0025483999999998E-007   1.2051210000000001E-007
   1.1250000000000000        8.5440631999999998E-007   5.4413559000000004E-007
   1.3750000000000000        1.2368244000000000E-006   3.6909087000000001E-007
   1.6250000000000000        7.9328230000000005E-007   2.0852795999999999E-007
   1.8750000000000000        6.9944717000000004E-007   1.8002012999999999E-007
   2.1250000000000000        1.0308445000000000E-006   2.3274615000000000E-007
   2.3750000000000000        1.6677762000000000E-006   7.0674436999999996E-007
   2.6250000000000000        6.6141690999999996E-007   1.7079200999999999E-007
   2.8750000000000000        8.6031398999999997E-007   2.0497252000000000E-007
   3.1250000000000000        2.7336132000000000E-006   2.1047717999999999E-006
   3.3750000000000000        5.9835265999999997E-007   2.4127755000000001E-007
   3.6250000000000000        3.1622377000000003E-007   1.4677804999999999E-007
   3.8750000000000000        1.2840391000000001E-007   6.4833888000000001E-008
   4.1250000000000000        1.3910225999999999E-007   7.6882586999999998E-008
   4.3750000000000000        3.6598779000000001E-008   2.8440416999999999E-008
