  -4.3750000000000000        2.7711696070000002E-005   1.9880828167958599E-006
  -4.1250000000000000        5.6862934810000003E-005   3.7245948231173042E-006
  -3.8750000000000000        8.6141244670000000E-005   3.8623203453846536E-006
  -3.6250000000000000        1.1681395283000001E-004   4.1065933864164117E-006
  -3.3750000000000000        1.5557004821999999E-004   4.7177030191337277E-006
  -3.1250000000000000        1.8275129520000001E-004   3.9858556587271923E-006
  -2.8750000000000000        2.0718462669999999E-004   3.9123417993626304E-006
  -2.6250000000000000        2.1563797850000002E-004   3.5930103219518853E-006
  -2.3750000000000000        2.1535813070000000E-004   3.1546296859496110E-006
  -2.1250000000000000        2.0613361133000000E-004   2.9881174054176763E-006
  -1.8750000000000000        1.8547274899999999E-004   2.7003249281733051E-006
  -1.6250000000000000        1.5411115419999998E-004   2.4771817733746457E-006
  -1.3750000000000000        1.3272142583000001E-004   2.5897287994771950E-006
  -1.1250000000000000        9.8020888279999998E-005   1.9744469514123368E-006
 -0.87500000000000000        7.2845664099999993E-005   1.7427757539386615E-006
 -0.62500000000000000        5.1012920699999997E-005   1.3651167113905610E-006
 -0.37500000000000000        3.1897507810000006E-005   1.1515776912263340E-006
 -0.12500000000000000        2.5354127134000001E-005   9.6319723541480513E-007
  0.12500000000000000        2.3329308350000003E-005   9.7905251990869409E-007
  0.37500000000000000        3.1306725649999997E-005   1.1156925147409782E-006
  0.62500000000000000        4.6083086220000004E-005   1.3185729633668591E-006
  0.87500000000000000        6.6595681839999997E-005   1.6013900881475507E-006
   1.1250000000000000        9.4489278320000004E-005   1.9543660491897742E-006
   1.3750000000000000        1.2258036440000001E-004   2.3717255079193814E-006
   1.6250000000000000        1.4735095229999998E-004   2.3919152057561263E-006
   1.8750000000000000        1.7828412717000000E-004   2.6672296106992694E-006
   2.1250000000000000        2.0533513449999999E-004   3.3957696036385952E-006
   2.3750000000000000        2.1783711620000000E-004   3.2472386129360276E-006
   2.6250000000000000        2.2165796691000001E-004   3.2558083585947131E-006
   2.8750000000000000        2.1167640399000001E-004   3.6803142335184858E-006
   3.1250000000000000        1.9357760319999999E-004   4.3116766396272205E-006
   3.3750000000000000        1.6187393266000000E-004   3.9528538205596335E-006
   3.6250000000000000        1.2380002376999999E-004   3.9280766409424051E-006
   3.8750000000000000        9.5949239910000000E-005   4.7472478437953089E-006
   4.1250000000000000        5.7585463260000000E-005   3.0674633400065114E-006
   4.3750000000000000        3.7781255779000000E-005   4.6365690266672806E-006
