  -2.3750000000000000        8.4047806670000007E-005   3.4467812621866918E-006
  -2.1250000000000000        1.1255694378000000E-004   3.1210072662322117E-006
  -1.8750000000000000        1.4935748552999999E-004   3.4785743615201224E-006
  -1.6250000000000000        1.8688820429000000E-004   5.2764116687332506E-006
  -1.3750000000000000        2.1239731390000001E-004   4.1194674594480321E-006
  -1.1250000000000000        2.4373498469999999E-004   3.7921924373512987E-006
 -0.87500000000000000        2.7845192480000001E-004   4.2159387710830870E-006
 -0.62500000000000000        2.9686617659999999E-004   4.9171930076553975E-006
 -0.37500000000000000        3.0998371840000003E-004   4.5147901913093611E-006
 -0.12500000000000000        3.3252366649999998E-004   5.7205164008200574E-006
  0.12500000000000000        3.2411965947999995E-004   4.2333904655220429E-006
  0.37500000000000000        3.2324808270000000E-004   4.1499429309789672E-006
  0.62500000000000000        2.9600268100000001E-004   4.2924047702906356E-006
  0.87500000000000000        2.8981624390000000E-004   5.2363369522680075E-006
   1.1250000000000000        2.4941706785000002E-004   4.2832863519186821E-006
   1.3750000000000000        2.1854049652999998E-004   3.6303356704229771E-006
   1.6250000000000000        1.8992841726999998E-004   3.8902905192415050E-006
   1.8750000000000000        1.5205211547000000E-004   3.3132856028973994E-006
   2.1250000000000000        1.2191678433000001E-004   3.1929826980383353E-006
   2.3750000000000000        8.6845853750000003E-005   2.5804063735577043E-006
