  -8.8750000000000000        5.9319583000000001E-006   1.4866152999999999E-006
  -8.6250000000000000        5.6419104999999997E-006   8.0350595000000000E-007
  -8.3750000000000000        1.1231347000000001E-005   2.6125535000000001E-006
  -8.1250000000000000        1.6507309000000002E-005   2.1017148000000000E-006
  -7.8750000000000000        3.1357706000000003E-005   4.8025216999999997E-006
  -7.6250000000000000        3.7857639000000002E-005   3.5405827000000000E-006
  -7.3750000000000000        5.5401505000000002E-005   4.1897794999999999E-006
  -7.1250000000000000        6.6622854999999999E-005   3.9651735999999997E-006
  -6.8750000000000000        8.9802920999999998E-005   3.6501532999999998E-006
  -6.6250000000000000        1.1925137000000000E-004   5.6159394999999996E-006
  -6.3750000000000000        1.5094326000000000E-004   4.2325012999999998E-006
  -6.1250000000000000        1.8475003999999999E-004   3.7032940000000000E-006
  -5.8750000000000000        2.2666702999999999E-004   3.6737678000000000E-006
  -5.6250000000000000        2.6212148000000001E-004   4.1132783999999996E-006
  -5.3750000000000000        3.0587997999999999E-004   3.7306884000000000E-006
  -5.1250000000000000        3.4662552999999998E-004   4.4056553000000001E-006
  -4.8750000000000000        3.8309641999999998E-004   3.8121861000000001E-006
  -4.6250000000000000        4.1468503999999998E-004   4.9672185000000003E-006
  -4.3750000000000000        4.6184659000000000E-004   9.2410413000000004E-006
  -4.1250000000000000        4.6557610000000002E-004   4.4599814999999999E-006
  -3.8750000000000000        4.7817703999999999E-004   4.4397089999999996E-006
  -3.6250000000000000        4.9671906000000004E-004   7.1727181000000000E-006
  -3.3750000000000000        4.9953566000000003E-004   1.1202867000000000E-005
  -3.1250000000000000        4.9641533999999999E-004   7.4757551999999998E-006
  -2.8750000000000000        4.9503662000000004E-004   6.8065134000000003E-006
  -2.6250000000000000        4.8858490999999997E-004   6.5992521999999999E-006
  -2.3750000000000000        5.0863660999999998E-004   1.1779501000000001E-005
  -2.1250000000000000        5.2457079000000002E-004   9.4021278999999993E-006
  -1.8750000000000000        5.4933607999999999E-004   9.0437206000000005E-006
  -1.6250000000000000        5.9358443999999995E-004   1.4969555000000000E-005
  -1.3750000000000000        7.0143650000000001E-004   1.6206904000000000E-005
  -1.1250000000000000        7.9490965000000001E-004   1.6721982000000001E-005
 -0.87500000000000000        9.1953236000000000E-004   1.4414722000000000E-005
 -0.62500000000000000        1.1065959000000000E-003   2.2152319999999999E-005
 -0.37500000000000000        1.2050368000000001E-003   2.6188902000000001E-005
 -0.12500000000000000        1.1308913000000001E-003   2.0829707000000001E-005
  0.12500000000000000        2.6184273999999998        2.6138251000000001     
  0.37500000000000000        1.1589828999999999E-003   1.9526163000000002E-005
  0.62500000000000000        1.1010413000000000E-003   2.5634394000000000E-005
  0.87500000000000000        9.0668694000000001E-004   1.8354796000000002E-005
   1.1250000000000000        7.7308271000000000E-004   1.6770591000000000E-005
   1.3750000000000000        6.6023291000000001E-004   3.6912541999999998E-005
   1.6250000000000000        6.1396914999999996E-004   1.7571358000000001E-005
   1.8750000000000000        5.8279614999999995E-004   1.3559997000000001E-005
   2.1250000000000000        5.0926474000000002E-004   9.4167488000000000E-006
   2.3750000000000000        4.9045326999999997E-004   6.5693376999999999E-006
   2.6250000000000000        4.9869737999999999E-004   8.4453900999999997E-006
   2.8750000000000000        5.0955540000000000E-004   7.1993264999999998E-006
   3.1250000000000000        4.9712363999999997E-004   6.1937119000000001E-006
   3.3750000000000000        4.9514519000000000E-004   4.7981000999999998E-006
   3.6250000000000000        5.0285108999999998E-004   5.7178757000000003E-006
   3.8750000000000000        4.7975105000000001E-004   4.2044965999999997E-006
   4.1250000000000000        4.6808036999999999E-004   3.8443302000000001E-006
   4.3750000000000000        4.4133104000000000E-004   3.9797974000000003E-006
   4.6250000000000000        4.1688293000000001E-004   3.9329322999999999E-006
   4.8750000000000000        3.8032309999999999E-004   3.7589243000000002E-006
   5.1250000000000000        3.3859847999999999E-004   3.5208183000000001E-006
   5.3750000000000000        3.0219580000000000E-004   3.7245308999999999E-006
   5.6250000000000000        2.6293047000000000E-004   3.9637131000000004E-006
   5.8750000000000000        2.2812673999999999E-004   4.0134274999999998E-006
   6.1250000000000000        1.8575479000000001E-004   4.1541247999999999E-006
   6.3750000000000000        1.4646599999999999E-004   3.8726093000000003E-006
   6.6250000000000000        1.2729129000000000E-004   5.4970738000000001E-006
   6.8750000000000000        1.0561965000000000E-004   5.2343474999999999E-006
   7.1250000000000000        6.1784587000000002E-005   3.3008781000000002E-006
   7.3750000000000000        5.2662184999999998E-005   4.4570916000000001E-006
   7.6250000000000000        4.7791372000000001E-005   6.1871008999999999E-006
   7.8750000000000000        2.5256855999999998E-005   3.2131768000000001E-006
   8.1250000000000000        2.0448069000000000E-005   3.5868288000000000E-006
   8.3750000000000000        6.0718343000000004E-006   1.6859739000000000E-006
   8.6250000000000000        9.9456281000000000E-006   2.4792968000000000E-006
   8.8750000000000000        4.9737023999999997E-006   1.7260944000000001E-006
