   10.000000000000000        2.4646969000000002E-005   3.1082812999999998E-007
   30.000000000000000        3.2768245000000001E-002   3.2672814000000001E-002
   50.000000000000000        6.4361360000000001E-005   4.0296124000000000E-007
   70.000000000000000        5.8529663999999998E-005   4.6874299999999998E-007
   90.000000000000000        4.1855603999999997E-005   5.2902139999999995E-007
   110.00000000000000        2.9310182000000000E-005   2.5790542000000002E-007
   130.00000000000000        2.1226835000000001E-005   3.1144221000000001E-007
   150.00000000000000        1.5319195000000000E-005   1.6865495000000000E-007
   170.00000000000000        1.1258380000000001E-005   1.3590655999999999E-007
   190.00000000000000        1.1234479999999999E-005   2.4314330000000000E-006
   210.00000000000000        6.8750614000000002E-006   1.2320760000000001E-007
   230.00000000000000        5.3449520000000000E-006   1.1464186999999999E-007
   250.00000000000000        4.1684137999999998E-006   9.2150854000000002E-008
   270.00000000000000        3.3818895000000002E-006   7.9381726000000001E-008
   290.00000000000000        2.6541109999999998E-006   7.5204322999999997E-008
   310.00000000000000        2.2999596000000000E-006   9.9267949000000000E-008
   330.00000000000000        1.7927327000000000E-006   5.2937017000000002E-008
   350.00000000000000        1.5404719000000000E-006   5.9908669000000001E-008
   370.00000000000000        1.2086134000000001E-006   6.4615114999999994E-008
   390.00000000000000        1.0403300000000000E-006   4.9535316000000001E-008
   410.00000000000000        7.4924064000000000E-007   2.9461381000000001E-008
   430.00000000000000        6.5028593999999997E-007   3.2564232999999998E-008
   450.00000000000000        5.8057465000000005E-007   3.0536729999999997E-008
   470.00000000000000        4.9796979999999997E-007   2.8466093999999998E-008
   490.00000000000000        3.6064758999999998E-007   2.0568411000000001E-008
   510.00000000000000        3.2336987000000002E-007   2.4577492000000000E-008
   530.00000000000000        3.3976934000000002E-007   2.8123598999999999E-008
   550.00000000000000        2.5031274000000001E-007   1.6191331999999999E-008
   570.00000000000000        2.2742551000000001E-007   2.4121464000000000E-008
   590.00000000000000        1.7143851000000000E-007   1.1789205000000000E-008
   610.00000000000000        1.4077291000000000E-007   1.2537071000000000E-008
   630.00000000000000        1.1054466000000000E-007   7.8594200999999993E-009
   650.00000000000000        1.1980668000000001E-007   1.3098402000000000E-008
   670.00000000000000        1.0080349000000000E-007   9.4312834999999996E-009
   690.00000000000000        8.5220478999999995E-008   9.5776044999999995E-009
   710.00000000000000        6.2348791999999998E-008   7.7314176000000006E-009
   730.00000000000000        7.2723506000000005E-008   2.1786052000000001E-008
   750.00000000000000        4.5283972999999998E-008   5.4809702000000000E-009
   770.00000000000000        1.2076168999999999E-007   5.0753497000000001E-008
   790.00000000000000        3.4284968000000002E-008   4.3694439000000002E-009
   810.00000000000000        3.0258148000000000E-008   5.3352942999999998E-009
   830.00000000000000        4.0746208999999997E-008   8.2007401000000000E-009
   850.00000000000000        2.5451822000000001E-008   3.5474067000000000E-009
   870.00000000000000        3.7099606999999998E-008   9.9631168000000004E-009
   890.00000000000000        2.0531079999999999E-008   5.4406337000000004E-009
   910.00000000000000        1.5285033999999998E-008   2.7248795000000001E-009
   930.00000000000000        1.6118766999999999E-008   3.2403620000000000E-009
   950.00000000000000        1.1642665000000000E-008   2.6072578000000001E-009
   970.00000000000000        1.0435146999999999E-008   2.5181368000000000E-009
   990.00000000000000        1.2724847999999999E-008   3.5541399999999999E-009
   1010.0000000000000        6.3666664000000004E-009   1.5532315999999999E-009
   1030.0000000000000        1.3207146000000001E-008   4.0172316999999999E-009
   1050.0000000000000        4.5391198000000003E-009   1.2037004000000000E-009
   1070.0000000000000        4.2438827999999997E-009   1.1144626999999999E-009
   1090.0000000000000        7.0700393999999999E-009   1.5679647999999999E-009
   1110.0000000000000        2.6827053999999999E-009   1.6749833000000000E-009
   1130.0000000000000        4.6912557000000001E-009   1.2164757000000000E-009
   1150.0000000000000        1.2472609000000000E-009   5.6738756000000003E-010
   1170.0000000000000        3.2584731000000000E-009   1.2828257000000001E-009
   1190.0000000000000        4.0360421999999999E-009   1.2010067000000000E-009
   1210.0000000000000        2.6460705999999999E-009   8.9394506999999996E-010
   1230.0000000000000        2.0259220999999998E-009   9.2246548999999999E-010
   1250.0000000000000        2.9713407000000000E-009   1.2085192000000000E-009
   1270.0000000000000        3.3129075999999999E-009   9.8039674000000000E-010
   1290.0000000000000        2.6755644000000000E-009   9.8531579999999997E-010
   1310.0000000000000        7.0050265000000003E-010   4.0361704000000000E-010
   1330.0000000000000        1.6518669000000001E-009   7.4687111999999995E-010
   1350.0000000000000        0.0000000000000000        0.0000000000000000     
   1370.0000000000000        8.7003557000000004E-010   5.2894044000000003E-010
   1390.0000000000000        2.1707568000000000E-010   2.1680417000000001E-010
   1410.0000000000000        5.6276392999999996E-010   4.0550239999999999E-010
   1430.0000000000000        7.5259700000000004E-010   4.4149652999999997E-010
   1450.0000000000000        1.2254324999999999E-009   7.2987720000000000E-010
   1470.0000000000000        2.3472378000000000E-009   8.1863655000000001E-010
   1490.0000000000000        1.0042233999999999E-009   5.7874179999999996E-010
   1510.0000000000000        9.6861715000000003E-010   7.3114260000000002E-010
   1530.0000000000000        4.5454581999999999E-010   3.2111592999999999E-010
   1550.0000000000000        6.4938330000000000E-010   3.7371327999999998E-010
   1570.0000000000000        0.0000000000000000        0.0000000000000000     
   1590.0000000000000        2.2144522000000000E-010   2.2116823000000000E-010
   1610.0000000000000        1.3202551000000000E-009   1.3186037999999999E-009
   1630.0000000000000        2.3339328999999998E-010   2.3310136000000001E-010
   1650.0000000000000        0.0000000000000000        0.0000000000000000     
   1670.0000000000000        0.0000000000000000        0.0000000000000000     
   1690.0000000000000        7.9623204999999998E-010   7.9523615000000005E-010
   1710.0000000000000        2.2064224999999999E-010   2.2036628000000001E-010
   1730.0000000000000        0.0000000000000000        0.0000000000000000     
   1750.0000000000000        0.0000000000000000        0.0000000000000000     
   1770.0000000000000        5.5660873000000003E-010   4.0065117000000000E-010
   1790.0000000000000        0.0000000000000000        0.0000000000000000     
   1810.0000000000000        0.0000000000000000        0.0000000000000000     
   1830.0000000000000        0.0000000000000000        0.0000000000000000     
   1850.0000000000000        4.4574837000000001E-010   3.1440274000000003E-010
   1870.0000000000000        0.0000000000000000        0.0000000000000000     
   1890.0000000000000        0.0000000000000000        0.0000000000000000     
   1910.0000000000000        0.0000000000000000        0.0000000000000000     
   1930.0000000000000        0.0000000000000000        0.0000000000000000     
   1950.0000000000000        0.0000000000000000        0.0000000000000000     
   1970.0000000000000        0.0000000000000000        0.0000000000000000     
   1990.0000000000000        0.0000000000000000        0.0000000000000000     
   2010.0000000000000        0.0000000000000000        0.0000000000000000     
   2030.0000000000000        0.0000000000000000        0.0000000000000000     
   2050.0000000000000        0.0000000000000000        0.0000000000000000     
   2070.0000000000000        0.0000000000000000        0.0000000000000000     
   2090.0000000000000        0.0000000000000000        0.0000000000000000     
   2110.0000000000000        0.0000000000000000        0.0000000000000000     
   2130.0000000000000        0.0000000000000000        0.0000000000000000     
   2150.0000000000000        0.0000000000000000        0.0000000000000000     
   2170.0000000000000        0.0000000000000000        0.0000000000000000     
   2190.0000000000000        0.0000000000000000        0.0000000000000000     
   2210.0000000000000        0.0000000000000000        0.0000000000000000     
   2230.0000000000000        0.0000000000000000        0.0000000000000000     
   2250.0000000000000        0.0000000000000000        0.0000000000000000     
   2270.0000000000000        0.0000000000000000        0.0000000000000000     
   2290.0000000000000        0.0000000000000000        0.0000000000000000     
   2310.0000000000000        0.0000000000000000        0.0000000000000000     
   2330.0000000000000        0.0000000000000000        0.0000000000000000     
   2350.0000000000000        0.0000000000000000        0.0000000000000000     
   2370.0000000000000        0.0000000000000000        0.0000000000000000     
   2390.0000000000000        0.0000000000000000        0.0000000000000000     
   2410.0000000000000        0.0000000000000000        0.0000000000000000     
   2430.0000000000000        0.0000000000000000        0.0000000000000000     
   2450.0000000000000        0.0000000000000000        0.0000000000000000     
   2470.0000000000000        0.0000000000000000        0.0000000000000000     
   2490.0000000000000        0.0000000000000000        0.0000000000000000     
   2510.0000000000000        0.0000000000000000        0.0000000000000000     
   2530.0000000000000        0.0000000000000000        0.0000000000000000     
   2550.0000000000000        0.0000000000000000        0.0000000000000000     
   2570.0000000000000        0.0000000000000000        0.0000000000000000     
   2590.0000000000000        0.0000000000000000        0.0000000000000000     
   2610.0000000000000        0.0000000000000000        0.0000000000000000     
   2630.0000000000000        0.0000000000000000        0.0000000000000000     
   2650.0000000000000        0.0000000000000000        0.0000000000000000     
   2670.0000000000000        0.0000000000000000        0.0000000000000000     
   2690.0000000000000        0.0000000000000000        0.0000000000000000     
   2710.0000000000000        0.0000000000000000        0.0000000000000000     
   2730.0000000000000        0.0000000000000000        0.0000000000000000     
   2750.0000000000000        0.0000000000000000        0.0000000000000000     
   2770.0000000000000        0.0000000000000000        0.0000000000000000     
   2790.0000000000000        0.0000000000000000        0.0000000000000000     
   2810.0000000000000        0.0000000000000000        0.0000000000000000     
   2830.0000000000000        0.0000000000000000        0.0000000000000000     
   2850.0000000000000        0.0000000000000000        0.0000000000000000     
   2870.0000000000000        0.0000000000000000        0.0000000000000000     
   2890.0000000000000        0.0000000000000000        0.0000000000000000     
   2910.0000000000000        0.0000000000000000        0.0000000000000000     
   2930.0000000000000        0.0000000000000000        0.0000000000000000     
   2950.0000000000000        0.0000000000000000        0.0000000000000000     
   2970.0000000000000        0.0000000000000000        0.0000000000000000     
   2990.0000000000000        0.0000000000000000        0.0000000000000000     
   3010.0000000000000        0.0000000000000000        0.0000000000000000     
   3030.0000000000000        0.0000000000000000        0.0000000000000000     
   3050.0000000000000        0.0000000000000000        0.0000000000000000     
   3070.0000000000000        0.0000000000000000        0.0000000000000000     
   3090.0000000000000        0.0000000000000000        0.0000000000000000     
   3110.0000000000000        0.0000000000000000        0.0000000000000000     
   3130.0000000000000        0.0000000000000000        0.0000000000000000     
   3150.0000000000000        0.0000000000000000        0.0000000000000000     
   3170.0000000000000        0.0000000000000000        0.0000000000000000     
   3190.0000000000000        0.0000000000000000        0.0000000000000000     
   3210.0000000000000        0.0000000000000000        0.0000000000000000     
   3230.0000000000000        0.0000000000000000        0.0000000000000000     
   3250.0000000000000        0.0000000000000000        0.0000000000000000     
   3270.0000000000000        0.0000000000000000        0.0000000000000000     
   3290.0000000000000        0.0000000000000000        0.0000000000000000     
   3310.0000000000000        0.0000000000000000        0.0000000000000000     
   3330.0000000000000        0.0000000000000000        0.0000000000000000     
   3350.0000000000000        0.0000000000000000        0.0000000000000000     
   3370.0000000000000        0.0000000000000000        0.0000000000000000     
   3390.0000000000000        0.0000000000000000        0.0000000000000000     
   3410.0000000000000        0.0000000000000000        0.0000000000000000     
   3430.0000000000000        0.0000000000000000        0.0000000000000000     
   3450.0000000000000        0.0000000000000000        0.0000000000000000     
   3470.0000000000000        0.0000000000000000        0.0000000000000000     
   3490.0000000000000        0.0000000000000000        0.0000000000000000     
   3510.0000000000000        0.0000000000000000        0.0000000000000000     
   3530.0000000000000        0.0000000000000000        0.0000000000000000     
   3550.0000000000000        0.0000000000000000        0.0000000000000000     
   3570.0000000000000        0.0000000000000000        0.0000000000000000     
   3590.0000000000000        0.0000000000000000        0.0000000000000000     
   3610.0000000000000        0.0000000000000000        0.0000000000000000     
   3630.0000000000000        0.0000000000000000        0.0000000000000000     
   3650.0000000000000        0.0000000000000000        0.0000000000000000     
   3670.0000000000000        0.0000000000000000        0.0000000000000000     
   3690.0000000000000        0.0000000000000000        0.0000000000000000     
   3710.0000000000000        0.0000000000000000        0.0000000000000000     
   3730.0000000000000        0.0000000000000000        0.0000000000000000     
   3750.0000000000000        0.0000000000000000        0.0000000000000000     
   3770.0000000000000        0.0000000000000000        0.0000000000000000     
   3790.0000000000000        0.0000000000000000        0.0000000000000000     
   3810.0000000000000        0.0000000000000000        0.0000000000000000     
   3830.0000000000000        0.0000000000000000        0.0000000000000000     
   3850.0000000000000        0.0000000000000000        0.0000000000000000     
   3870.0000000000000        0.0000000000000000        0.0000000000000000     
   3890.0000000000000        0.0000000000000000        0.0000000000000000     
   3910.0000000000000        0.0000000000000000        0.0000000000000000     
   3930.0000000000000        0.0000000000000000        0.0000000000000000     
   3950.0000000000000        0.0000000000000000        0.0000000000000000     
   3970.0000000000000        0.0000000000000000        0.0000000000000000     
   3990.0000000000000        0.0000000000000000        0.0000000000000000     
   4010.0000000000000        0.0000000000000000        0.0000000000000000     
   4030.0000000000000        0.0000000000000000        0.0000000000000000     
   4050.0000000000000        0.0000000000000000        0.0000000000000000     
   4070.0000000000000        0.0000000000000000        0.0000000000000000     
   4090.0000000000000        0.0000000000000000        0.0000000000000000     
   4110.0000000000000        0.0000000000000000        0.0000000000000000     
   4130.0000000000000        0.0000000000000000        0.0000000000000000     
   4150.0000000000000        0.0000000000000000        0.0000000000000000     
   4170.0000000000000        0.0000000000000000        0.0000000000000000     
   4190.0000000000000        0.0000000000000000        0.0000000000000000     
   4210.0000000000000        0.0000000000000000        0.0000000000000000     
   4230.0000000000000        0.0000000000000000        0.0000000000000000     
   4250.0000000000000        0.0000000000000000        0.0000000000000000     
   4270.0000000000000        0.0000000000000000        0.0000000000000000     
   4290.0000000000000        0.0000000000000000        0.0000000000000000     
   4310.0000000000000        0.0000000000000000        0.0000000000000000     
   4330.0000000000000        0.0000000000000000        0.0000000000000000     
   4350.0000000000000        0.0000000000000000        0.0000000000000000     
   4370.0000000000000        0.0000000000000000        0.0000000000000000     
   4390.0000000000000        0.0000000000000000        0.0000000000000000     
   4410.0000000000000        0.0000000000000000        0.0000000000000000     
   4430.0000000000000        0.0000000000000000        0.0000000000000000     
   4450.0000000000000        0.0000000000000000        0.0000000000000000     
   4470.0000000000000        0.0000000000000000        0.0000000000000000     
   4490.0000000000000        0.0000000000000000        0.0000000000000000     
   4510.0000000000000        0.0000000000000000        0.0000000000000000     
   4530.0000000000000        0.0000000000000000        0.0000000000000000     
   4550.0000000000000        0.0000000000000000        0.0000000000000000     
   4570.0000000000000        0.0000000000000000        0.0000000000000000     
   4590.0000000000000        0.0000000000000000        0.0000000000000000     
   4610.0000000000000        0.0000000000000000        0.0000000000000000     
   4630.0000000000000        0.0000000000000000        0.0000000000000000     
   4650.0000000000000        0.0000000000000000        0.0000000000000000     
   4670.0000000000000        0.0000000000000000        0.0000000000000000     
   4690.0000000000000        0.0000000000000000        0.0000000000000000     
   4710.0000000000000        0.0000000000000000        0.0000000000000000     
   4730.0000000000000        0.0000000000000000        0.0000000000000000     
   4750.0000000000000        0.0000000000000000        0.0000000000000000     
   4770.0000000000000        0.0000000000000000        0.0000000000000000     
   4790.0000000000000        0.0000000000000000        0.0000000000000000     
   4810.0000000000000        0.0000000000000000        0.0000000000000000     
   4830.0000000000000        0.0000000000000000        0.0000000000000000     
   4850.0000000000000        0.0000000000000000        0.0000000000000000     
   4870.0000000000000        0.0000000000000000        0.0000000000000000     
   4890.0000000000000        0.0000000000000000        0.0000000000000000     
   4910.0000000000000        0.0000000000000000        0.0000000000000000     
   4930.0000000000000        0.0000000000000000        0.0000000000000000     
   4950.0000000000000        0.0000000000000000        0.0000000000000000     
   4970.0000000000000        0.0000000000000000        0.0000000000000000     
   4990.0000000000000        0.0000000000000000        0.0000000000000000     
   5010.0000000000000        0.0000000000000000        0.0000000000000000     
   5030.0000000000000        0.0000000000000000        0.0000000000000000     
   5050.0000000000000        0.0000000000000000        0.0000000000000000     
   5070.0000000000000        0.0000000000000000        0.0000000000000000     
   5090.0000000000000        0.0000000000000000        0.0000000000000000     
   5110.0000000000000        0.0000000000000000        0.0000000000000000     
   5130.0000000000000        0.0000000000000000        0.0000000000000000     
   5150.0000000000000        0.0000000000000000        0.0000000000000000     
   5170.0000000000000        0.0000000000000000        0.0000000000000000     
   5190.0000000000000        0.0000000000000000        0.0000000000000000     
   5210.0000000000000        0.0000000000000000        0.0000000000000000     
   5230.0000000000000        0.0000000000000000        0.0000000000000000     
   5250.0000000000000        0.0000000000000000        0.0000000000000000     
   5270.0000000000000        0.0000000000000000        0.0000000000000000     
   5290.0000000000000        0.0000000000000000        0.0000000000000000     
   5310.0000000000000        0.0000000000000000        0.0000000000000000     
   5330.0000000000000        0.0000000000000000        0.0000000000000000     
   5350.0000000000000        0.0000000000000000        0.0000000000000000     
   5370.0000000000000        0.0000000000000000        0.0000000000000000     
   5390.0000000000000        0.0000000000000000        0.0000000000000000     
   5410.0000000000000        0.0000000000000000        0.0000000000000000     
   5430.0000000000000        0.0000000000000000        0.0000000000000000     
   5450.0000000000000        0.0000000000000000        0.0000000000000000     
   5470.0000000000000        0.0000000000000000        0.0000000000000000     
   5490.0000000000000        0.0000000000000000        0.0000000000000000     
   5510.0000000000000        0.0000000000000000        0.0000000000000000     
   5530.0000000000000        0.0000000000000000        0.0000000000000000     
   5550.0000000000000        0.0000000000000000        0.0000000000000000     
   5570.0000000000000        0.0000000000000000        0.0000000000000000     
   5590.0000000000000        0.0000000000000000        0.0000000000000000     
   5610.0000000000000        0.0000000000000000        0.0000000000000000     
   5630.0000000000000        0.0000000000000000        0.0000000000000000     
   5650.0000000000000        0.0000000000000000        0.0000000000000000     
   5670.0000000000000        0.0000000000000000        0.0000000000000000     
   5690.0000000000000        0.0000000000000000        0.0000000000000000     
   5710.0000000000000        0.0000000000000000        0.0000000000000000     
   5730.0000000000000        0.0000000000000000        0.0000000000000000     
   5750.0000000000000        0.0000000000000000        0.0000000000000000     
   5770.0000000000000        0.0000000000000000        0.0000000000000000     
   5790.0000000000000        0.0000000000000000        0.0000000000000000     
   5810.0000000000000        0.0000000000000000        0.0000000000000000     
   5830.0000000000000        0.0000000000000000        0.0000000000000000     
   5850.0000000000000        0.0000000000000000        0.0000000000000000     
   5870.0000000000000        0.0000000000000000        0.0000000000000000     
   5890.0000000000000        0.0000000000000000        0.0000000000000000     
   5910.0000000000000        0.0000000000000000        0.0000000000000000     
   5930.0000000000000        0.0000000000000000        0.0000000000000000     
   5950.0000000000000        0.0000000000000000        0.0000000000000000     
   5970.0000000000000        0.0000000000000000        0.0000000000000000     
   5990.0000000000000        0.0000000000000000        0.0000000000000000     
