  -2.3750000000000000        8.5813932000000003E-005   4.5036773999999999E-006
  -2.1250000000000000        1.1108018000000000E-004   3.1028934000000002E-006
  -1.8750000000000000        1.4612450999999999E-004   3.0720061000000001E-006
  -1.6250000000000000        1.8864640000000000E-004   4.2306687000000004E-006
  -1.3750000000000000        2.0986784000000001E-004   3.1199613000000000E-006
  -1.1250000000000000        2.4445084000000001E-004   3.4380304000000001E-006
 -0.87500000000000000        2.7484362000000000E-004   4.4738650999999997E-006
 -0.62500000000000000        2.9166442000000002E-004   3.3694285999999999E-006
 -0.37500000000000000        3.1184094000000001E-004   3.7877986000000000E-006
 -0.12500000000000000        3.3066466000000001E-004   4.8898323000000000E-006
  0.12500000000000000        3.2226588999999999E-004   3.3944249000000002E-006
  0.37500000000000000        3.1693310999999998E-004   3.3169249000000001E-006
  0.62500000000000000        2.9693712000000000E-004   3.2310015999999999E-006
  0.87500000000000000        2.8115004999999999E-004   3.9259137000000001E-006
   1.1250000000000000        2.5301836000000001E-004   3.2678061999999999E-006
   1.3750000000000000        2.2236409000000001E-004   3.4120978999999999E-006
   1.6250000000000000        1.8975493000000001E-004   2.9466807000000000E-006
   1.8750000000000000        1.5254864000000001E-004   2.8767460999999999E-006
   2.1250000000000000        1.1836166999999999E-004   2.4978335000000000E-006
   2.3750000000000000        8.9322667000000001E-005   2.1293637999999999E-006
