  -8.8750000000000000        0.0000000000000000        0.0000000000000000     
  -8.6250000000000000        3.6643863000000000E-008   3.6598031999999998E-008
  -8.3750000000000000        1.0695158000000000E-006   7.1126937999999996E-007
  -8.1250000000000000        4.4362118999999997E-007   1.5558538000000000E-007
  -7.8750000000000000        8.3646992000000002E-006   3.5693432999999998E-006
  -7.6250000000000000        6.4338421999999999E-006   1.8252343000000000E-006
  -7.3750000000000000        1.2568271000000000E-005   2.5167815999999999E-006
  -7.1250000000000000        1.9010699000000001E-005   2.5714392999999999E-006
  -6.8750000000000000        2.6625915000000000E-005   2.0603641000000000E-006
  -6.6250000000000000        4.1710957999999999E-005   4.7029887999999997E-006
  -6.3750000000000000        5.2551517000000000E-005   2.5425534000000000E-006
  -6.1250000000000000        6.8283677000000002E-005   2.4282102000000000E-006
  -5.8750000000000000        8.3695356000000005E-005   2.2448364000000000E-006
  -5.6250000000000000        1.0189486000000000E-004   2.1346484000000001E-006
  -5.3750000000000000        1.2136964000000000E-004   2.2137956000000000E-006
  -5.1250000000000000        1.4138905999999999E-004   2.2222845000000000E-006
  -4.8750000000000000        1.5494363999999999E-004   2.0857302000000001E-006
  -4.6250000000000000        1.6645162000000001E-004   2.0963608000000001E-006
  -4.3750000000000000        1.7895159999999999E-004   2.1652391000000000E-006
  -4.1250000000000000        1.7930973000000001E-004   2.0870219999999999E-006
  -3.8750000000000000        1.7545939999999999E-004   2.0442752999999998E-006
  -3.6250000000000000        1.6920018999999999E-004   1.9743946000000000E-006
  -3.3750000000000000        1.5370828000000001E-004   1.8812325000000000E-006
  -3.1250000000000000        1.3425660000000001E-004   1.7633733000000001E-006
  -2.8750000000000000        1.1983074999999999E-004   1.6449093999999999E-006
  -2.6250000000000000        9.5762385999999998E-005   1.4697626999999999E-006
  -2.3750000000000000        0.0000000000000000        0.0000000000000000     
  -2.1250000000000000        0.0000000000000000        0.0000000000000000     
  -1.8750000000000000        0.0000000000000000        0.0000000000000000     
  -1.6250000000000000        0.0000000000000000        0.0000000000000000     
  -1.3750000000000000        0.0000000000000000        0.0000000000000000     
  -1.1250000000000000        0.0000000000000000        0.0000000000000000     
 -0.87500000000000000        0.0000000000000000        0.0000000000000000     
 -0.62500000000000000        0.0000000000000000        0.0000000000000000     
 -0.37500000000000000        0.0000000000000000        0.0000000000000000     
 -0.12500000000000000        0.0000000000000000        0.0000000000000000     
  0.12500000000000000        0.0000000000000000        0.0000000000000000     
  0.37500000000000000        0.0000000000000000        0.0000000000000000     
  0.62500000000000000        0.0000000000000000        0.0000000000000000     
  0.87500000000000000        0.0000000000000000        0.0000000000000000     
   1.1250000000000000        0.0000000000000000        0.0000000000000000     
   1.3750000000000000        0.0000000000000000        0.0000000000000000     
   1.6250000000000000        0.0000000000000000        0.0000000000000000     
   1.8750000000000000        0.0000000000000000        0.0000000000000000     
   2.1250000000000000        0.0000000000000000        0.0000000000000000     
   2.3750000000000000        0.0000000000000000        0.0000000000000000     
   2.6250000000000000        9.8475406999999995E-005   1.4995574000000001E-006
   2.8750000000000000        1.2193070000000000E-004   1.6523816999999999E-006
   3.1250000000000000        1.3592239000000000E-004   1.7697888000000000E-006
   3.3750000000000000        1.5500082000000000E-004   1.8852491999999999E-006
   3.6250000000000000        1.7039548999999999E-004   1.9872633999999998E-006
   3.8750000000000000        1.7992219999999999E-004   2.1681565000000000E-006
   4.1250000000000000        1.8231424000000001E-004   2.1077492999999999E-006
   4.3750000000000000        1.7682920000000000E-004   2.1811091000000002E-006
   4.6250000000000000        1.6589063999999999E-004   2.0817269000000001E-006
   4.8750000000000000        1.5494821000000000E-004   2.2215249999999999E-006
   5.1250000000000000        1.3748214000000001E-004   2.1108446000000002E-006
   5.3750000000000000        1.1774516000000000E-004   2.1459034000000001E-006
   5.6250000000000000        1.0136322000000000E-004   2.1719452999999999E-006
   5.8750000000000000        8.3859080000000003E-005   2.1688460999999998E-006
   6.1250000000000000        7.0214458000000002E-005   2.7770989999999998E-006
   6.3750000000000000        4.9074099000000002E-005   2.2655969000000001E-006
   6.6250000000000000        4.1583114999999999E-005   3.3966552000000001E-006
   6.8750000000000000        3.3732400999999999E-005   3.0603322000000001E-006
   7.1250000000000000        1.6399458999999999E-005   1.8169360000000001E-006
   7.3750000000000000        1.5073986000000000E-005   3.2235757999999998E-006
   7.6250000000000000        9.3077169000000006E-006   3.4689049999999999E-006
   7.8750000000000000        4.8720853999999999E-006   2.1763211000000001E-006
   8.1250000000000000        1.6687804000000001E-006   8.8217446000000000E-007
   8.3750000000000000        3.2640849000000000E-007   2.1042533000000001E-007
   8.6250000000000000        0.0000000000000000        0.0000000000000000     
   8.8750000000000000        0.0000000000000000        0.0000000000000000     
