  -4.7500000000000000        1.6343840000000000E-005   1.0947218999999999E-006
  -4.2500000000000000        4.4680469000000002E-005   3.4729741000000001E-006
  -3.7500000000000000        1.1642148000000000E-004   3.9571227000000004E-006
  -3.2500000000000000        2.5318003999999999E-004   5.1224096000000004E-006
  -2.7500000000000000        4.8576412999999999E-004   8.1862846000000008E-006
  -2.2500000000000000        7.6578078000000000E-004   1.2375749999999999E-005
  -1.7500000000000000        1.0772119999999999E-003   1.0705169000000001E-005
  -1.2500000000000000        1.3434124999999999E-003   1.4110664000000000E-005
 -0.75000000000000000        1.5044385000000000E-003   1.2570730000000000E-005
 -0.25000000000000000        1.6496871000000000E-003   1.2833534000000000E-005
  0.25000000000000000        1.6622831999999999E-003   1.4829198999999999E-005
  0.75000000000000000        1.5425030000000000E-003   1.3976433000000001E-005
   1.2500000000000000        1.3688932000000000E-003   1.2235779000000000E-005
   1.7500000000000000        1.0853502000000000E-003   1.0901419000000001E-005
   2.2500000000000000        1.3093204000000001        1.3069126000000000     
   2.7500000000000000        5.8210990000000002E-004   9.7088869999999996E-005
   3.2500000000000000        2.5485390999999998E-004   5.9483785000000000E-006
   3.7500000000000000        1.1281910000000000E-004   3.5756467000000001E-006
   4.2500000000000000        4.4970262000000001E-005   2.0716472999999998E-006
   4.7500000000000000        1.6036306000000001E-005   1.1203865000000001E-006
