  -2.3750000000000000        8.3091857999999995E-005   2.0670380000000001E-006
  -2.1250000000000000        1.1180955000000000E-004   2.7729602000000000E-006
  -1.8750000000000000        1.4269169000000000E-004   2.3281415999999999E-006
  -1.6250000000000000        1.8289245000000000E-004   3.2780262000000000E-006
  -1.3750000000000000        2.1024130999999999E-004   3.3453563000000001E-006
  -1.1250000000000000        2.3857528999999999E-004   2.9956744999999998E-006
 -0.87500000000000000        2.7268741000000002E-004   3.0641140000000000E-006
 -0.62500000000000000        3.0178265000000001E-004   3.7695953000000002E-006
 -0.37500000000000000        3.1526632000000000E-004   4.2409016000000002E-006
 -0.12500000000000000        3.1504766999999997E-004   3.5971652000000000E-006
  0.12500000000000000        3.1757905999999999E-004   3.7376016999999998E-006
  0.37500000000000000        3.2651970999999998E-004   4.9047071999999997E-006
  0.62500000000000000        3.0178812000000000E-004   3.5015595000000001E-006
  0.87500000000000000        2.8674209000000001E-004   3.9643251000000003E-006
   1.1250000000000000        2.5118561999999998E-004   4.3380164000000000E-006
   1.3750000000000000        2.2858203999999999E-004   4.9074138999999998E-006
   1.6250000000000000        1.8927513999999999E-004   2.8792282000000001E-006
   1.8750000000000000        1.5466800999999999E-004   3.2025207999999999E-006
   2.1250000000000000        1.1940306000000000E-004   3.5014064000000000E-006
   2.3750000000000000        8.7824809999999994E-005   2.0811588000000001E-006
