  -4.3750000000000000        5.0966157000000002E-005   4.4734047999999999E-006
  -4.1250000000000000        8.5968681000000004E-005   7.2101312000000003E-006
  -3.8750000000000000        1.5414062999999999E-004   5.0074106000000000E-006
  -3.6250000000000000        2.6640265000000001E-004   7.8857545000000005E-006
  -3.3750000000000000        3.9825506000000001E-004   6.8268843000000000E-006
  -3.1250000000000000        5.8327409000000002E-004   9.9710846999999993E-006
  -2.8750000000000000        7.5752538999999995E-004   9.2918078000000000E-006
  -2.6250000000000000        9.2204438000000001E-004   1.5094838000000001E-005
  -2.3750000000000000        1.0416766000000000E-003   1.2638811999999999E-005
  -2.1250000000000000        1.1405719000000000E-003   1.4764560999999999E-005
  -1.8750000000000000        1.1979022000000001E-003   1.6988775000000001E-005
  -1.6250000000000000        1.1926034999999999E-003   1.3891588999999999E-005
  -1.3750000000000000        1.1765053000000001E-003   1.3408659000000000E-005
  -1.1250000000000000        1.1819474000000000E-003   1.7283911999999998E-005
 -0.87500000000000000        1.0976603000000000E-003   1.6570065999999999E-005
 -0.62500000000000000        1.1157361000000000E-003   2.0075918000000001E-005
 -0.37500000000000000        1.0954514000000000E-003   1.7376565999999999E-005
 -0.12500000000000000        1.0434030000000000E-003   4.0337236999999998E-005
  0.12500000000000000        1.2360426999999999E-003   1.9420827999999999E-004
  0.37500000000000000        1.0681504000000001E-003   1.5250061000000000E-005
  0.62500000000000000        1.1400717999999999E-003   2.1856696999999999E-005
  0.87500000000000000        1.1209258999999999E-003   2.8478146000000000E-005
   1.1250000000000000        1.1796275000000001E-003   1.4108348000000000E-005
   1.3750000000000000        1.1748564000000001E-003   1.4455348000000000E-005
   1.6250000000000000        1.1706838999999999E-003   1.4537927000000001E-005
   1.8750000000000000        1.1911288999999999E-003   1.3530955000000000E-005
   2.1250000000000000        1.1347288000000001E-003   1.3925054000000001E-005
   2.3750000000000000        1.0612746000000001E-003   2.0199865000000000E-005
   2.6250000000000000        9.1007378999999995E-004   9.8945628000000007E-006
   2.8750000000000000        7.6774392999999995E-004   1.1203727000000000E-005
   3.1250000000000000        2.6177058000000000        2.6138251000000001     
   3.3750000000000000        4.4955812999999999E-004   8.6384449000000000E-006
   3.6250000000000000        2.9724994000000001E-004   6.9464218000000004E-006
   3.8750000000000000        1.8305740000000001E-004   9.0550707999999999E-006
   4.1250000000000000        9.1685219000000006E-005   4.6246358999999999E-006
   4.3750000000000000        4.9740577000000000E-005   3.5714312999999998E-006
