  -4.3750000000000000        8.1765049000000008E-006   8.2936823000000001E-007
  -4.1250000000000000        1.7788234999999999E-005   1.4602746000000000E-006
  -3.8750000000000000        4.0090955000000003E-005   3.4498641999999999E-006
  -3.6250000000000000        9.2092826000000005E-005   8.5824605999999998E-006
  -3.3750000000000000        1.2419345000000000E-004   4.1857175999999999E-006
  -3.1250000000000000        1.7732011000000001E-004   4.5255233000000004E-006
  -2.8750000000000000        2.4292815000000000E-004   4.5656979999999997E-006
  -2.6250000000000000        2.8533517999999999E-004   4.3531166999999999E-006
  -2.3750000000000000        3.1749634000000001E-004   4.6166662000000004E-006
  -2.1250000000000000        3.2448843999999998E-004   3.7107131000000000E-006
  -1.8750000000000000        3.0936205000000000E-004   3.4545888000000000E-006
  -1.6250000000000000        2.8128471000000001E-004   3.1180655000000001E-006
  -1.3750000000000000        2.4447891000000001E-004   2.8857785999999998E-006
  -1.1250000000000000        2.0335772999999999E-004   2.6364167999999998E-006
 -0.87500000000000000        1.5844985000000001E-004   2.2613648999999998E-006
 -0.62500000000000000        1.1795844000000000E-004   1.9479597000000002E-006
 -0.37500000000000000        8.8852165999999996E-005   1.7036772999999999E-006
 -0.12500000000000000        7.4737841999999996E-005   1.5532769000000001E-006
  0.12500000000000000        7.6973775999999999E-005   1.8006120000000001E-006
  0.37500000000000000        8.6769368000000002E-005   1.7040619999999999E-006
  0.62500000000000000        1.1168290000000000E-004   1.9681055999999998E-006
  0.87500000000000000        1.4684407000000000E-004   2.2242696999999998E-006
   1.1250000000000000        1.9462384999999999E-004   2.5346069999999998E-006
   1.3750000000000000        2.4110595000000000E-004   3.1455941000000002E-006
   1.6250000000000000        2.7996963000000001E-004   3.2543396999999999E-006
   1.8750000000000000        3.0969880000000002E-004   3.5491642999999999E-006
   2.1250000000000000        3.2664030000000000E-004   3.7698228000000000E-006
   2.3750000000000000        3.2371408000000002E-004   4.0593395000000000E-006
   2.6250000000000000        2.9188819999999998E-004   4.3854819999999997E-006
   2.8750000000000000        2.4451852999999999E-004   4.6297686999999997E-006
   3.1250000000000000        2.0378354999999999E-004   7.5915962000000001E-006
   3.3750000000000000        1.4220496000000001E-004   5.3433264000000002E-006
   3.6250000000000000        8.9256902000000001E-005   4.5045311000000004E-006
   3.8750000000000000        4.9852002999999998E-005   2.6378039000000001E-006
   4.1250000000000000        2.1366162000000002E-005   3.1735188000000002E-006
   4.3750000000000000        6.9586785000000003E-006   6.6906885999999999E-007
