  -4.3750000000000000        4.5781997999999998E-005   5.2307566000000001E-006
  -4.1250000000000000        7.8426600999999995E-005   3.8396785000000002E-006
  -3.8750000000000000        1.1495571000000000E-004   4.9667924000000000E-006
  -3.6250000000000000        1.7369114000000000E-004   6.5424890000000004E-006
  -3.3750000000000000        2.1669541999999999E-004   4.8224493000000003E-006
  -3.1250000000000000        2.5607981000000000E-004   4.4735774000000000E-006
  -2.8750000000000000        2.8601561999999999E-004   4.2503192000000000E-006
  -2.6250000000000000        3.0378448000000001E-004   3.8169430000000000E-006
  -2.3750000000000000        3.0679791999999999E-004   3.7563620999999999E-006
  -2.1250000000000000        2.8873689000000002E-004   3.2717271999999999E-006
  -1.8750000000000000        2.6055843000000000E-004   3.0697177999999998E-006
  -1.6250000000000000        2.2127206000000001E-004   2.8301786999999998E-006
  -1.3750000000000000        1.8293268000000001E-004   2.6073855000000001E-006
  -1.1250000000000000        1.3868299000000000E-004   2.2134970000000002E-006
 -0.87500000000000000        1.0665877999999999E-004   2.1942557000000001E-006
 -0.62500000000000000        6.9608149000000003E-005   1.4886452000000001E-006
 -0.37500000000000000        4.7901632000000003E-005   1.2385634000000001E-006
 -0.12500000000000000        3.3448997000000003E-005   1.1247703000000001E-006
  0.12500000000000000        3.3560082999999998E-005   1.1062796000000000E-006
  0.37500000000000000        4.0449650999999999E-005   1.2079316999999999E-006
  0.62500000000000000        6.5285735000000000E-005   1.5328491999999999E-006
  0.87500000000000000        9.3580744000000004E-005   1.7908057999999999E-006
   1.1250000000000000        1.2836881999999999E-004   2.2353473000000001E-006
   1.3750000000000000        1.6966638000000001E-004   2.4410997999999999E-006
   1.6250000000000000        2.0940613000000000E-004   2.7892063999999998E-006
   1.8750000000000000        2.4850821000000001E-004   3.0451089999999999E-006
   2.1250000000000000        2.8289535999999999E-004   3.2947789999999998E-006
   2.3750000000000000        3.0194244000000001E-004   3.4801844999999998E-006
   2.6250000000000000        3.1562905000000001E-004   4.3962346999999996E-006
   2.8750000000000000        2.9710472000000002E-004   4.0743745999999997E-006
   3.1250000000000000        2.7534191000000001E-004   6.9133412999999998E-006
   3.3750000000000000        2.1923042000000000E-004   4.5490878000000000E-006
   3.6250000000000000        1.8296734000000000E-004   5.1116913999999998E-006
   3.8750000000000000        1.2641601999999999E-004   4.6930841000000004E-006
   4.1250000000000000        8.7634084999999994E-005   5.5627763000000003E-006
   4.3750000000000000        4.6227136999999998E-005   3.2059891000000002E-006
