  -8.8750000000000000        0.0000000000000000        0.0000000000000000     
  -8.6250000000000000        5.2037800000000002E-008   5.1972714999999997E-008
  -8.3750000000000000        1.4823796000000001E-006   9.8008054000000008E-007
  -8.1250000000000000        6.1722359999999995E-007   2.1608618000000001E-007
  -7.8750000000000000        1.1787034000000000E-005   5.0199128999999998E-006
  -7.6250000000000000        9.1767572000000006E-006   2.7010695000000002E-006
  -7.3750000000000000        1.7579563999999998E-005   3.5047873000000000E-006
  -7.1250000000000000        2.6685120000000001E-005   3.6206027000000002E-006
  -6.8750000000000000        3.7053318000000002E-005   2.8674869000000000E-006
  -6.6250000000000000        5.8108437000000002E-005   6.5081809000000004E-006
  -6.3750000000000000        7.3825876000000002E-005   3.6501105999999999E-006
  -6.1250000000000000        9.6227231999999993E-005   3.4041726000000001E-006
  -5.8750000000000000        1.1998115000000000E-004   3.8307172000000002E-006
  -5.6250000000000000        1.4285643999999999E-004   2.9970232000000002E-006
  -5.3750000000000000        1.7032437999999999E-004   3.0959347999999999E-006
  -5.1250000000000000        1.9883432000000000E-004   3.1242385000000000E-006
  -4.8750000000000000        2.1816467999999999E-004   2.9841604000000001E-006
  -4.6250000000000000        2.3419764000000000E-004   2.9620651000000000E-006
  -4.3750000000000000        2.5167623000000000E-004   3.0456866000000000E-006
  -4.1250000000000000        2.5193261000000002E-004   2.9251446000000002E-006
  -3.8750000000000000        2.4797384000000002E-004   2.9092809000000000E-006
  -3.6250000000000000        2.3945094999999999E-004   2.8436157999999999E-006
  -3.3750000000000000        2.1695210000000000E-004   2.6811246999999999E-006
  -3.1250000000000000        1.9051191000000000E-004   2.5728195000000002E-006
  -2.8750000000000000        1.6935775000000001E-004   2.3203844000000000E-006
  -2.6250000000000000        1.3537940000000001E-004   2.0715287999999999E-006
  -2.3750000000000000        0.0000000000000000        0.0000000000000000     
  -2.1250000000000000        0.0000000000000000        0.0000000000000000     
  -1.8750000000000000        0.0000000000000000        0.0000000000000000     
  -1.6250000000000000        0.0000000000000000        0.0000000000000000     
  -1.3750000000000000        0.0000000000000000        0.0000000000000000     
  -1.1250000000000000        0.0000000000000000        0.0000000000000000     
 -0.87500000000000000        0.0000000000000000        0.0000000000000000     
 -0.62500000000000000        0.0000000000000000        0.0000000000000000     
 -0.37500000000000000        0.0000000000000000        0.0000000000000000     
 -0.12500000000000000        0.0000000000000000        0.0000000000000000     
  0.12500000000000000        0.0000000000000000        0.0000000000000000     
  0.37500000000000000        0.0000000000000000        0.0000000000000000     
  0.62500000000000000        0.0000000000000000        0.0000000000000000     
  0.87500000000000000        0.0000000000000000        0.0000000000000000     
   1.1250000000000000        0.0000000000000000        0.0000000000000000     
   1.3750000000000000        0.0000000000000000        0.0000000000000000     
   1.6250000000000000        0.0000000000000000        0.0000000000000000     
   1.8750000000000000        0.0000000000000000        0.0000000000000000     
   2.1250000000000000        0.0000000000000000        0.0000000000000000     
   2.3750000000000000        0.0000000000000000        0.0000000000000000     
   2.6250000000000000        1.3985243000000001E-004   2.1992279000000000E-006
   2.8750000000000000        1.7271191999999999E-004   2.3936144000000000E-006
   3.1250000000000000        1.9165369000000000E-004   2.4845161000000001E-006
   3.3750000000000000        2.1898611000000000E-004   2.7164839000000002E-006
   3.6250000000000000        2.4181486000000001E-004   2.9666299000000001E-006
   3.8750000000000000        2.5432701000000001E-004   3.2080335999999999E-006
   4.1250000000000000        2.5683025999999998E-004   2.9720281000000000E-006
   4.3750000000000000        2.4989872000000002E-004   3.1199426999999999E-006
   4.6250000000000000        2.3362002000000000E-004   3.0231800999999999E-006
   4.8750000000000000        2.1925438000000000E-004   3.3475532999999999E-006
   5.1250000000000000        1.9323830999999999E-004   2.9630770000000001E-006
   5.3750000000000000        1.6493483999999999E-004   3.0091825000000000E-006
   5.6250000000000000        1.4201917000000001E-004   3.0373641000000001E-006
   5.8750000000000000        1.1738185000000000E-004   3.0279822999999998E-006
   6.1250000000000000        9.8046278000000003E-005   3.8787392999999996E-006
   6.3750000000000000        6.8699816000000006E-005   3.1570509000000000E-006
   6.6250000000000000        5.8461414000000001E-005   4.7994629000000001E-006
   6.8750000000000000        4.7454438999999998E-005   4.3328727000000001E-006
   7.1250000000000000        2.2872301000000001E-005   2.5305899000000002E-006
   7.3750000000000000        2.0982757000000001E-005   4.4920335000000003E-006
   7.6250000000000000        1.3352303000000001E-005   5.1601255999999996E-006
   7.8750000000000000        6.8669333000000004E-006   3.0882878999999999E-006
   8.1250000000000000        2.3299428000000002E-006   1.2373742999999999E-006
   8.3750000000000000        4.6544311000000002E-007   3.0049229999999999E-007
   8.6250000000000000        0.0000000000000000        0.0000000000000000     
   8.8750000000000000        0.0000000000000000        0.0000000000000000     
