  -4.3750000000000000        8.0924950999999999E-008   4.3960477999999998E-008
  -4.1250000000000000        9.2869173000000002E-008   3.9547968999999998E-008
  -3.8750000000000000        6.2969745000000002E-008   3.2608331000000000E-008
  -3.6250000000000000        8.0981266999999997E-007   3.1151033999999998E-007
  -3.3750000000000000        4.9568843000000004E-007   1.0893925000000000E-007
  -3.1250000000000000        8.2414470999999995E-007   2.0163817000000000E-007
  -2.8750000000000000        1.3945369999999999E-006   4.2420746999999999E-007
  -2.6250000000000000        1.0949082000000000E-006   2.5539768000000003E-007
  -2.3750000000000000        8.5375924999999997E-007   1.8126759000000000E-007
  -2.1250000000000000        1.0339937999999999E-006   1.9820395000000000E-007
  -1.8750000000000000        1.0439693000000001E-006   1.9473532000000000E-007
  -1.6250000000000000        9.5014242999999998E-007   2.3095979999999999E-007
  -1.3750000000000000        9.9427973999999994E-007   2.1337421000000001E-007
  -1.1250000000000000        5.3506935999999999E-007   1.2217456000000001E-007
 -0.87500000000000000        9.3732431000000000E-007   4.8911192000000005E-007
 -0.62500000000000000        1.9481957000000000E-007   6.8312575000000004E-008
 -0.37500000000000000        1.1475116000000000E-007   4.4834992000000002E-008
 -0.12500000000000000        6.6787304000000005E-008   3.7151243000000001E-008
  0.12500000000000000        9.5809295999999996E-008   3.8887961000000001E-008
  0.37500000000000000        2.3228957000000000E-007   8.6478110999999994E-008
  0.62500000000000000        2.1641155000000000E-007   6.6520133999999999E-008
  0.87500000000000000        2.3962617000000001E-007   6.3976766000000003E-008
   1.1250000000000000        1.1839025000000000E-006   4.5134575000000002E-007
   1.3750000000000000        7.5831081999999998E-007   1.2269848000000000E-007
   1.6250000000000000        1.0864712000000000E-006   2.4517293999999999E-007
   1.8750000000000000        1.1078135000000001E-006   3.2262792000000000E-007
   2.1250000000000000        7.3669599000000004E-007   1.5959002000000001E-007
   2.3750000000000000        1.1925691000000000E-006   3.1821943000000000E-007
   2.6250000000000000        1.0100838000000000E-006   1.6479864000000001E-007
   2.8750000000000000        1.1082352000000000E-006   2.3307944000000000E-007
   3.1250000000000000        9.5053269000000005E-007   2.7221868000000001E-007
   3.3750000000000000        1.7628904999999999E-006   1.0057174999999999E-006
   3.6250000000000000        3.6209561000000000E-007   1.0542200000000000E-007
   3.8750000000000000        2.1161024000000000E-007   8.1187371999999997E-008
   4.1250000000000000        8.8464548000000007E-008   6.7994916999999998E-008
   4.3750000000000000        4.5336857000000002E-008   2.6839080999999999E-008
