  -2.3750000000000000        4.0677059999999999E-007   1.6443821000000000E-007
  -2.1250000000000000        4.9419523000000003E-007   1.3039458000000001E-007
  -1.8750000000000000        6.4481584999999995E-007   1.4401338999999999E-007
  -1.6250000000000000        1.4442064000000000E-006   3.9967663999999998E-007
  -1.3750000000000000        9.3632186999999996E-007   1.4849297000000000E-007
  -1.1250000000000000        8.7516665000000004E-007   3.3233591999999999E-007
 -0.87500000000000000        1.5235911000000000E-006   4.7576065999999998E-007
 -0.62500000000000000        1.2721913000000001E-006   2.4572108999999999E-007
 -0.37500000000000000        2.5305834999999998E-006   1.0191626999999999E-006
 -0.12500000000000000        2.1313511000000001E-006   3.5395451000000002E-007
  0.12500000000000000        1.5463853999999999E-006   3.0897971999999999E-007
  0.37500000000000000        1.6498284000000000E-006   3.7571570000000000E-007
  0.62500000000000000        1.5837672999999999E-006   3.0495561999999999E-007
  0.87500000000000000        1.3646813000000000E-006   3.8774276000000001E-007
   1.1250000000000000        1.6778829000000001E-006   3.1173667999999998E-007
   1.3750000000000000        9.9452358999999999E-007   1.8308833999999999E-007
   1.6250000000000000        9.7288716000000005E-007   1.8830606000000000E-007
   1.8750000000000000        9.4099179000000005E-007   3.1792617000000002E-007
   2.1250000000000000        4.8886032999999998E-007   1.2551176000000000E-007
   2.3750000000000000        4.9089854000000003E-007   1.3060741999999999E-007
