   25.000000000000000        5.5471557000000000E-007   1.6725916000000000E-007
   75.000000000000000        6.8127265999999997E-007   1.5301306000000000E-007
   125.00000000000000        6.4304023999999999E-008   8.7587595000000003E-009
   175.00000000000000        5.2769936000000001E-008   8.4919221999999992E-009
   225.00000000000000        4.7788069000000003E-008   6.0080561999999996E-009
   275.00000000000000        3.7837842000000000E-008   2.8713911999999999E-009
   325.00000000000000        3.5673078000000003E-008   3.1240046999999998E-009
   375.00000000000000        3.1740667000000003E-008   2.5901200000000002E-009
   425.00000000000000        2.9548245000000000E-008   3.4823270000000002E-009
   475.00000000000000        2.8824877999999999E-008   3.4165461000000002E-009
   525.00000000000000        3.0987747999999998E-008   4.2829774999999996E-009
   575.00000000000000        2.7805653000000000E-008   4.3057652000000002E-009
   625.00000000000000        2.6413368000000001E-008   2.7034637000000000E-009
   675.00000000000000        3.1102717000000003E-008   5.2381664999999996E-009
   725.00000000000000        2.2310973999999999E-008   2.7059645999999998E-009
   775.00000000000000        2.6156661999999999E-008   4.3466301000000004E-009
   825.00000000000000        2.1490838000000002E-008   3.2683967999999998E-009
   875.00000000000000        1.7625268000000000E-008   2.5437726000000002E-009
   925.00000000000000        1.6726844000000001E-008   2.6588799000000002E-009
   975.00000000000000        2.3580991000000002E-008   3.8250054999999996E-009
   1025.0000000000000        1.4653574000000000E-008   2.0988853000000001E-009
   1075.0000000000000        1.6093397999999998E-008   2.8654751000000000E-009
   1125.0000000000000        1.6552445000000001E-008   2.6452611000000000E-009
   1175.0000000000000        1.3039889000000001E-008   2.0207646999999998E-009
   1225.0000000000000        1.1537346000000000E-008   1.8790830999999998E-009
   1275.0000000000000        1.2229714000000001E-008   2.1404645000000001E-009
   1325.0000000000000        1.1465930999999999E-008   2.1207996999999999E-009
   1375.0000000000000        1.1481110000000001E-008   2.3325202999999998E-009
   1425.0000000000000        1.1502660000000000E-008   2.4944961000000000E-009
   1475.0000000000000        1.9094304000000000E-008   6.6729256999999999E-009
   1525.0000000000000        9.5838415000000008E-009   1.8073238000000001E-009
   1575.0000000000000        7.0626143999999996E-009   1.8343534000000000E-009
   1625.0000000000000        8.8638078000000008E-009   2.1930236999999999E-009
   1675.0000000000000        6.7058260999999998E-009   1.5899218000000000E-009
   1725.0000000000000        7.1049006000000003E-009   1.5393701000000001E-009
   1775.0000000000000        4.4793217999999999E-009   8.9468312000000000E-010
   1825.0000000000000        7.8684133000000008E-009   2.9350862000000001E-009
   1875.0000000000000        4.9766458000000001E-009   1.5042374000000000E-009
   1925.0000000000000        1.0180667000000000E-008   5.8525685000000001E-009
   1975.0000000000000        4.9026522000000001E-009   1.7934675000000000E-009
   2025.0000000000000        4.9527796999999998E-009   1.3350893000000000E-009
   2075.0000000000000        3.3603627999999998E-009   8.7373989999999999E-010
   2125.0000000000000        3.2733766999999999E-009   8.2052240999999996E-010
   2175.0000000000000        4.4428021000000003E-009   1.1191010999999999E-009
   2225.0000000000000        4.0827048999999998E-008   2.2370541999999999E-008
   2275.0000000000000        5.6494637999999996E-009   3.4180212000000001E-009
   2325.0000000000000        3.0439852000000001E-009   1.1541417000000000E-009
   2375.0000000000000        2.0006296999999998E-009   1.1196827000000000E-009
   2425.0000000000000        2.4069823999999998E-009   9.0019561000000004E-010
   2475.0000000000000        4.4074723000000002E-009   3.4741284000000002E-009
   2525.0000000000000        1.5605674999999999E-009   4.6517630000000000E-010
   2575.0000000000000        9.4875637999999994E-010   2.7671994999999999E-010
   2625.0000000000000        1.5771779000000001E-009   7.2217479000000004E-010
   2675.0000000000000        1.6980074000000000E-009   7.7917520000000001E-010
   2725.0000000000000        2.7905137000000001E-009   1.5195840000000001E-009
   2775.0000000000000        2.2457739000000002E-009   1.3316629000000000E-009
   2825.0000000000000        4.7599887999999998E-009   3.0758070999999999E-009
   2875.0000000000000        7.5427211999999995E-010   3.0559196000000002E-010
   2925.0000000000000        1.2391794000000001E-009   5.7514037999999998E-010
   2975.0000000000000        1.0337465000000000E-009   2.8554727000000000E-010
   3025.0000000000000        1.7489157000000001E-009   1.0867084000000000E-009
   3075.0000000000000        5.8056469999999996E-010   4.2823411999999998E-010
   3125.0000000000000        1.2621517000000000E-009   6.5423599999999997E-010
   3175.0000000000000        6.2951849999999997E-009   5.0181548000000004E-009
   3225.0000000000000        3.0443123000000001E-009   2.1655307999999999E-009
   3275.0000000000000        8.5667546999999997E-010   3.5838934999999999E-010
   3325.0000000000000        3.5480338999999998E-009   3.5435962000000001E-009
   3375.0000000000000        2.6489772000000001E-010   1.7100319999999999E-010
   3425.0000000000000        4.1133631000000000E-010   2.1706336999999999E-010
   3475.0000000000000        3.7966389999999999E-009   3.3434201000000001E-009
   3525.0000000000000        5.1507781999999995E-010   2.7685988999999999E-010
   3575.0000000000000        1.1449764000000000E-009   9.1098068000000002E-010
   3625.0000000000000        1.1343923000000001E-010   1.1329734000000000E-010
   3675.0000000000000        7.4163684999999994E-011   7.4070924999999994E-011
   3725.0000000000000        1.7119127999999999E-010   1.2537130000000000E-010
   3775.0000000000000        9.1631903000000004E-011   6.4723755000000000E-011
   3825.0000000000000        0.0000000000000000        0.0000000000000000     
   3875.0000000000000        2.6982932000000001E-010   1.9114470000000000E-010
   3925.0000000000000        0.0000000000000000        0.0000000000000000     
   3975.0000000000000        0.0000000000000000        0.0000000000000000     
   4025.0000000000000        2.6089066000000001E-010   1.9991403000000000E-010
   4075.0000000000000        1.5177243000000000E-010   1.2073724000000000E-010
   4125.0000000000000        0.0000000000000000        0.0000000000000000     
   4175.0000000000000        0.0000000000000000        0.0000000000000000     
   4225.0000000000000        2.3188767999999999E-010   1.6627837999999999E-010
   4275.0000000000000        1.3628039999999999E-010   9.6253235000000004E-011
   4325.0000000000000        0.0000000000000000        0.0000000000000000     
   4375.0000000000000        0.0000000000000000        0.0000000000000000     
   4425.0000000000000        0.0000000000000000        0.0000000000000000     
   4475.0000000000000        4.9597089000000001E-009   4.9535054000000004E-009
   4525.0000000000000        0.0000000000000000        0.0000000000000000     
   4575.0000000000000        1.6521919000000000E-009   1.6501252999999999E-009
   4625.0000000000000        0.0000000000000000        0.0000000000000000     
   4675.0000000000000        0.0000000000000000        0.0000000000000000     
   4725.0000000000000        0.0000000000000000        0.0000000000000000     
   4775.0000000000000        1.0191996000000000E-010   1.0179248000000000E-010
   4825.0000000000000        0.0000000000000000        0.0000000000000000     
   4875.0000000000000        0.0000000000000000        0.0000000000000000     
   4925.0000000000000        0.0000000000000000        0.0000000000000000     
   4975.0000000000000        0.0000000000000000        0.0000000000000000     
   5025.0000000000000        0.0000000000000000        0.0000000000000000     
   5075.0000000000000        0.0000000000000000        0.0000000000000000     
   5125.0000000000000        7.2765400000000005E-011   7.2674384999999998E-011
   5175.0000000000000        0.0000000000000000        0.0000000000000000     
   5225.0000000000000        0.0000000000000000        0.0000000000000000     
   5275.0000000000000        0.0000000000000000        0.0000000000000000     
   5325.0000000000000        2.8785094999999999E-010   2.8749090999999998E-010
   5375.0000000000000        0.0000000000000000        0.0000000000000000     
   5425.0000000000000        0.0000000000000000        0.0000000000000000     
   5475.0000000000000        0.0000000000000000        0.0000000000000000     
   5525.0000000000000        0.0000000000000000        0.0000000000000000     
   5575.0000000000000        0.0000000000000000        0.0000000000000000     
   5625.0000000000000        0.0000000000000000        0.0000000000000000     
   5675.0000000000000        0.0000000000000000        0.0000000000000000     
   5725.0000000000000        0.0000000000000000        0.0000000000000000     
   5775.0000000000000        0.0000000000000000        0.0000000000000000     
   5825.0000000000000        0.0000000000000000        0.0000000000000000     
   5875.0000000000000        0.0000000000000000        0.0000000000000000     
   5925.0000000000000        0.0000000000000000        0.0000000000000000     
   5975.0000000000000        3.7343968000000000E-011   3.7297259999999998E-011
   6025.0000000000000        0.0000000000000000        0.0000000000000000     
   6075.0000000000000        0.0000000000000000        0.0000000000000000     
   6125.0000000000000        0.0000000000000000        0.0000000000000000     
   6175.0000000000000        0.0000000000000000        0.0000000000000000     
   6225.0000000000000        0.0000000000000000        0.0000000000000000     
   6275.0000000000000        2.7610379999999998E-010   2.7575845000000001E-010
   6325.0000000000000        0.0000000000000000        0.0000000000000000     
   6375.0000000000000        0.0000000000000000        0.0000000000000000     
   6425.0000000000000        0.0000000000000000        0.0000000000000000     
   6475.0000000000000        0.0000000000000000        0.0000000000000000     
   6525.0000000000000        0.0000000000000000        0.0000000000000000     
   6575.0000000000000        0.0000000000000000        0.0000000000000000     
   6625.0000000000000        0.0000000000000000        0.0000000000000000     
   6675.0000000000000        0.0000000000000000        0.0000000000000000     
   6725.0000000000000        0.0000000000000000        0.0000000000000000     
   6775.0000000000000        0.0000000000000000        0.0000000000000000     
   6825.0000000000000        0.0000000000000000        0.0000000000000000     
   6875.0000000000000        0.0000000000000000        0.0000000000000000     
   6925.0000000000000        0.0000000000000000        0.0000000000000000     
   6975.0000000000000        0.0000000000000000        0.0000000000000000     
   7025.0000000000000        0.0000000000000000        0.0000000000000000     
   7075.0000000000000        0.0000000000000000        0.0000000000000000     
   7125.0000000000000        6.1278160000000005E-011   6.1201514999999995E-011
   7175.0000000000000        0.0000000000000000        0.0000000000000000     
   7225.0000000000000        0.0000000000000000        0.0000000000000000     
   7275.0000000000000        0.0000000000000000        0.0000000000000000     
   7325.0000000000000        0.0000000000000000        0.0000000000000000     
   7375.0000000000000        0.0000000000000000        0.0000000000000000     
   7425.0000000000000        0.0000000000000000        0.0000000000000000     
   7475.0000000000000        0.0000000000000000        0.0000000000000000     
   7525.0000000000000        0.0000000000000000        0.0000000000000000     
   7575.0000000000000        0.0000000000000000        0.0000000000000000     
   7625.0000000000000        0.0000000000000000        0.0000000000000000     
   7675.0000000000000        0.0000000000000000        0.0000000000000000     
   7725.0000000000000        0.0000000000000000        0.0000000000000000     
   7775.0000000000000        0.0000000000000000        0.0000000000000000     
   7825.0000000000000        0.0000000000000000        0.0000000000000000     
   7875.0000000000000        0.0000000000000000        0.0000000000000000     
   7925.0000000000000        0.0000000000000000        0.0000000000000000     
   7975.0000000000000        0.0000000000000000        0.0000000000000000     
   8025.0000000000000        0.0000000000000000        0.0000000000000000     
   8075.0000000000000        0.0000000000000000        0.0000000000000000     
   8125.0000000000000        0.0000000000000000        0.0000000000000000     
   8175.0000000000000        0.0000000000000000        0.0000000000000000     
   8225.0000000000000        0.0000000000000000        0.0000000000000000     
   8275.0000000000000        0.0000000000000000        0.0000000000000000     
   8325.0000000000000        0.0000000000000000        0.0000000000000000     
   8375.0000000000000        0.0000000000000000        0.0000000000000000     
   8425.0000000000000        0.0000000000000000        0.0000000000000000     
   8475.0000000000000        0.0000000000000000        0.0000000000000000     
   8525.0000000000000        0.0000000000000000        0.0000000000000000     
   8575.0000000000000        0.0000000000000000        0.0000000000000000     
   8625.0000000000000        0.0000000000000000        0.0000000000000000     
   8675.0000000000000        0.0000000000000000        0.0000000000000000     
   8725.0000000000000        0.0000000000000000        0.0000000000000000     
   8775.0000000000000        0.0000000000000000        0.0000000000000000     
   8825.0000000000000        0.0000000000000000        0.0000000000000000     
   8875.0000000000000        0.0000000000000000        0.0000000000000000     
   8925.0000000000000        0.0000000000000000        0.0000000000000000     
   8975.0000000000000        0.0000000000000000        0.0000000000000000     
   9025.0000000000000        0.0000000000000000        0.0000000000000000     
   9075.0000000000000        0.0000000000000000        0.0000000000000000     
   9125.0000000000000        0.0000000000000000        0.0000000000000000     
   9175.0000000000000        0.0000000000000000        0.0000000000000000     
   9225.0000000000000        0.0000000000000000        0.0000000000000000     
   9275.0000000000000        0.0000000000000000        0.0000000000000000     
   9325.0000000000000        0.0000000000000000        0.0000000000000000     
   9375.0000000000000        0.0000000000000000        0.0000000000000000     
   9425.0000000000000        0.0000000000000000        0.0000000000000000     
   9475.0000000000000        0.0000000000000000        0.0000000000000000     
   9525.0000000000000        0.0000000000000000        0.0000000000000000     
   9575.0000000000000        0.0000000000000000        0.0000000000000000     
   9625.0000000000000        0.0000000000000000        0.0000000000000000     
   9675.0000000000000        0.0000000000000000        0.0000000000000000     
   9725.0000000000000        0.0000000000000000        0.0000000000000000     
   9775.0000000000000        0.0000000000000000        0.0000000000000000     
   9825.0000000000000        0.0000000000000000        0.0000000000000000     
   9875.0000000000000        0.0000000000000000        0.0000000000000000     
   9925.0000000000000        0.0000000000000000        0.0000000000000000     
   9975.0000000000000        0.0000000000000000        0.0000000000000000     
   10025.000000000000        0.0000000000000000        0.0000000000000000     
   10075.000000000000        0.0000000000000000        0.0000000000000000     
   10125.000000000000        0.0000000000000000        0.0000000000000000     
   10175.000000000000        0.0000000000000000        0.0000000000000000     
   10225.000000000000        0.0000000000000000        0.0000000000000000     
   10275.000000000000        0.0000000000000000        0.0000000000000000     
   10325.000000000000        0.0000000000000000        0.0000000000000000     
   10375.000000000000        0.0000000000000000        0.0000000000000000     
   10425.000000000000        0.0000000000000000        0.0000000000000000     
   10475.000000000000        0.0000000000000000        0.0000000000000000     
   10525.000000000000        0.0000000000000000        0.0000000000000000     
   10575.000000000000        0.0000000000000000        0.0000000000000000     
   10625.000000000000        0.0000000000000000        0.0000000000000000     
   10675.000000000000        0.0000000000000000        0.0000000000000000     
   10725.000000000000        0.0000000000000000        0.0000000000000000     
   10775.000000000000        0.0000000000000000        0.0000000000000000     
   10825.000000000000        0.0000000000000000        0.0000000000000000     
   10875.000000000000        0.0000000000000000        0.0000000000000000     
   10925.000000000000        0.0000000000000000        0.0000000000000000     
   10975.000000000000        0.0000000000000000        0.0000000000000000     
   11025.000000000000        0.0000000000000000        0.0000000000000000     
   11075.000000000000        0.0000000000000000        0.0000000000000000     
   11125.000000000000        0.0000000000000000        0.0000000000000000     
   11175.000000000000        0.0000000000000000        0.0000000000000000     
   11225.000000000000        0.0000000000000000        0.0000000000000000     
   11275.000000000000        0.0000000000000000        0.0000000000000000     
   11325.000000000000        0.0000000000000000        0.0000000000000000     
   11375.000000000000        0.0000000000000000        0.0000000000000000     
   11425.000000000000        0.0000000000000000        0.0000000000000000     
   11475.000000000000        0.0000000000000000        0.0000000000000000     
   11525.000000000000        0.0000000000000000        0.0000000000000000     
   11575.000000000000        0.0000000000000000        0.0000000000000000     
   11625.000000000000        0.0000000000000000        0.0000000000000000     
   11675.000000000000        0.0000000000000000        0.0000000000000000     
   11725.000000000000        0.0000000000000000        0.0000000000000000     
   11775.000000000000        0.0000000000000000        0.0000000000000000     
   11825.000000000000        0.0000000000000000        0.0000000000000000     
   11875.000000000000        0.0000000000000000        0.0000000000000000     
   11925.000000000000        0.0000000000000000        0.0000000000000000     
   11975.000000000000        0.0000000000000000        0.0000000000000000     
   12025.000000000000        0.0000000000000000        0.0000000000000000     
   12075.000000000000        0.0000000000000000        0.0000000000000000     
   12125.000000000000        0.0000000000000000        0.0000000000000000     
   12175.000000000000        0.0000000000000000        0.0000000000000000     
   12225.000000000000        0.0000000000000000        0.0000000000000000     
   12275.000000000000        0.0000000000000000        0.0000000000000000     
   12325.000000000000        0.0000000000000000        0.0000000000000000     
   12375.000000000000        0.0000000000000000        0.0000000000000000     
   12425.000000000000        0.0000000000000000        0.0000000000000000     
   12475.000000000000        0.0000000000000000        0.0000000000000000     
   12525.000000000000        0.0000000000000000        0.0000000000000000     
   12575.000000000000        0.0000000000000000        0.0000000000000000     
   12625.000000000000        0.0000000000000000        0.0000000000000000     
   12675.000000000000        0.0000000000000000        0.0000000000000000     
   12725.000000000000        0.0000000000000000        0.0000000000000000     
   12775.000000000000        0.0000000000000000        0.0000000000000000     
   12825.000000000000        0.0000000000000000        0.0000000000000000     
   12875.000000000000        0.0000000000000000        0.0000000000000000     
   12925.000000000000        0.0000000000000000        0.0000000000000000     
   12975.000000000000        0.0000000000000000        0.0000000000000000     
