  -4.7500000000000000        3.0835926000000001E-007   1.1661503000000001E-007
  -4.2500000000000000        1.0571686000000000E-006   2.9957027999999999E-007
  -3.7500000000000000        4.1661668999999998E-006   1.5603490999999999E-006
  -3.2500000000000000        3.6552384000000001E-006   1.0700841000000001E-006
  -2.7500000000000000        4.1193515999999997E-006   5.7945663999999996E-007
  -2.2500000000000000        7.7378159999999994E-006   6.7244338999999997E-007
  -1.7500000000000000        1.3169722000000000E-005   2.5919675000000002E-006
  -1.2500000000000000        1.4323806000000000E-005   1.2285714000000000E-006
 -0.75000000000000000        1.9209384999999998E-005   2.3974523000000001E-006
 -0.25000000000000000        2.1992243000000000E-005   3.8804137000000003E-006
  0.25000000000000000        1.8346235000000000E-005   1.4158092999999999E-006
  0.75000000000000000        1.4486317000000000E-005   1.0214622000000000E-006
   1.2500000000000000        2.9695702999999999E-005   1.4467865999999999E-005
   1.7500000000000000        3.0288979000000000E-005   1.4726247000000000E-005
   2.2500000000000000        1.8766185999999998E-005   7.7584184000000008E-006
   2.7500000000000000        5.9368702000000002E-006   7.9893630999999999E-007
   3.2500000000000000        2.9873514999999998E-006   4.4495939999999998E-007
   3.7500000000000000        1.2710082000000001E-006   1.8321118000000000E-007
   4.2500000000000000        4.1647715000000002E-007   1.3683523999999999E-007
   4.7500000000000000        4.0507607000000001E-007   1.6457452999999999E-007
