  -4.3750000000000000        1.5389089000000001E-007   5.4840708000000001E-008
  -4.1250000000000000        4.9637939000000001E-007   1.4407625000000001E-007
  -3.8750000000000000        1.3091577999999999E-006   4.6537002000000001E-007
  -3.6250000000000000        2.2212160000000000E-006   6.6895907999999997E-007
  -3.3750000000000000        3.1689243999999998E-006   8.2472746000000000E-007
  -3.1250000000000000        7.3953657000000000E-006   1.5660367000000001E-006
  -2.8750000000000000        7.4746857000000000E-006   2.2017210000000000E-006
  -2.6250000000000000        1.1323510999999999E-005   4.0118442999999996E-006
  -2.3750000000000000        1.1545374000000000E-005   2.2800122000000000E-006
  -2.1250000000000000        1.3273510000000000E-005   2.6693326000000001E-006
  -1.8750000000000000        1.3430618000000001E-005   1.8448504999999999E-006
  -1.6250000000000000        1.4307455000000000E-005   1.5047669000000000E-006
  -1.3750000000000000        1.3796852000000000E-005   1.5196527000000000E-006
  -1.1250000000000000        1.1240615999999999E-005   1.0301164000000001E-006
 -0.87500000000000000        1.3453844000000000E-005   1.4678472000000001E-006
 -0.62500000000000000        1.4597861000000000E-005   2.3315238999999999E-006
 -0.37500000000000000        4.5918426000000002E-005   2.8863346000000001E-005
 -0.12500000000000000        1.8682383999999999E-005   4.5701120000000000E-006
  0.12500000000000000        1.3974059999999999E-005   1.9763600999999999E-006
  0.37500000000000000        1.3740350000000000E-005   1.4375638000000000E-006
  0.62500000000000000        1.5464318999999999E-005   1.5847231000000000E-006
  0.87500000000000000        2.1960736000000000E-005   6.6090706000000000E-006
   1.1250000000000000        4.0232638999999998E-005   2.7263718000000000E-005
   1.3750000000000000        2.6981755000000000E-005   1.5147618000000000E-005
   1.6250000000000000        1.4436069000000001E-005   1.4513622000000001E-006
   1.8750000000000000        1.1418945999999999E-005   1.3741563000000000E-006
   2.1250000000000000        9.7132449000000003E-006   1.0486331000000000E-006
   2.3750000000000000        9.0060557999999998E-006   1.2814034999999999E-006
   2.6250000000000000        1.2111719000000000E-005   5.0596570999999998E-006
   2.8750000000000000        6.6203482000000003E-006   1.4320220999999999E-006
   3.1250000000000000        5.8100348000000003E-006   1.1048760999999999E-006
   3.3750000000000000        6.5164136000000002E-006   2.2835682999999998E-006
   3.6250000000000000        1.5043520000000001E-005   1.1331137000000000E-005
   3.8750000000000000        5.6963521999999998E-007   1.2619077999999999E-007
   4.1250000000000000        5.5395208999999997E-007   1.9045302999999999E-007
   4.3750000000000000        4.4754425999999999E-007   2.3073448000000000E-007
