  -2.3750000000000000        8.6034285849999998E-005   4.5040605558977007E-006
  -2.1250000000000000        1.1183931415000000E-004   3.1183616455427505E-006
  -1.8750000000000000        1.4721414259999998E-004   3.0903028103670648E-006
  -1.6250000000000000        1.8951974156999999E-004   4.2338979420518204E-006
  -1.3750000000000000        2.1173866950000001E-004   3.1492668827727837E-006
  -1.1250000000000000        2.4586053760000003E-004   3.4496041380550152E-006
 -0.87500000000000000        2.7636130030000001E-004   4.4837412605216538E-006
 -0.62500000000000000        2.9313606400000001E-004   3.3877230618579295E-006
 -0.37500000000000000        3.1286459359999998E-004   3.7918330432661203E-006
 -0.12500000000000000        3.3290723440000002E-004   4.9173495337140779E-006
  0.12500000000000000        3.2463854639999998E-004   3.5427182320916380E-006
  0.37500000000000000        3.1885487949999999E-004   3.3318241566618228E-006
  0.62500000000000000        2.9864311450000000E-004   3.2441577408901315E-006
  0.87500000000000000        2.8236897419999998E-004   3.9363982519613331E-006
   1.1250000000000000        2.5432683050000002E-004   3.2768290096120870E-006
   1.3750000000000000        2.2353062150000001E-004   3.4334262921858078E-006
   1.6250000000000000        1.9054422700000000E-004   2.9546392588801392E-006
   1.8750000000000000        1.5287107911000000E-004   2.8778949106952870E-006
   2.1250000000000000        1.1874026795999999E-004   2.4999691446563054E-006
   2.3750000000000000        8.9629344999999996E-005   2.1310726973885922E-006
