  -4.3750000000000000        3.2526337951000002E-005   3.5268985799071609E-006
  -4.1250000000000000        5.6076027172999998E-005   2.7536600079218250E-006
  -3.8750000000000000        8.2265632745000004E-005   3.5586330008473150E-006
  -3.6250000000000000        1.2325158267000001E-004   4.5804101720165767E-006
  -3.3750000000000000        1.5476927843000000E-004   3.4393620180591997E-006
  -3.1250000000000000        1.8288132470999999E-004   3.1876519062906727E-006
  -2.8750000000000000        2.0362820699999998E-004   2.8859686961125829E-006
  -2.6250000000000000        2.1677281820000000E-004   2.7143624517012353E-006
  -2.3750000000000000        2.1900091925000000E-004   2.6768151585211799E-006
  -2.1250000000000000        2.0613943380000000E-004   2.3269591986114332E-006
  -1.8750000000000000        1.8560231929999998E-004   2.1610379727854649E-006
  -1.6250000000000000        1.5750030243000000E-004   1.9854289331391666E-006
  -1.3750000000000000        1.3033463974000000E-004   1.8231245622932995E-006
  -1.1250000000000000        9.8896403359999993E-005   1.5756524892395798E-006
 -0.87500000000000000        7.5675063310000007E-005   1.4548801730612479E-006
 -0.62500000000000000        4.9685341569999996E-005   1.0632774143259231E-006
 -0.37500000000000000        3.4241166159999998E-005   8.8667082837631606E-007
 -0.12500000000000000        2.3882779304000000E-005   8.0454932424897175E-007
  0.12500000000000000        2.3929578296000002E-005   7.8881096105085747E-007
  0.37500000000000000        2.8834558570000002E-005   8.6419283535455113E-007
  0.62500000000000000        4.6568603549999995E-005   1.0924497127182274E-006
  0.87500000000000000        6.6536096169999998E-005   1.2698608283552409E-006
   1.1250000000000000        9.1306771500000003E-005   1.5263478255087935E-006
   1.3750000000000000        1.2106332081999999E-004   1.7435542651242234E-006
   1.6250000000000000        1.4903838120000000E-004   1.9520945232249009E-006
   1.8750000000000000        1.7758060349999999E-004   2.1942942414851949E-006
   2.1250000000000000        2.0169472599000001E-004   2.3341302650968758E-006
   2.3750000000000000        2.1565026910000000E-004   2.4802094382325225E-006
   2.6250000000000000        2.2493532380000000E-004   3.0956011550643615E-006
   2.8750000000000000        2.1183245520000002E-004   2.8885924026163612E-006
   3.1250000000000000        1.9649165269000000E-004   4.9540478904967376E-006
   3.3750000000000000        1.5609355049999999E-004   3.0670571393999964E-006
   3.6250000000000000        1.3076349560999997E-004   3.6395657231562612E-006
   3.8750000000000000        9.0378098240000005E-005   3.3043340360206499E-006
   4.1250000000000000        6.2698051548000001E-005   3.9683511653939853E-006
   4.3750000000000000        3.3098647857000001E-005   2.2975713657168703E-006
