  -8.8750000000000000        5.9583423690000000E-006   1.4868488251933451E-006
  -8.6250000000000000        5.6419104999999997E-006   8.0350595000000000E-007
  -8.3750000000000000        1.1270133130000000E-005   2.6126991090706328E-006
  -8.1250000000000000        1.6528584565000001E-005   2.1017516403483366E-006
  -7.8750000000000000        3.1393165662000003E-005   4.8026522800587260E-006
  -7.6250000000000000        3.8080828819999999E-005   3.5452253326275815E-006
  -7.3750000000000000        5.5593376140000001E-005   4.1905352469209841E-006
  -7.1250000000000000        6.7133316979999997E-005   3.9879575319647756E-006
  -6.8750000000000000        9.0623946479999996E-005   3.6631629870897131E-006
  -6.6250000000000000        1.2006726946000000E-004   5.6281639415850602E-006
  -6.3750000000000000        1.5255664739999999E-004   4.2927072763634196E-006
  -6.1250000000000000        1.8583966550000000E-004   3.7121739873302586E-006
  -5.8750000000000000        2.2989326849999999E-004   3.8862295140632643E-006
  -5.6250000000000000        2.6365828000000002E-004   4.1267116712762677E-006
  -5.3750000000000000        3.1251889909999998E-004   5.4713833166069667E-006
  -5.1250000000000000        3.5056297969999995E-004   4.5470569289994799E-006
  -4.8750000000000000        3.8606964610000001E-004   3.8429488572264820E-006
  -4.6250000000000000        4.1856957360000000E-004   5.0124295319852765E-006
  -4.3750000000000000        4.6667998710000000E-004   9.2930110499461031E-006
  -4.1250000000000000        4.7020584700000005E-004   4.6112991045325893E-006
  -3.8750000000000000        4.8340177799999998E-004   4.4836842535756261E-006
  -3.6250000000000000        5.0166191610000004E-004   7.1985904085845577E-006
  -3.3750000000000000        5.0510639559999998E-004   1.1237126943191086E-005
  -3.1250000000000000        5.0209728219999998E-004   7.5172021969077658E-006
  -2.8750000000000000        4.9946037730000002E-004   6.8334743860776390E-006
  -2.6250000000000000        4.9539973459999996E-004   6.7443288075810688E-006
  -2.3750000000000000        5.1360004030000001E-004   1.1788164553353695E-005
  -2.1250000000000000        5.2999556550000003E-004   9.4163690751103556E-006
  -1.8750000000000000        5.5621571349999995E-004   9.0952608544767437E-006
  -1.6250000000000000        6.0192056569999990E-004   1.5087699428729526E-005
  -1.3750000000000000        7.1052662539999997E-004   1.6327244900904895E-005
  -1.1250000000000000        8.0405014250000003E-004   1.6826740837706778E-005
 -0.87500000000000000        9.3606369900000003E-004   1.4899502074500831E-005
 -0.62500000000000000        1.1458138070000001E-003   3.5091350750959256E-005
 -0.37500000000000000        1.2215506140000000E-003   2.6289763386366953E-005
 -0.12500000000000000        1.1486228720000002E-003   2.1824089601167170E-005
  0.12500000000000000        2.6184431060729998        2.6138251000011015     
  0.37500000000000000        1.1793283969999998E-003   2.0390367008977401E-005
  0.62500000000000000        1.1281654190000000E-003   2.9797793150158703E-005
  0.87500000000000000        9.1708667700000001E-004   1.8413678540658226E-005
   1.1250000000000000        7.9334315399999999E-004   2.0173141969685958E-005
   1.3750000000000000        6.6753624829999996E-004   3.6927220680195072E-005
   1.6250000000000000        6.2003056609999992E-004   1.7595025314754511E-005
   1.8750000000000000        5.9526544499999994E-004   1.4126055790138927E-005
   2.1250000000000000        5.1511459060000001E-004   9.4640578060427127E-006
   2.3750000000000000        4.9672883969999995E-004   6.6212126878777499E-006
   2.6250000000000000        5.3382464900000003E-004   3.0009247961099892E-005
   2.8750000000000000        5.1538609609999998E-004   7.2477820224145884E-006
   3.1250000000000000        5.0351004310000000E-004   6.2587200335630347E-006
   3.3750000000000000        4.9987092840000002E-004   4.8313296000528231E-006
   3.6250000000000000        5.0812631799999994E-004   5.7591745567524315E-006
   3.8750000000000000        4.8478552410000000E-004   4.2741465052298313E-006
   4.1250000000000000        4.7201414629999998E-004   3.8792941341785575E-006
   4.3750000000000000        4.4567561659999999E-004   4.0589291887364687E-006
   4.6250000000000000        4.2005209589999999E-004   3.9769662230678297E-006
   4.8750000000000000        3.8406115009999997E-004   3.8198842950399672E-006
   5.1250000000000000        3.4139646630000002E-004   3.5731509823782834E-006
   5.3750000000000000        3.0376385859999999E-004   3.7376578593065780E-006
   5.6250000000000000        2.6642264870000001E-004   4.2011822639390989E-006
   5.8750000000000000        2.3130914380000000E-004   4.4160825305598556E-006
   6.1250000000000000        1.8634168656000001E-004   4.1665098201358898E-006
   6.3750000000000000        1.4692972579000000E-004   3.8746935703450453E-006
   6.6250000000000000        1.2898984020000000E-004   5.5653521264654610E-006
   6.8750000000000000        1.0583585171999999E-004   5.2348079593156689E-006
   7.1250000000000000        6.2574621090000001E-005   3.3764006977417161E-006
   7.3750000000000000        5.2843349180000000E-005   4.4595571886034768E-006
   7.6250000000000000        4.7820942088000004E-005   6.1871394612793823E-006
   7.8750000000000000        2.5256855999999998E-005   3.2131768000000001E-006
   8.1250000000000000        2.0448069000000000E-005   3.5868288000000000E-006
   8.3750000000000000        6.0718343000000004E-006   1.6859739000000000E-006
   8.6250000000000000        9.9456281000000000E-006   2.4792968000000000E-006
   8.8750000000000000        4.9737023999999997E-006   1.7260944000000001E-006
