   20.000000000000000        0.0000000000000000        0.0000000000000000     
   40.000000000000000        3.8290515000000001E-007   1.7619548472818847E-008
   60.000000000000000        1.6447499104000000E-006   3.3836591687367156E-008
   80.000000000000000        3.1141462260000001E-006   4.7817130753562172E-008
   100.00000000000000        4.3969843380000001E-006   6.1478544475905320E-008
   120.00000000000000        4.8925750050000002E-006   6.1908460705307026E-008
   140.00000000000000        5.1903181740000002E-006   9.0903235162003226E-008
   160.00000000000000        4.8133032579999999E-006   5.3866595321074762E-008
   180.00000000000000        4.5154397740000005E-006   6.9400917899978016E-008
   200.00000000000000        3.9389468510000003E-006   4.4502178946922478E-008
   220.00000000000000        3.4887036620000001E-006   4.6291575594859779E-008
   240.00000000000000        2.9537885719999996E-006   3.5303924059569503E-008
   260.00000000000000        2.5435482080000003E-006   3.4279364094261223E-008
   280.00000000000000        2.1166014067999998E-006   2.9352315512317705E-008
   300.00000000000000        1.7970177829999999E-006   2.6845564768751189E-008
   320.00000000000000        1.5394492350000000E-006   2.4977603296566901E-008
   340.00000000000000        1.2621272378000001E-006   2.0819714168375153E-008
   360.00000000000000        1.1021660280000000E-006   2.0090609129337354E-008
   380.00000000000000        9.2109795270000004E-007   1.6778439149408572E-008
   400.00000000000000        7.6311359319999996E-007   1.5784616027290107E-008
   420.00000000000000        6.4355889899999995E-007   1.8829965180423093E-008
   440.00000000000000        5.4318460760000003E-007   1.2745295435919824E-008
   460.00000000000000        4.6807078270000000E-007   1.2089003250555867E-008
   480.00000000000000        4.0878994099999999E-007   1.1616914506589519E-008
   500.00000000000000        3.1993267870000000E-007   9.6497024451898676E-009
   520.00000000000000        2.8738513540000000E-007   9.6664393925562279E-009
   540.00000000000000        2.5189074250000001E-007   8.6374271699384470E-009
   560.00000000000000        1.9047010929999999E-007   7.4142807331984741E-009
   580.00000000000000        1.7675159689999999E-007   7.1338512721371251E-009
   600.00000000000000        1.4851591150000000E-007   6.4716122943490681E-009
   620.00000000000000        1.3266606359999999E-007   6.1913530860479925E-009
   640.00000000000000        1.1016498410000000E-007   5.5416648020222167E-009
   660.00000000000000        1.0184411640000000E-007   5.3672511509111328E-009
   680.00000000000000        8.2124036519999998E-008   5.0499066360430152E-009
   700.00000000000000        7.1116662900000001E-008   4.7604075787495714E-009
   720.00000000000000        6.2445518880000000E-008   4.2741272069665837E-009
   740.00000000000000        5.0637772400000000E-008   5.0333532463121579E-009
   760.00000000000000        3.7978106400000005E-008   3.6631380248166430E-009
   780.00000000000000        3.7229429680000005E-008   3.2788173255086462E-009
   800.00000000000000        3.2066328479999995E-008   3.0231868123694835E-009
   820.00000000000000        2.8456001230000002E-008   4.4401039716995022E-009
   840.00000000000000        2.5000470800000000E-008   2.8208592279510759E-009
   860.00000000000000        2.4099636000000001E-008   2.5795372971029549E-009
   880.00000000000000        1.7097033090000002E-008   2.2699928468875154E-009
   900.00000000000000        1.6693537860000001E-008   2.2266538877638840E-009
   920.00000000000000        1.1584853310000000E-008   1.8385211462638458E-009
   940.00000000000000        1.2825509000000001E-008   1.9077041000000000E-009
   960.00000000000000        1.5179053899999999E-008   2.0697598267807139E-009
   980.00000000000000        1.0934931100000001E-008   1.8666682275618664E-009
   1000.0000000000000        9.7918970999999996E-009   1.6836345000000001E-009
   1020.0000000000000        9.3545107000000012E-009   1.7381484714847607E-009
   1040.0000000000000        6.8197099000000002E-009   1.4185683999999999E-009
   1060.0000000000000        4.0429563000000003E-009   1.0605781999999999E-009
   1080.0000000000000        5.2506052099999999E-009   1.2564540049463148E-009
   1100.0000000000000        3.9260386999999998E-009   1.1653960999999999E-009
   1120.0000000000000        3.0134749999999999E-009   8.8409748000000002E-010
   1140.0000000000000        5.5044634999999997E-009   1.2200536000000001E-009
   1160.0000000000000        2.4595841000000000E-009   8.9024307000000005E-010
   1180.0000000000000        3.8682379000000000E-009   1.0534088000000000E-009
   1200.0000000000000        3.9881387000000002E-009   1.0851420000000001E-009
   1220.0000000000000        1.7886369000000000E-009   6.9133694000000003E-010
   1240.0000000000000        1.8215139000000001E-009   7.5338617999999996E-010
   1260.0000000000000        1.7245262599999999E-009   6.6995533190063503E-010
   1280.0000000000000        8.7956667000000005E-010   5.1494653000000002E-010
   1300.0000000000000        6.7726535000000005E-010   3.9053211999999998E-010
   1320.0000000000000        8.7196317999999995E-010   5.1108601999999999E-010
   1340.0000000000000        5.4545086999999996E-010   3.9262938000000000E-010
   1360.0000000000000        1.3311727000000001E-009   6.0402680000000005E-010
   1380.0000000000000        3.4611712999999997E-010   3.4568422000000002E-010
   1400.0000000000000        5.5382301999999997E-010   3.9523383999999998E-010
   1420.0000000000000        1.4642095000000001E-009   6.6645613999999996E-010
   1440.0000000000000        8.7516841000000004E-010   5.1385917000000005E-010
   1460.0000000000000        7.7409197000000005E-010   4.5128529000000001E-010
   1480.0000000000000        7.9238794999999996E-010   4.6764053999999998E-010
   1500.0000000000000        2.2056244000000000E-010   2.2028656999999999E-010
   1520.0000000000000        6.7162774999999999E-010   4.7433341000000005E-010
   1540.0000000000000        0.0000000000000000        0.0000000000000000     
   1560.0000000000000        0.0000000000000000        0.0000000000000000     
   1580.0000000000000        0.0000000000000000        0.0000000000000000     
   1600.0000000000000        0.0000000000000000        0.0000000000000000     
   1620.0000000000000        2.1314777000000000E-010   2.1288118000000000E-010
   1640.0000000000000        0.0000000000000000        0.0000000000000000     
   1660.0000000000000        3.2676390000000002E-010   3.2635518999999997E-010
   1680.0000000000000        0.0000000000000000        0.0000000000000000     
   1700.0000000000000        0.0000000000000000        0.0000000000000000     
   1720.0000000000000        1.3708303000000001E-010   1.3691157000000001E-010
   1740.0000000000000        0.0000000000000000        0.0000000000000000     
   1760.0000000000000        0.0000000000000000        0.0000000000000000     
   1780.0000000000000        0.0000000000000000        0.0000000000000000     
   1800.0000000000000        0.0000000000000000        0.0000000000000000     
   1820.0000000000000        0.0000000000000000        0.0000000000000000     
   1840.0000000000000        3.5907649999999999E-010   3.5862737000000000E-010
   1860.0000000000000        0.0000000000000000        0.0000000000000000     
   1880.0000000000000        2.2611880999999999E-010   2.2583598000000000E-010
   1900.0000000000000        0.0000000000000000        0.0000000000000000     
   1920.0000000000000        0.0000000000000000        0.0000000000000000     
   1940.0000000000000        0.0000000000000000        0.0000000000000000     
   1960.0000000000000        0.0000000000000000        0.0000000000000000     
   1980.0000000000000        0.0000000000000000        0.0000000000000000     
   2000.0000000000000        0.0000000000000000        0.0000000000000000     
   2020.0000000000000        0.0000000000000000        0.0000000000000000     
   2040.0000000000000        0.0000000000000000        0.0000000000000000     
   2060.0000000000000        0.0000000000000000        0.0000000000000000     
   2080.0000000000000        0.0000000000000000        0.0000000000000000     
   2100.0000000000000        0.0000000000000000        0.0000000000000000     
   2120.0000000000000        0.0000000000000000        0.0000000000000000     
   2140.0000000000000        0.0000000000000000        0.0000000000000000     
   2160.0000000000000        0.0000000000000000        0.0000000000000000     
   2180.0000000000000        0.0000000000000000        0.0000000000000000     
   2200.0000000000000        0.0000000000000000        0.0000000000000000     
   2220.0000000000000        0.0000000000000000        0.0000000000000000     
   2240.0000000000000        0.0000000000000000        0.0000000000000000     
   2260.0000000000000        0.0000000000000000        0.0000000000000000     
   2280.0000000000000        0.0000000000000000        0.0000000000000000     
   2300.0000000000000        0.0000000000000000        0.0000000000000000     
   2320.0000000000000        0.0000000000000000        0.0000000000000000     
   2340.0000000000000        0.0000000000000000        0.0000000000000000     
   2360.0000000000000        0.0000000000000000        0.0000000000000000     
   2380.0000000000000        0.0000000000000000        0.0000000000000000     
   2400.0000000000000        0.0000000000000000        0.0000000000000000     
   2420.0000000000000        0.0000000000000000        0.0000000000000000     
   2440.0000000000000        0.0000000000000000        0.0000000000000000     
   2460.0000000000000        0.0000000000000000        0.0000000000000000     
   2480.0000000000000        0.0000000000000000        0.0000000000000000     
   2500.0000000000000        0.0000000000000000        0.0000000000000000     
   2520.0000000000000        0.0000000000000000        0.0000000000000000     
   2540.0000000000000        0.0000000000000000        0.0000000000000000     
   2560.0000000000000        0.0000000000000000        0.0000000000000000     
   2580.0000000000000        0.0000000000000000        0.0000000000000000     
   2600.0000000000000        0.0000000000000000        0.0000000000000000     
   2620.0000000000000        0.0000000000000000        0.0000000000000000     
   2640.0000000000000        0.0000000000000000        0.0000000000000000     
   2660.0000000000000        0.0000000000000000        0.0000000000000000     
   2680.0000000000000        0.0000000000000000        0.0000000000000000     
   2700.0000000000000        0.0000000000000000        0.0000000000000000     
   2720.0000000000000        0.0000000000000000        0.0000000000000000     
   2740.0000000000000        0.0000000000000000        0.0000000000000000     
   2760.0000000000000        0.0000000000000000        0.0000000000000000     
   2780.0000000000000        0.0000000000000000        0.0000000000000000     
   2800.0000000000000        0.0000000000000000        0.0000000000000000     
   2820.0000000000000        0.0000000000000000        0.0000000000000000     
   2840.0000000000000        0.0000000000000000        0.0000000000000000     
   2860.0000000000000        0.0000000000000000        0.0000000000000000     
   2880.0000000000000        0.0000000000000000        0.0000000000000000     
   2900.0000000000000        0.0000000000000000        0.0000000000000000     
   2920.0000000000000        0.0000000000000000        0.0000000000000000     
   2940.0000000000000        0.0000000000000000        0.0000000000000000     
   2960.0000000000000        0.0000000000000000        0.0000000000000000     
   2980.0000000000000        0.0000000000000000        0.0000000000000000     
   3000.0000000000000        0.0000000000000000        0.0000000000000000     
   3020.0000000000000        0.0000000000000000        0.0000000000000000     
   3040.0000000000000        0.0000000000000000        0.0000000000000000     
   3060.0000000000000        0.0000000000000000        0.0000000000000000     
   3080.0000000000000        0.0000000000000000        0.0000000000000000     
   3100.0000000000000        0.0000000000000000        0.0000000000000000     
   3120.0000000000000        0.0000000000000000        0.0000000000000000     
   3140.0000000000000        0.0000000000000000        0.0000000000000000     
   3160.0000000000000        0.0000000000000000        0.0000000000000000     
   3180.0000000000000        0.0000000000000000        0.0000000000000000     
   3200.0000000000000        0.0000000000000000        0.0000000000000000     
   3220.0000000000000        0.0000000000000000        0.0000000000000000     
   3240.0000000000000        0.0000000000000000        0.0000000000000000     
   3260.0000000000000        0.0000000000000000        0.0000000000000000     
   3280.0000000000000        0.0000000000000000        0.0000000000000000     
   3300.0000000000000        0.0000000000000000        0.0000000000000000     
   3320.0000000000000        0.0000000000000000        0.0000000000000000     
   3340.0000000000000        0.0000000000000000        0.0000000000000000     
   3360.0000000000000        0.0000000000000000        0.0000000000000000     
   3380.0000000000000        0.0000000000000000        0.0000000000000000     
   3400.0000000000000        0.0000000000000000        0.0000000000000000     
   3420.0000000000000        0.0000000000000000        0.0000000000000000     
   3440.0000000000000        0.0000000000000000        0.0000000000000000     
   3460.0000000000000        0.0000000000000000        0.0000000000000000     
   3480.0000000000000        0.0000000000000000        0.0000000000000000     
   3500.0000000000000        0.0000000000000000        0.0000000000000000     
   3520.0000000000000        0.0000000000000000        0.0000000000000000     
   3540.0000000000000        0.0000000000000000        0.0000000000000000     
   3560.0000000000000        0.0000000000000000        0.0000000000000000     
   3580.0000000000000        0.0000000000000000        0.0000000000000000     
   3600.0000000000000        0.0000000000000000        0.0000000000000000     
   3620.0000000000000        0.0000000000000000        0.0000000000000000     
   3640.0000000000000        0.0000000000000000        0.0000000000000000     
   3660.0000000000000        0.0000000000000000        0.0000000000000000     
   3680.0000000000000        0.0000000000000000        0.0000000000000000     
   3700.0000000000000        0.0000000000000000        0.0000000000000000     
   3720.0000000000000        0.0000000000000000        0.0000000000000000     
   3740.0000000000000        0.0000000000000000        0.0000000000000000     
   3760.0000000000000        0.0000000000000000        0.0000000000000000     
   3780.0000000000000        0.0000000000000000        0.0000000000000000     
   3800.0000000000000        0.0000000000000000        0.0000000000000000     
   3820.0000000000000        0.0000000000000000        0.0000000000000000     
   3840.0000000000000        0.0000000000000000        0.0000000000000000     
   3860.0000000000000        0.0000000000000000        0.0000000000000000     
   3880.0000000000000        0.0000000000000000        0.0000000000000000     
   3900.0000000000000        0.0000000000000000        0.0000000000000000     
   3920.0000000000000        0.0000000000000000        0.0000000000000000     
   3940.0000000000000        0.0000000000000000        0.0000000000000000     
   3960.0000000000000        0.0000000000000000        0.0000000000000000     
   3980.0000000000000        0.0000000000000000        0.0000000000000000     
   4000.0000000000000        0.0000000000000000        0.0000000000000000     
   4020.0000000000000        0.0000000000000000        0.0000000000000000     
   4040.0000000000000        0.0000000000000000        0.0000000000000000     
   4060.0000000000000        0.0000000000000000        0.0000000000000000     
   4080.0000000000000        0.0000000000000000        0.0000000000000000     
   4100.0000000000000        0.0000000000000000        0.0000000000000000     
   4120.0000000000000        0.0000000000000000        0.0000000000000000     
   4140.0000000000000        0.0000000000000000        0.0000000000000000     
   4160.0000000000000        0.0000000000000000        0.0000000000000000     
   4180.0000000000000        0.0000000000000000        0.0000000000000000     
   4200.0000000000000        0.0000000000000000        0.0000000000000000     
   4220.0000000000000        0.0000000000000000        0.0000000000000000     
   4240.0000000000000        0.0000000000000000        0.0000000000000000     
   4260.0000000000000        0.0000000000000000        0.0000000000000000     
   4280.0000000000000        0.0000000000000000        0.0000000000000000     
   4300.0000000000000        0.0000000000000000        0.0000000000000000     
   4320.0000000000000        0.0000000000000000        0.0000000000000000     
   4340.0000000000000        0.0000000000000000        0.0000000000000000     
   4360.0000000000000        0.0000000000000000        0.0000000000000000     
   4380.0000000000000        0.0000000000000000        0.0000000000000000     
   4400.0000000000000        0.0000000000000000        0.0000000000000000     
   4420.0000000000000        0.0000000000000000        0.0000000000000000     
   4440.0000000000000        0.0000000000000000        0.0000000000000000     
   4460.0000000000000        0.0000000000000000        0.0000000000000000     
   4480.0000000000000        0.0000000000000000        0.0000000000000000     
   4500.0000000000000        0.0000000000000000        0.0000000000000000     
   4520.0000000000000        0.0000000000000000        0.0000000000000000     
   4540.0000000000000        0.0000000000000000        0.0000000000000000     
   4560.0000000000000        0.0000000000000000        0.0000000000000000     
   4580.0000000000000        0.0000000000000000        0.0000000000000000     
   4600.0000000000000        0.0000000000000000        0.0000000000000000     
   4620.0000000000000        0.0000000000000000        0.0000000000000000     
   4640.0000000000000        0.0000000000000000        0.0000000000000000     
   4660.0000000000000        0.0000000000000000        0.0000000000000000     
   4680.0000000000000        0.0000000000000000        0.0000000000000000     
   4700.0000000000000        0.0000000000000000        0.0000000000000000     
   4720.0000000000000        0.0000000000000000        0.0000000000000000     
   4740.0000000000000        0.0000000000000000        0.0000000000000000     
   4760.0000000000000        0.0000000000000000        0.0000000000000000     
   4780.0000000000000        0.0000000000000000        0.0000000000000000     
   4800.0000000000000        0.0000000000000000        0.0000000000000000     
   4820.0000000000000        0.0000000000000000        0.0000000000000000     
   4840.0000000000000        0.0000000000000000        0.0000000000000000     
   4860.0000000000000        0.0000000000000000        0.0000000000000000     
   4880.0000000000000        0.0000000000000000        0.0000000000000000     
   4900.0000000000000        0.0000000000000000        0.0000000000000000     
   4920.0000000000000        0.0000000000000000        0.0000000000000000     
   4940.0000000000000        0.0000000000000000        0.0000000000000000     
   4960.0000000000000        0.0000000000000000        0.0000000000000000     
   4980.0000000000000        0.0000000000000000        0.0000000000000000     
   5000.0000000000000        0.0000000000000000        0.0000000000000000     
   5020.0000000000000        0.0000000000000000        0.0000000000000000     
   5040.0000000000000        0.0000000000000000        0.0000000000000000     
   5060.0000000000000        0.0000000000000000        0.0000000000000000     
   5080.0000000000000        0.0000000000000000        0.0000000000000000     
   5100.0000000000000        0.0000000000000000        0.0000000000000000     
   5120.0000000000000        0.0000000000000000        0.0000000000000000     
   5140.0000000000000        0.0000000000000000        0.0000000000000000     
   5160.0000000000000        0.0000000000000000        0.0000000000000000     
   5180.0000000000000        0.0000000000000000        0.0000000000000000     
   5200.0000000000000        0.0000000000000000        0.0000000000000000     
   5220.0000000000000        0.0000000000000000        0.0000000000000000     
   5240.0000000000000        0.0000000000000000        0.0000000000000000     
   5260.0000000000000        0.0000000000000000        0.0000000000000000     
   5280.0000000000000        0.0000000000000000        0.0000000000000000     
   5300.0000000000000        0.0000000000000000        0.0000000000000000     
   5320.0000000000000        0.0000000000000000        0.0000000000000000     
   5340.0000000000000        0.0000000000000000        0.0000000000000000     
   5360.0000000000000        0.0000000000000000        0.0000000000000000     
   5380.0000000000000        0.0000000000000000        0.0000000000000000     
   5400.0000000000000        0.0000000000000000        0.0000000000000000     
   5420.0000000000000        0.0000000000000000        0.0000000000000000     
   5440.0000000000000        0.0000000000000000        0.0000000000000000     
   5460.0000000000000        0.0000000000000000        0.0000000000000000     
   5480.0000000000000        0.0000000000000000        0.0000000000000000     
   5500.0000000000000        0.0000000000000000        0.0000000000000000     
   5520.0000000000000        0.0000000000000000        0.0000000000000000     
   5540.0000000000000        0.0000000000000000        0.0000000000000000     
   5560.0000000000000        0.0000000000000000        0.0000000000000000     
   5580.0000000000000        0.0000000000000000        0.0000000000000000     
   5600.0000000000000        0.0000000000000000        0.0000000000000000     
   5620.0000000000000        0.0000000000000000        0.0000000000000000     
   5640.0000000000000        0.0000000000000000        0.0000000000000000     
   5660.0000000000000        0.0000000000000000        0.0000000000000000     
   5680.0000000000000        0.0000000000000000        0.0000000000000000     
   5700.0000000000000        0.0000000000000000        0.0000000000000000     
   5720.0000000000000        0.0000000000000000        0.0000000000000000     
   5740.0000000000000        0.0000000000000000        0.0000000000000000     
   5760.0000000000000        0.0000000000000000        0.0000000000000000     
   5780.0000000000000        0.0000000000000000        0.0000000000000000     
   5800.0000000000000        0.0000000000000000        0.0000000000000000     
   5820.0000000000000        0.0000000000000000        0.0000000000000000     
   5840.0000000000000        0.0000000000000000        0.0000000000000000     
   5860.0000000000000        0.0000000000000000        0.0000000000000000     
   5880.0000000000000        0.0000000000000000        0.0000000000000000     
   5900.0000000000000        0.0000000000000000        0.0000000000000000     
   5920.0000000000000        0.0000000000000000        0.0000000000000000     
   5940.0000000000000        0.0000000000000000        0.0000000000000000     
   5960.0000000000000        0.0000000000000000        0.0000000000000000     
   5980.0000000000000        0.0000000000000000        0.0000000000000000     
   6000.0000000000000        0.0000000000000000        0.0000000000000000     
