  -2.3750000000000000        8.3498628599999993E-005   2.0735684262526771E-006
  -2.1250000000000000        1.1230374523000000E-004   2.7760243185673673E-006
  -1.8750000000000000        1.4333650585000000E-004   2.3325915129207367E-006
  -1.6250000000000000        1.8433665640000001E-004   3.3023018009334230E-006
  -1.3750000000000000        2.1117763186999998E-004   3.3486503155882238E-006
  -1.1250000000000000        2.3945045664999998E-004   3.0140525665078396E-006
 -0.87500000000000000        2.7421100110000004E-004   3.1008293746350562E-006
 -0.62500000000000000        3.0305484130000002E-004   3.7775954759413931E-006
 -0.37500000000000000        3.1779690349999999E-004   4.3616440696088273E-006
 -0.12500000000000000        3.1717902109999996E-004   3.6145374906397611E-006
  0.12500000000000000        3.1912544540000000E-004   3.7503513082395584E-006
  0.37500000000000000        3.2816953839999999E-004   4.9190766415007527E-006
  0.62500000000000000        3.0337188730000000E-004   3.5148139157300822E-006
  0.87500000000000000        2.8810677129999999E-004   3.9832421400691207E-006
   1.1250000000000000        2.5286350290000000E-004   4.3492029205736516E-006
   1.3750000000000000        2.2957656359000000E-004   4.9108280896562813E-006
   1.6250000000000000        1.9024802715999998E-004   2.8853793857841234E-006
   1.8750000000000000        1.5560900179000000E-004   3.2182629668819030E-006
   2.1250000000000000        1.1989192033000000E-004   3.5036552313061939E-006
   2.3750000000000000        8.8315708539999998E-005   2.0852530419535414E-006
