   10.000000000000000        2.1886307119999998E-005   3.5307132353309846E-007
   30.000000000000000        5.7235016300000002E-005   2.5179176471963717E-006
   50.000000000000000        3.2766031570199999E-002   3.2672814000701003E-002
   70.000000000000000        3.8446609639999999E-005   5.1275965767996784E-007
   90.000000000000000        3.0921321360000003E-005   3.0258266726803335E-007
   110.00000000000000        2.5920399480000002E-005   1.7347329256342978E-007
   130.00000000000000        2.2703011269999998E-005   1.7663841011004967E-007
   150.00000000000000        1.9577300799999999E-005   1.3723390901943854E-007
   170.00000000000000        1.6443059130000001E-005   1.1082291202340042E-007
   190.00000000000000        1.3777533640000001E-005   9.8271858183755721E-008
   210.00000000000000        1.1734087380000001E-005   9.7115067741330976E-008
   230.00000000000000        9.7304217169999999E-006   1.0985361408926366E-007
   250.00000000000000        8.1578794920000000E-006   6.1801779674534984E-008
   270.00000000000000        6.5770774030000004E-006   5.2887348905382778E-008
   290.00000000000000        5.6827727469999995E-006   5.4933706617707028E-008
   310.00000000000000        4.6384933460000008E-006   4.4273666233377670E-008
   330.00000000000000        3.9165909570000000E-006   3.7793934603715295E-008
   350.00000000000000        3.3343862229999999E-006   3.5293816063420585E-008
   370.00000000000000        2.8415747490000002E-006   3.2384479558400387E-008
   390.00000000000000        2.3630078820000001E-006   2.8034507312525211E-008
   410.00000000000000        2.0300421610000000E-006   2.7908972285456151E-008
   430.00000000000000        1.6937064700000002E-006   2.6221275036166985E-008
   450.00000000000000        1.4595506430000000E-006   2.2160149864663788E-008
   470.00000000000000        1.2644736960000000E-006   2.0189909819018062E-008
   490.00000000000000        1.0786065720000001E-006   1.8317632563134834E-008
   510.00000000000000        9.1656773600000000E-007   1.9702573024326694E-008
   530.00000000000000        8.0824875599999999E-007   1.5536807454443698E-008
   550.00000000000000        6.7124719499999992E-007   1.4067956565627049E-008
   570.00000000000000        5.7582406900000002E-007   1.2901091886649985E-008
   590.00000000000000        5.3236647500000002E-007   1.2766496712499054E-008
   610.00000000000000        4.6231048070000000E-007   1.3986577837392712E-008
   630.00000000000000        4.0984714600000000E-007   1.1236897591100533E-008
   650.00000000000000        3.5696679919999997E-007   1.0165406418764497E-008
   670.00000000000000        3.0783460960000004E-007   9.7959139121948586E-009
   690.00000000000000        2.7906295819999999E-007   9.8706388587809864E-009
   710.00000000000000        2.3567458070000000E-007   8.4205524460115239E-009
   730.00000000000000        2.1399696130000001E-007   7.8702364997945031E-009
   750.00000000000000        1.8219278600000001E-007   8.0207710939107920E-009
   770.00000000000000        1.5879297970000001E-007   6.7056534833363558E-009
   790.00000000000000        1.4510217320000001E-007   6.4316438881140771E-009
   810.00000000000000        1.3053869059999999E-007   6.3156694017844136E-009
   830.00000000000000        1.1666479120000001E-007   6.8617845647157140E-009
   850.00000000000000        1.0430125649999999E-007   5.4269538137453402E-009
   870.00000000000000        8.5191961799999991E-008   4.8255414985933760E-009
   890.00000000000000        7.4156907799999987E-008   4.5912695346328283E-009
   910.00000000000000        7.8112619200000004E-008   4.9171194036393890E-009
   930.00000000000000        8.0646715999999996E-008   1.5265652711942687E-008
   950.00000000000000        6.2904022199999996E-008   4.2292999067960413E-009
   970.00000000000000        5.3755728799999995E-008   3.9246099459791736E-009
   990.00000000000000        4.9397612900000001E-008   3.7242072219820806E-009
   1010.0000000000000        4.3068042089999996E-008   3.4650860644939208E-009
   1030.0000000000000        3.4657834700000004E-008   3.1943816041530071E-009
   1050.0000000000000        3.3295199720000003E-008   3.0486363782391284E-009
   1070.0000000000000        3.4798507460000000E-008   3.1457480318792778E-009
   1090.0000000000000        2.3758948520000003E-008   2.5622554713535364E-009
   1110.0000000000000        2.3969184360000001E-008   2.6749899167601442E-009
   1130.0000000000000        2.2582045040000000E-008   2.5476559102849369E-009
   1150.0000000000000        2.1683235689999999E-008   2.4666688720648056E-009
   1170.0000000000000        1.9473466410000000E-008   2.3405617032179933E-009
   1190.0000000000000        2.0156427789999998E-008   2.3522330337229368E-009
   1210.0000000000000        1.8661027309999999E-008   2.3366602294134178E-009
   1230.0000000000000        1.6289530500000000E-008   2.1368351150121295E-009
   1250.0000000000000        1.2421020000000001E-008   1.8474402000000000E-009
   1270.0000000000000        1.0767177320000000E-008   1.7954620972459520E-009
   1290.0000000000000        9.0613393800000002E-009   1.6094763879333994E-009
   1310.0000000000000        1.0395610030000000E-008   1.6924573568659917E-009
   1330.0000000000000        1.0920760800000000E-008   1.7079587415870351E-009
   1350.0000000000000        7.4467971000000003E-009   1.4322576616094280E-009
   1370.0000000000000        6.6303382200000004E-009   1.3305449779354708E-009
   1390.0000000000000        7.4969825000000003E-009   1.4695028828487424E-009
   1410.0000000000000        6.3711489100000006E-009   1.3053329673678301E-009
   1430.0000000000000        5.5205345350000002E-009   1.2443613919757356E-009
   1450.0000000000000        4.3975087600000003E-009   1.0704883322589602E-009
   1470.0000000000000        6.0445915799999997E-009   1.2568768775780107E-009
   1490.0000000000000        2.6661625999999998E-009   8.6237263999999996E-010
   1510.0000000000000        5.5443994900000000E-009   1.2366102871356100E-009
   1530.0000000000000        4.0567150300000000E-009   1.0293884061404690E-009
   1550.0000000000000        2.5600145100000002E-009   8.3302862741597562E-010
   1570.0000000000000        3.5296737400000000E-009   9.7251387797734602E-010
   1590.0000000000000        1.8648085999999999E-009   7.1743537000000001E-010
   1610.0000000000000        2.1287815999999999E-009   8.2438799999999997E-010
   1630.0000000000000        3.0782640700000002E-009   8.7517566117908379E-010
   1650.0000000000000        2.6457248699999998E-009   8.2396635126966690E-010
   1670.0000000000000        1.6603193999999999E-009   6.8909380999999996E-010
   1690.0000000000000        6.7542972999999995E-010   4.1393411496047976E-010
   1710.0000000000000        1.7088241000000000E-009   6.5404211999999998E-010
   1730.0000000000000        1.8227309300000000E-009   7.1628459485221325E-010
   1750.0000000000000        5.5272007000000003E-010   3.9915313999999999E-010
   1770.0000000000000        3.3147403000000001E-010   3.3105943999999998E-010
   1790.0000000000000        7.7426215000000004E-010   4.5523163000000001E-010
   1810.0000000000000        9.9703590000000004E-010   5.7536104999999999E-010
   1830.0000000000000        6.3541732499999994E-010   4.2121033290249747E-010
   1850.0000000000000        1.5704958000000000E-009   6.5397324999999997E-010
   1870.0000000000000        1.0931790000000000E-009   5.5688034999999995E-010
   1890.0000000000000        5.4645957999999998E-010   3.9208905999999999E-010
   1910.0000000000000        1.1907592000000001E-009   5.3928669999999999E-010
   1930.0000000000000        7.6587623000000000E-010   4.5234970999999999E-010
   1950.0000000000000        7.6805187999999995E-010   4.4793169449451667E-010
   1970.0000000000000        1.5715948000000000E-009   6.5709347000000000E-010
   1990.0000000000000        1.3121694100000001E-009   6.5619372034518662E-010
   2010.0000000000000        3.2859182999999998E-010   3.2818083000000002E-010
   2030.0000000000000        2.1193345000000000E-010   2.1166838000000000E-010
   2050.0000000000000        0.0000000000000000        0.0000000000000000     
   2070.0000000000000        4.5552416000000002E-010   3.2185250999999999E-010
   2090.0000000000000        2.1291375000000000E-010   2.1264745000000000E-010
   2110.0000000000000        0.0000000000000000        0.0000000000000000     
   2130.0000000000000        4.0574689499999999E-010   3.3879417847239054E-010
   2150.0000000000000        7.0168680000000000E-010   4.9556128999999995E-010
   2170.0000000000000        4.4501282000000000E-010   3.1430740000000002E-010
   2190.0000000000000        0.0000000000000000        0.0000000000000000     
   2210.0000000000000        0.0000000000000000        0.0000000000000000     
   2230.0000000000000        2.1558681000000001E-010   2.1531716000000000E-010
   2250.0000000000000        0.0000000000000000        0.0000000000000000     
   2270.0000000000000        3.4124420999999999E-010   3.4081739000000002E-010
   2290.0000000000000        3.4320924000000002E-010   3.4277996000000001E-010
   2310.0000000000000        0.0000000000000000        0.0000000000000000     
   2330.0000000000000        0.0000000000000000        0.0000000000000000     
   2350.0000000000000        0.0000000000000000        0.0000000000000000     
   2370.0000000000000        0.0000000000000000        0.0000000000000000     
   2390.0000000000000        0.0000000000000000        0.0000000000000000     
   2410.0000000000000        2.1692684000000001E-010   2.1665552000000000E-010
   2430.0000000000000        9.5871695000000003E-010   5.5283924999999999E-010
   2450.0000000000000        0.0000000000000000        0.0000000000000000     
   2470.0000000000000        0.0000000000000000        0.0000000000000000     
   2490.0000000000000        0.0000000000000000        0.0000000000000000     
   2510.0000000000000        0.0000000000000000        0.0000000000000000     
   2530.0000000000000        0.0000000000000000        0.0000000000000000     
   2550.0000000000000        0.0000000000000000        0.0000000000000000     
   2570.0000000000000        0.0000000000000000        0.0000000000000000     
   2590.0000000000000        3.3165214000000001E-010   3.3123732999999998E-010
   2610.0000000000000        0.0000000000000000        0.0000000000000000     
   2630.0000000000000        0.0000000000000000        0.0000000000000000     
   2650.0000000000000        0.0000000000000000        0.0000000000000000     
   2670.0000000000000        0.0000000000000000        0.0000000000000000     
   2690.0000000000000        0.0000000000000000        0.0000000000000000     
   2710.0000000000000        0.0000000000000000        0.0000000000000000     
   2730.0000000000000        0.0000000000000000        0.0000000000000000     
   2750.0000000000000        1.4787507999999999E-010   1.4769012000000000E-010
   2770.0000000000000       -2.2287419000000000E-010   2.2259543000000000E-010
   2790.0000000000000        0.0000000000000000        0.0000000000000000     
   2810.0000000000000        0.0000000000000000        0.0000000000000000     
   2830.0000000000000        0.0000000000000000        0.0000000000000000     
   2850.0000000000000        0.0000000000000000        0.0000000000000000     
   2870.0000000000000        0.0000000000000000        0.0000000000000000     
   2890.0000000000000        0.0000000000000000        0.0000000000000000     
   2910.0000000000000        0.0000000000000000        0.0000000000000000     
   2930.0000000000000        0.0000000000000000        0.0000000000000000     
   2950.0000000000000        0.0000000000000000        0.0000000000000000     
   2970.0000000000000        0.0000000000000000        0.0000000000000000     
   2990.0000000000000        0.0000000000000000        0.0000000000000000     
   3010.0000000000000        0.0000000000000000        0.0000000000000000     
   3030.0000000000000        0.0000000000000000        0.0000000000000000     
   3050.0000000000000        0.0000000000000000        0.0000000000000000     
   3070.0000000000000        0.0000000000000000        0.0000000000000000     
   3090.0000000000000        0.0000000000000000        0.0000000000000000     
   3110.0000000000000        0.0000000000000000        0.0000000000000000     
   3130.0000000000000        0.0000000000000000        0.0000000000000000     
   3150.0000000000000        0.0000000000000000        0.0000000000000000     
   3170.0000000000000        0.0000000000000000        0.0000000000000000     
   3190.0000000000000        0.0000000000000000        0.0000000000000000     
   3210.0000000000000        0.0000000000000000        0.0000000000000000     
   3230.0000000000000        0.0000000000000000        0.0000000000000000     
   3250.0000000000000        0.0000000000000000        0.0000000000000000     
   3270.0000000000000        0.0000000000000000        0.0000000000000000     
   3290.0000000000000        0.0000000000000000        0.0000000000000000     
   3310.0000000000000        0.0000000000000000        0.0000000000000000     
   3330.0000000000000        0.0000000000000000        0.0000000000000000     
   3350.0000000000000        0.0000000000000000        0.0000000000000000     
   3370.0000000000000        0.0000000000000000        0.0000000000000000     
   3390.0000000000000        0.0000000000000000        0.0000000000000000     
   3410.0000000000000        0.0000000000000000        0.0000000000000000     
   3430.0000000000000        0.0000000000000000        0.0000000000000000     
   3450.0000000000000        0.0000000000000000        0.0000000000000000     
   3470.0000000000000        0.0000000000000000        0.0000000000000000     
   3490.0000000000000        0.0000000000000000        0.0000000000000000     
   3510.0000000000000        0.0000000000000000        0.0000000000000000     
   3530.0000000000000        0.0000000000000000        0.0000000000000000     
   3550.0000000000000        0.0000000000000000        0.0000000000000000     
   3570.0000000000000        0.0000000000000000        0.0000000000000000     
   3590.0000000000000        0.0000000000000000        0.0000000000000000     
   3610.0000000000000        0.0000000000000000        0.0000000000000000     
   3630.0000000000000        0.0000000000000000        0.0000000000000000     
   3650.0000000000000        0.0000000000000000        0.0000000000000000     
   3670.0000000000000        0.0000000000000000        0.0000000000000000     
   3690.0000000000000        0.0000000000000000        0.0000000000000000     
   3710.0000000000000        0.0000000000000000        0.0000000000000000     
   3730.0000000000000        0.0000000000000000        0.0000000000000000     
   3750.0000000000000        0.0000000000000000        0.0000000000000000     
   3770.0000000000000        0.0000000000000000        0.0000000000000000     
   3790.0000000000000        0.0000000000000000        0.0000000000000000     
   3810.0000000000000        0.0000000000000000        0.0000000000000000     
   3830.0000000000000        0.0000000000000000        0.0000000000000000     
   3850.0000000000000        0.0000000000000000        0.0000000000000000     
   3870.0000000000000        0.0000000000000000        0.0000000000000000     
   3890.0000000000000        0.0000000000000000        0.0000000000000000     
   3910.0000000000000        0.0000000000000000        0.0000000000000000     
   3930.0000000000000        0.0000000000000000        0.0000000000000000     
   3950.0000000000000        0.0000000000000000        0.0000000000000000     
   3970.0000000000000        0.0000000000000000        0.0000000000000000     
   3990.0000000000000        0.0000000000000000        0.0000000000000000     
   4010.0000000000000        0.0000000000000000        0.0000000000000000     
   4030.0000000000000        0.0000000000000000        0.0000000000000000     
   4050.0000000000000        0.0000000000000000        0.0000000000000000     
   4070.0000000000000        0.0000000000000000        0.0000000000000000     
   4090.0000000000000        0.0000000000000000        0.0000000000000000     
   4110.0000000000000        0.0000000000000000        0.0000000000000000     
   4130.0000000000000        0.0000000000000000        0.0000000000000000     
   4150.0000000000000        0.0000000000000000        0.0000000000000000     
   4170.0000000000000        0.0000000000000000        0.0000000000000000     
   4190.0000000000000        0.0000000000000000        0.0000000000000000     
   4210.0000000000000        0.0000000000000000        0.0000000000000000     
   4230.0000000000000        0.0000000000000000        0.0000000000000000     
   4250.0000000000000        0.0000000000000000        0.0000000000000000     
   4270.0000000000000        0.0000000000000000        0.0000000000000000     
   4290.0000000000000        0.0000000000000000        0.0000000000000000     
   4310.0000000000000        0.0000000000000000        0.0000000000000000     
   4330.0000000000000        0.0000000000000000        0.0000000000000000     
   4350.0000000000000        0.0000000000000000        0.0000000000000000     
   4370.0000000000000        0.0000000000000000        0.0000000000000000     
   4390.0000000000000        0.0000000000000000        0.0000000000000000     
   4410.0000000000000        0.0000000000000000        0.0000000000000000     
   4430.0000000000000        0.0000000000000000        0.0000000000000000     
   4450.0000000000000        0.0000000000000000        0.0000000000000000     
   4470.0000000000000        0.0000000000000000        0.0000000000000000     
   4490.0000000000000        0.0000000000000000        0.0000000000000000     
   4510.0000000000000        0.0000000000000000        0.0000000000000000     
   4530.0000000000000        0.0000000000000000        0.0000000000000000     
   4550.0000000000000        0.0000000000000000        0.0000000000000000     
   4570.0000000000000        0.0000000000000000        0.0000000000000000     
   4590.0000000000000        0.0000000000000000        0.0000000000000000     
   4610.0000000000000        0.0000000000000000        0.0000000000000000     
   4630.0000000000000        0.0000000000000000        0.0000000000000000     
   4650.0000000000000        0.0000000000000000        0.0000000000000000     
   4670.0000000000000        0.0000000000000000        0.0000000000000000     
   4690.0000000000000        0.0000000000000000        0.0000000000000000     
   4710.0000000000000        0.0000000000000000        0.0000000000000000     
   4730.0000000000000        0.0000000000000000        0.0000000000000000     
   4750.0000000000000        0.0000000000000000        0.0000000000000000     
   4770.0000000000000        0.0000000000000000        0.0000000000000000     
   4790.0000000000000        0.0000000000000000        0.0000000000000000     
   4810.0000000000000        0.0000000000000000        0.0000000000000000     
   4830.0000000000000        0.0000000000000000        0.0000000000000000     
   4850.0000000000000        0.0000000000000000        0.0000000000000000     
   4870.0000000000000        0.0000000000000000        0.0000000000000000     
   4890.0000000000000        0.0000000000000000        0.0000000000000000     
   4910.0000000000000        0.0000000000000000        0.0000000000000000     
   4930.0000000000000        0.0000000000000000        0.0000000000000000     
   4950.0000000000000        0.0000000000000000        0.0000000000000000     
   4970.0000000000000        0.0000000000000000        0.0000000000000000     
   4990.0000000000000        0.0000000000000000        0.0000000000000000     
   5010.0000000000000        0.0000000000000000        0.0000000000000000     
   5030.0000000000000        0.0000000000000000        0.0000000000000000     
   5050.0000000000000        0.0000000000000000        0.0000000000000000     
   5070.0000000000000        0.0000000000000000        0.0000000000000000     
   5090.0000000000000        0.0000000000000000        0.0000000000000000     
   5110.0000000000000        0.0000000000000000        0.0000000000000000     
   5130.0000000000000        0.0000000000000000        0.0000000000000000     
   5150.0000000000000        0.0000000000000000        0.0000000000000000     
   5170.0000000000000        0.0000000000000000        0.0000000000000000     
   5190.0000000000000        0.0000000000000000        0.0000000000000000     
   5210.0000000000000        0.0000000000000000        0.0000000000000000     
   5230.0000000000000        0.0000000000000000        0.0000000000000000     
   5250.0000000000000        0.0000000000000000        0.0000000000000000     
   5270.0000000000000        0.0000000000000000        0.0000000000000000     
   5290.0000000000000        0.0000000000000000        0.0000000000000000     
   5310.0000000000000        0.0000000000000000        0.0000000000000000     
   5330.0000000000000        0.0000000000000000        0.0000000000000000     
   5350.0000000000000        0.0000000000000000        0.0000000000000000     
   5370.0000000000000        0.0000000000000000        0.0000000000000000     
   5390.0000000000000        0.0000000000000000        0.0000000000000000     
   5410.0000000000000        0.0000000000000000        0.0000000000000000     
   5430.0000000000000        0.0000000000000000        0.0000000000000000     
   5450.0000000000000        0.0000000000000000        0.0000000000000000     
   5470.0000000000000        0.0000000000000000        0.0000000000000000     
   5490.0000000000000        0.0000000000000000        0.0000000000000000     
   5510.0000000000000        0.0000000000000000        0.0000000000000000     
   5530.0000000000000        0.0000000000000000        0.0000000000000000     
   5550.0000000000000        0.0000000000000000        0.0000000000000000     
   5570.0000000000000        0.0000000000000000        0.0000000000000000     
   5590.0000000000000        0.0000000000000000        0.0000000000000000     
   5610.0000000000000        0.0000000000000000        0.0000000000000000     
   5630.0000000000000        0.0000000000000000        0.0000000000000000     
   5650.0000000000000        0.0000000000000000        0.0000000000000000     
   5670.0000000000000        0.0000000000000000        0.0000000000000000     
   5690.0000000000000        0.0000000000000000        0.0000000000000000     
   5710.0000000000000        0.0000000000000000        0.0000000000000000     
   5730.0000000000000        0.0000000000000000        0.0000000000000000     
   5750.0000000000000        0.0000000000000000        0.0000000000000000     
   5770.0000000000000        0.0000000000000000        0.0000000000000000     
   5790.0000000000000        0.0000000000000000        0.0000000000000000     
   5810.0000000000000        0.0000000000000000        0.0000000000000000     
   5830.0000000000000        0.0000000000000000        0.0000000000000000     
   5850.0000000000000        0.0000000000000000        0.0000000000000000     
   5870.0000000000000        0.0000000000000000        0.0000000000000000     
   5890.0000000000000        0.0000000000000000        0.0000000000000000     
   5910.0000000000000        0.0000000000000000        0.0000000000000000     
   5930.0000000000000        0.0000000000000000        0.0000000000000000     
   5950.0000000000000        0.0000000000000000        0.0000000000000000     
   5970.0000000000000        0.0000000000000000        0.0000000000000000     
   5990.0000000000000        0.0000000000000000        0.0000000000000000     
