  -4.3750000000000000        1.5634927810000000E-004   5.6488279714079725E-006
  -4.1250000000000000        2.3310868559999999E-004   6.1358763035368767E-006
  -3.8750000000000000        3.4175252799999997E-004   7.6227114605737466E-006
  -3.6250000000000000        4.5734904300000001E-004   9.6933969064689342E-006
  -3.3750000000000000        5.9257381319999995E-004   8.6930174663189012E-006
  -3.1250000000000000        7.3020680100000001E-004   3.0487081686017062E-005
  -2.8750000000000000        8.1362270729999999E-004   1.0707083251158718E-005
  -2.6250000000000000        8.9540439599999997E-004   1.0142008033463764E-005
  -2.3750000000000000        9.8562893400000007E-004   1.3715017158627880E-005
  -2.1250000000000000        1.0322229500000001E-003   1.3447579104590597E-005
  -1.8750000000000000        1.0856942280000001E-003   1.8330964606307332E-005
  -1.6250000000000000        1.0405820399999998E-003   3.7340030564389817E-005
  -1.3750000000000000        1.0599898339999998E-003   1.3351832343188977E-005
  -1.1250000000000000        1.0384154860000000E-003   1.5301975019582699E-005
 -0.87500000000000000        1.0448386740000001E-003   1.9337396343375798E-005
 -0.62500000000000000        1.0190087810000002E-003   1.6978185399075963E-005
 -0.37500000000000000        1.0219433620000001E-003   2.0549242940884762E-005
 -0.12500000000000000        1.0042967720000000E-003   2.1668592062926206E-005
  0.12500000000000000        1.1604260020000000E-003   1.9442194013244418E-004
  0.37500000000000000        9.9969514599999995E-004   1.4173698214290697E-005
  0.62500000000000000        9.9681077799999981E-004   1.4897111293541979E-005
  0.87500000000000000        1.0178478950000000E-003   2.1208015418555153E-005
   1.1250000000000000        1.0225540189999999E-003   1.6940112767918783E-005
   1.3750000000000000        1.0716294720000000E-003   2.5570774393143202E-005
   1.6250000000000000        1.0553926310000001E-003   1.4428929439340510E-005
   1.8750000000000000        1.0825044040000001E-003   3.4408682943379061E-005
   2.1250000000000000        1.0076821540000000E-003   1.4690248846213307E-005
   2.3750000000000000        9.8465601599999992E-004   1.6359470616621127E-005
   2.6250000000000000        9.0600086200000004E-004   1.0818292392474186E-005
   2.8750000000000000        2.6179455696417002        2.6138251000002559     
   3.1250000000000000        7.3800198579999996E-004   1.1268140831179508E-005
   3.3750000000000000        6.0295226729999997E-004   9.0834058259857816E-006
   3.6250000000000000        4.8052795950000003E-004   7.8116610011471690E-006
   3.8750000000000000        3.5546287779999997E-004   9.4004617364584008E-006
   4.1250000000000000        2.6225340879999998E-004   1.1030086567945953E-005
   4.3750000000000000        1.7538557089999998E-004   9.5543667272454071E-006
