   25.000000000000000        0.0000000000000000        0.0000000000000000     
   75.000000000000000        0.0000000000000000        0.0000000000000000     
   125.00000000000000        0.0000000000000000        0.0000000000000000     
   175.00000000000000        0.0000000000000000        0.0000000000000000     
   225.00000000000000        0.0000000000000000        0.0000000000000000     
   275.00000000000000        0.0000000000000000        0.0000000000000000     
   325.00000000000000        0.0000000000000000        0.0000000000000000     
   375.00000000000000        0.0000000000000000        0.0000000000000000     
   425.00000000000000        0.0000000000000000        0.0000000000000000     
   475.00000000000000        0.0000000000000000        0.0000000000000000     
   525.00000000000000        7.8306762289999997E-007   9.7015999789286638E-009
   575.00000000000000        8.1079614500000003E-007   1.0008539122310248E-008
   625.00000000000000        8.2964058700000002E-007   1.0151410497355343E-008
   675.00000000000000        8.2082298360000001E-007   1.0422856071342472E-008
   725.00000000000000        8.2995657749999997E-007   1.0107115224875810E-008
   775.00000000000000        8.2353467570000003E-007   1.0309295980508754E-008
   825.00000000000000        8.0724256630000002E-007   1.0348024556543707E-008
   875.00000000000000        7.8849455399999999E-007   1.0024313871564641E-008
   925.00000000000000        7.7507565319999992E-007   9.9137463356339172E-009
   975.00000000000000        7.2588682080000002E-007   9.5760070853843900E-009
   1025.0000000000000        7.0521097680000001E-007   1.0239610109887481E-008
   1075.0000000000000        6.9033002899999996E-007   9.4430530322864550E-009
   1125.0000000000000        6.5022307709999997E-007   9.5479782465094262E-009
   1175.0000000000000        6.3288138100000002E-007   9.2266043086870476E-009
   1225.0000000000000        6.0047436329999999E-007   8.9977589383349954E-009
   1275.0000000000000        5.8221264209999999E-007   9.9153566511885495E-009
   1325.0000000000000        5.4068722330000000E-007   9.2824887884371420E-009
   1375.0000000000000        5.2555733740000001E-007   9.3393348130528614E-009
   1425.0000000000000        4.9208931100000000E-007   8.3993164761553323E-009
   1475.0000000000000        4.7314402559999997E-007   8.5171603863387889E-009
   1525.0000000000000        4.5670023650000002E-007   8.3868903288996382E-009
   1575.0000000000000        4.1758683550000003E-007   8.0514528794695749E-009
   1625.0000000000000        4.0962801370000003E-007   8.2891555525968423E-009
   1675.0000000000000        3.8502360618000000E-007   8.0446980420483681E-009
   1725.0000000000000        3.7351464969999998E-007   9.0050101051448386E-009
   1775.0000000000000        3.3926666400000002E-007   8.6896933091960715E-009
   1825.0000000000000        3.3040701367999998E-007   8.2161317756950029E-009
   1875.0000000000000        3.1661718000000003E-007   8.2282265188141258E-009
   1925.0000000000000        3.0971416290000003E-007   8.2828160663131388E-009
   1975.0000000000000        2.8430275973000002E-007   7.2206278423242373E-009
   2025.0000000000000        2.6802929480000005E-007   8.3289560963011665E-009
   2075.0000000000000        2.5253030380000000E-007   8.5127287733846179E-009
   2125.0000000000000        2.5017574050000004E-007   8.4966509789241356E-009
   2175.0000000000000        2.3340202020999999E-007   9.3521588792815337E-009
   2225.0000000000000        2.2130163350000000E-007   7.7584781528579472E-009
   2275.0000000000000        2.1271132527999999E-007   7.6867505385425413E-009
   2325.0000000000000        1.9011374350000000E-007   7.0621559089100048E-009
   2375.0000000000000        1.8554327956999998E-007   9.6369548106595682E-009
   2425.0000000000000        1.7564933995999998E-007   6.9850534828604114E-009
   2475.0000000000000        1.6295816795000001E-007   6.9112605968696088E-009
   2525.0000000000000        1.5152964496000000E-007   6.5951343683443103E-009
   2575.0000000000000        1.4591332274000001E-007   6.6299701755167088E-009
   2625.0000000000000        1.4624991997999999E-007   6.9728927227847151E-009
   2675.0000000000000        1.3139444349999999E-007   6.2255746192171086E-009
   2725.0000000000000        1.1821211390000001E-007   6.0250050692914683E-009
   2775.0000000000000        1.0434715438000000E-007   6.8274202391750195E-009
   2825.0000000000000        1.0738231130000000E-007   6.4300549305631354E-009
   2875.0000000000000        9.8519630599999990E-008   5.8240325722223604E-009
   2925.0000000000000        9.3208426190000005E-008   5.9566900523795683E-009
   2975.0000000000000        8.7622390129999997E-008   5.5325197604281293E-009
   3025.0000000000000        9.3145799915000000E-008   8.0687965607655057E-009
   3075.0000000000000        8.0131145110000001E-008   5.2257178804789869E-009
   3125.0000000000000        6.7667038739999996E-008   4.1299872674064002E-009
   3175.0000000000000        7.7161732070000001E-008   9.0634458677450148E-009
   3225.0000000000000        7.8782408613000002E-008   9.5816322114535907E-009
   3275.0000000000000        7.0552198060000001E-008   6.3852451543730145E-009
   3325.0000000000000        5.5649142000000003E-008   5.0166683999999997E-009
   3375.0000000000000        4.8421566432000001E-008   4.6507425766625363E-009
   3425.0000000000000        5.4318867489999996E-008   6.7831642406010235E-009
   3475.0000000000000        4.9062083410000001E-008   5.6019347705538064E-009
   3525.0000000000000        4.4613638489999999E-008   6.8531352725092449E-009
   3575.0000000000000        3.9746572930000004E-008   4.7515901474130333E-009
   3625.0000000000000        3.9990057229999996E-008   4.6959340437929368E-009
   3675.0000000000000        3.3598159000000002E-008   4.1739897999999999E-009
   3725.0000000000000        3.7994943689999996E-008   4.2607553193497809E-009
   3775.0000000000000        3.2395024999999998E-008   4.6739903999999996E-009
   3825.0000000000000        2.8398406000000001E-008   4.1745835999999998E-009
   3875.0000000000000        3.1936651000000001E-008   6.4630071000000003E-009
   3925.0000000000000        4.7071170999999997E-008   2.0230762000000001E-008
   3975.0000000000000        2.2687518000000000E-008   3.9216368000000003E-009
   4025.0000000000000        3.5550454930000000E-008   9.3034186448625128E-009
   4075.0000000000000        2.3388612530000000E-008   8.2645809983052561E-009
   4125.0000000000000        1.4616812999999999E-008   2.0155150000000001E-009
   4175.0000000000000        1.2774082000000000E-008   2.5854816000000001E-009
   4225.0000000000000        1.8345337669999999E-008   5.1488013483473253E-009
   4275.0000000000000        3.5743645500000003E-008   1.3429623176930486E-008
   4325.0000000000000        1.6502416000000001E-008   4.1334589000000004E-009
   4375.0000000000000        1.8051904000000001E-008   4.4452565000000001E-009
   4425.0000000000000        1.8819791999999999E-008   6.8736163000000002E-009
   4475.0000000000000        2.9734363900000002E-008   1.6863223498209293E-008
   4525.0000000000000        6.2085314999999999E-009   1.2133958000000001E-009
   4575.0000000000000        1.5428307000000000E-008   9.8885152999999994E-009
   4625.0000000000000        1.7883019999999998E-008   8.3558138000000007E-009
   4675.0000000000000        2.7013685999999999E-008   1.4694237000000000E-008
   4725.0000000000000        6.8940599999999997E-009   1.7511174000000000E-009
   4775.0000000000000        1.0257364999999999E-008   4.0528700999999999E-009
   4825.0000000000000        6.0438215999999996E-009   2.5093135000000002E-009
   4875.0000000000000        1.6875646000000001E-008   1.0620446000000000E-008
   4925.0000000000000        6.9121470999999999E-009   3.9329628000000001E-009
   4975.0000000000000        5.2894561000000001E-009   2.0593970000000000E-009
   5025.0000000000000        1.3240970000000000E-008   6.5055148999999997E-009
   5075.0000000000000        2.3298996999999999E-009   9.7119297000000003E-010
   5125.0000000000000        4.3044151000000000E-009   2.0271769088467755E-009
   5175.0000000000000        2.1538592000000000E-009   1.1748153000000000E-009
   5225.0000000000000        2.6264745000000001E-009   9.7140881999999997E-010
   5275.0000000000000        2.7797840000000001E-009   1.5026878000000000E-009
   5325.0000000000000        2.9311442000000000E-009   1.2367640000000000E-009
   5375.0000000000000        4.3699309999999999E-009   2.2376513000000000E-009
   5425.0000000000000        7.8996216999999998E-009   4.4064694999999998E-009
   5475.0000000000000        1.6354692000000001E-009   8.1587535000000005E-010
   5525.0000000000000        9.4135256000000009E-010   3.6372172000000002E-010
   5575.0000000000000        7.9337325000000002E-010   3.8638175000000000E-010
   5625.0000000000000        1.1570499000000000E-009   3.8437562999999999E-010
   5675.0000000000000        4.8742491999999995E-010   2.2104278000000000E-010
   5725.0000000000000        6.6510209999999995E-010   3.2045284999999999E-010
   5775.0000000000000        3.7528821999999998E-010   2.3426248000000001E-010
   5825.0000000000000        8.7989192999999996E-010   4.1116963999999999E-010
   5875.0000000000000        1.9194751000000002E-009   7.8464107000000000E-010
   5925.0000000000000        1.4103559000000000E-009   6.0317409000000002E-010
   5975.0000000000000        9.0870525000000008E-009   8.6525354000000006E-009
   6025.0000000000000       -1.3618350000000000E-011   3.1118392999999999E-010
   6075.0000000000000        1.0910537000000001E-008   1.0173141000000000E-008
   6125.0000000000000        7.4019530000000004E-010   3.4300088000000000E-010
   6175.0000000000000        3.6080913000000002E-010   1.8019039000000001E-010
   6225.0000000000000        6.0765774999999995E-010   4.4445558999999998E-010
   6275.0000000000000        3.0934321000000000E-009   2.3968825798611859E-009
   6325.0000000000000        4.3071457999999999E-010   2.2620229000000000E-010
   6375.0000000000000        3.9360612999999997E-010   1.9997298000000000E-010
   6425.0000000000000        4.0544058000000000E-010   2.4299132999999999E-010
   6475.0000000000000        6.7856112999999995E-010   3.1829681999999998E-010
   6525.0000000000000        0.0000000000000000        0.0000000000000000     
   6575.0000000000000        5.3775209999999998E-010   2.4514756000000001E-010
   6625.0000000000000        1.8206530999999999E-010   1.2874526999999999E-010
   6675.0000000000000        8.3412310000000002E-011   8.3307980000000005E-011
   6725.0000000000000        1.2486404999999999E-010   1.2470787999999999E-010
   6775.0000000000000        9.7338582000000008E-010   5.4747888999999997E-010
   6825.0000000000000        1.4579469000000000E-010   1.4561232999999999E-010
   6875.0000000000000        1.8511436000000000E-010   1.3073762999999999E-010
   6925.0000000000000        2.2403427000000000E-010   1.6216699999999999E-010
   6975.0000000000000        8.7275964999999998E-011   8.7166799999999996E-011
   7025.0000000000000        9.2433300000000003E-011   9.2317684999999999E-011
   7075.0000000000000        0.0000000000000000        0.0000000000000000     
   7125.0000000000000        0.0000000000000000        0.0000000000000000     
   7175.0000000000000        1.8915841999999999E-009   1.7664466000000000E-009
   7225.0000000000000        0.0000000000000000        0.0000000000000000     
   7275.0000000000000        1.3797070000000001E-010   1.3779813000000000E-010
   7325.0000000000000        0.0000000000000000        0.0000000000000000     
   7375.0000000000000        0.0000000000000000        0.0000000000000000     
   7425.0000000000000        0.0000000000000000        0.0000000000000000     
   7475.0000000000000        1.5792724999999999E-010   1.5772972000000000E-010
   7525.0000000000000        0.0000000000000000        0.0000000000000000     
   7575.0000000000000        0.0000000000000000        0.0000000000000000     
   7625.0000000000000        0.0000000000000000        0.0000000000000000     
   7675.0000000000000        0.0000000000000000        0.0000000000000000     
   7725.0000000000000        0.0000000000000000        0.0000000000000000     
   7775.0000000000000        8.9839744999999998E-011   8.9727375000000000E-011
   7825.0000000000000        0.0000000000000000        0.0000000000000000     
   7875.0000000000000        7.6268581000000003E-010   5.4898699999999996E-010
   7925.0000000000000        0.0000000000000000        0.0000000000000000     
   7975.0000000000000        0.0000000000000000        0.0000000000000000     
   8025.0000000000000        0.0000000000000000        0.0000000000000000     
   8075.0000000000000        0.0000000000000000        0.0000000000000000     
   8125.0000000000000        0.0000000000000000        0.0000000000000000     
   8175.0000000000000        0.0000000000000000        0.0000000000000000     
   8225.0000000000000        0.0000000000000000        0.0000000000000000     
   8275.0000000000000        0.0000000000000000        0.0000000000000000     
   8325.0000000000000        0.0000000000000000        0.0000000000000000     
   8375.0000000000000        0.0000000000000000        0.0000000000000000     
   8425.0000000000000        1.2534955000000000E-010   1.2519276000000000E-010
   8475.0000000000000        0.0000000000000000        0.0000000000000000     
   8525.0000000000000        0.0000000000000000        0.0000000000000000     
   8575.0000000000000        0.0000000000000000        0.0000000000000000     
   8625.0000000000000        0.0000000000000000        0.0000000000000000     
   8675.0000000000000        0.0000000000000000        0.0000000000000000     
   8725.0000000000000        0.0000000000000000        0.0000000000000000     
   8775.0000000000000        0.0000000000000000        0.0000000000000000     
   8825.0000000000000        0.0000000000000000        0.0000000000000000     
   8875.0000000000000        8.9444630000000001E-011   8.9332759999999994E-011
   8925.0000000000000        0.0000000000000000        0.0000000000000000     
   8975.0000000000000        0.0000000000000000        0.0000000000000000     
   9025.0000000000000        0.0000000000000000        0.0000000000000000     
   9075.0000000000000        0.0000000000000000        0.0000000000000000     
   9125.0000000000000        0.0000000000000000        0.0000000000000000     
   9175.0000000000000        9.1136979999999996E-011   9.1022984999999997E-011
   9225.0000000000000        0.0000000000000000        0.0000000000000000     
   9275.0000000000000        0.0000000000000000        0.0000000000000000     
   9325.0000000000000        0.0000000000000000        0.0000000000000000     
   9375.0000000000000        0.0000000000000000        0.0000000000000000     
   9425.0000000000000        0.0000000000000000        0.0000000000000000     
   9475.0000000000000        0.0000000000000000        0.0000000000000000     
   9525.0000000000000        0.0000000000000000        0.0000000000000000     
   9575.0000000000000        0.0000000000000000        0.0000000000000000     
   9625.0000000000000        0.0000000000000000        0.0000000000000000     
   9675.0000000000000        0.0000000000000000        0.0000000000000000     
   9725.0000000000000        0.0000000000000000        0.0000000000000000     
   9775.0000000000000        0.0000000000000000        0.0000000000000000     
   9825.0000000000000        0.0000000000000000        0.0000000000000000     
   9875.0000000000000        0.0000000000000000        0.0000000000000000     
   9925.0000000000000        0.0000000000000000        0.0000000000000000     
   9975.0000000000000        0.0000000000000000        0.0000000000000000     
   10025.000000000000        0.0000000000000000        0.0000000000000000     
   10075.000000000000        0.0000000000000000        0.0000000000000000     
   10125.000000000000        0.0000000000000000        0.0000000000000000     
   10175.000000000000        0.0000000000000000        0.0000000000000000     
   10225.000000000000        0.0000000000000000        0.0000000000000000     
   10275.000000000000        0.0000000000000000        0.0000000000000000     
   10325.000000000000        0.0000000000000000        0.0000000000000000     
   10375.000000000000        0.0000000000000000        0.0000000000000000     
   10425.000000000000        0.0000000000000000        0.0000000000000000     
   10475.000000000000        0.0000000000000000        0.0000000000000000     
   10525.000000000000        0.0000000000000000        0.0000000000000000     
   10575.000000000000        0.0000000000000000        0.0000000000000000     
   10625.000000000000        0.0000000000000000        0.0000000000000000     
   10675.000000000000        0.0000000000000000        0.0000000000000000     
   10725.000000000000        0.0000000000000000        0.0000000000000000     
   10775.000000000000        0.0000000000000000        0.0000000000000000     
   10825.000000000000        0.0000000000000000        0.0000000000000000     
   10875.000000000000        0.0000000000000000        0.0000000000000000     
   10925.000000000000        0.0000000000000000        0.0000000000000000     
   10975.000000000000        0.0000000000000000        0.0000000000000000     
   11025.000000000000        0.0000000000000000        0.0000000000000000     
   11075.000000000000        0.0000000000000000        0.0000000000000000     
   11125.000000000000        0.0000000000000000        0.0000000000000000     
   11175.000000000000        0.0000000000000000        0.0000000000000000     
   11225.000000000000        0.0000000000000000        0.0000000000000000     
   11275.000000000000        0.0000000000000000        0.0000000000000000     
   11325.000000000000        0.0000000000000000        0.0000000000000000     
   11375.000000000000        0.0000000000000000        0.0000000000000000     
   11425.000000000000        0.0000000000000000        0.0000000000000000     
   11475.000000000000        0.0000000000000000        0.0000000000000000     
   11525.000000000000        0.0000000000000000        0.0000000000000000     
   11575.000000000000        0.0000000000000000        0.0000000000000000     
   11625.000000000000        0.0000000000000000        0.0000000000000000     
   11675.000000000000        0.0000000000000000        0.0000000000000000     
   11725.000000000000        0.0000000000000000        0.0000000000000000     
   11775.000000000000        0.0000000000000000        0.0000000000000000     
   11825.000000000000        0.0000000000000000        0.0000000000000000     
   11875.000000000000        0.0000000000000000        0.0000000000000000     
   11925.000000000000        0.0000000000000000        0.0000000000000000     
   11975.000000000000        0.0000000000000000        0.0000000000000000     
   12025.000000000000        0.0000000000000000        0.0000000000000000     
   12075.000000000000        0.0000000000000000        0.0000000000000000     
   12125.000000000000        0.0000000000000000        0.0000000000000000     
   12175.000000000000        0.0000000000000000        0.0000000000000000     
   12225.000000000000        0.0000000000000000        0.0000000000000000     
   12275.000000000000        0.0000000000000000        0.0000000000000000     
   12325.000000000000        0.0000000000000000        0.0000000000000000     
   12375.000000000000        0.0000000000000000        0.0000000000000000     
   12425.000000000000        0.0000000000000000        0.0000000000000000     
   12475.000000000000        0.0000000000000000        0.0000000000000000     
   12525.000000000000        0.0000000000000000        0.0000000000000000     
   12575.000000000000        0.0000000000000000        0.0000000000000000     
   12625.000000000000        0.0000000000000000        0.0000000000000000     
   12675.000000000000        0.0000000000000000        0.0000000000000000     
   12725.000000000000        0.0000000000000000        0.0000000000000000     
   12775.000000000000        0.0000000000000000        0.0000000000000000     
   12825.000000000000        0.0000000000000000        0.0000000000000000     
   12875.000000000000        0.0000000000000000        0.0000000000000000     
   12925.000000000000        0.0000000000000000        0.0000000000000000     
   12975.000000000000        0.0000000000000000        0.0000000000000000     
