   25.000000000000000        1.3110479715570000E-002   1.3069126001070294E-002
   75.000000000000000        3.9303551660000002E-005   1.0365886893617950E-006
   125.00000000000000        5.3156305239999997E-006   8.4239053575403733E-008
   175.00000000000000        4.0672617360000001E-006   6.8333667698699020E-008
   225.00000000000000        3.6695247690000001E-006   3.5442253970646949E-008
   275.00000000000000        3.4877509420000000E-006   2.5873374144066298E-008
   325.00000000000000        3.3972962779999999E-006   3.0082686373510446E-008
   375.00000000000000        3.2989355669999998E-006   2.8417012771181209E-008
   425.00000000000000        3.1262648449999999E-006   2.1502205718189428E-008
   475.00000000000000        2.9852849780000000E-006   2.0266151066178531E-008
   525.00000000000000        2.9145668479999996E-006   3.6452767257705788E-008
   575.00000000000000        2.7514400530000000E-006   2.0138681774424363E-008
   625.00000000000000        2.6326248680000000E-006   1.8880709187047680E-008
   675.00000000000000        2.5089533170000000E-006   1.9413154375905717E-008
   725.00000000000000        2.4247494739999999E-006   1.9687698523249412E-008
   775.00000000000000        2.2742061619999999E-006   1.7465800752346338E-008
   825.00000000000000        2.1937139380000002E-006   1.7782870278072075E-008
   875.00000000000000        2.0599818679999996E-006   1.6901905009680999E-008
   925.00000000000000        1.9735680440000002E-006   1.7049433932290071E-008
   975.00000000000000        1.8446771910000001E-006   1.6147952606267652E-008
   1025.0000000000000        1.7472440740000000E-006   1.9100573273903906E-008
   1075.0000000000000        1.6785005979999999E-006   1.7797098915787484E-008
   1125.0000000000000        1.5798831449999999E-006   1.5515701206426643E-008
   1175.0000000000000        1.4884709890000001E-006   1.4904874393072961E-008
   1225.0000000000000        1.4220586460000000E-006   1.4869864314433726E-008
   1275.0000000000000        1.3426315140000000E-006   1.4977255597437912E-008
   1325.0000000000000        1.2683079310000001E-006   1.6639891222555786E-008
   1375.0000000000000        1.2225998100000001E-006   1.6937276568348530E-008
   1425.0000000000000        1.1247094600000000E-006   1.3830638648433419E-008
   1475.0000000000000        1.1031885040000001E-006   1.5773617518434049E-008
   1525.0000000000000        1.0215549415000000E-006   1.4870973897685601E-008
   1575.0000000000000        9.3814194439999995E-007   1.3134566248964128E-008
   1625.0000000000000        9.1095505780000003E-007   1.3251835569845322E-008
   1675.0000000000000        8.4572828609999999E-007   1.3540648040048757E-008
   1725.0000000000000        8.0566012060000006E-007   1.4212847243442041E-008
   1775.0000000000000        7.4983879180000007E-007   1.3398826816745635E-008
   1825.0000000000000        7.3913930329999991E-007   1.3999353775614053E-008
   1875.0000000000000        6.7601667579999996E-007   1.2940887939889742E-008
   1925.0000000000000        6.6124582700000002E-007   1.6083526757891172E-008
   1975.0000000000000        6.1297738219999994E-007   1.5055428470413332E-008
   2025.0000000000000        5.7511716969999992E-007   1.3992475272783958E-008
   2075.0000000000000        5.5372458279999997E-007   1.8416119665880025E-008
   2125.0000000000000        5.0939396669999996E-007   1.1883086221242705E-008
   2175.0000000000000        4.9128477210000006E-007   1.3349216352379873E-008
   2225.0000000000000        5.1569891899999999E-007   2.6472735262230174E-008
   2275.0000000000000        4.4735914380000003E-007   1.6442297143789684E-008
   2325.0000000000000        4.2481092520000001E-007   1.3221311181924389E-008
   2375.0000000000000        3.8844687970000001E-007   1.3309739312892656E-008
   2425.0000000000000        3.5603595240000002E-007   1.1509542492970270E-008
   2475.0000000000000        3.4713799230000000E-007   1.2046864597985094E-008
   2525.0000000000000        3.1186173749999999E-007   9.8828766426393328E-009
   2575.0000000000000        3.2838843637999998E-007   1.4724241497055427E-008
   2625.0000000000000        2.9429932790000001E-007   1.1330550033315043E-008
   2675.0000000000000        2.6897163740000005E-007   1.0247729813793885E-008
   2725.0000000000000        2.5783574369999999E-007   1.0717271595097373E-008
   2775.0000000000000        2.3436852390000002E-007   1.3676684648307001E-008
   2825.0000000000000        2.2362567880000000E-007   1.0267308545157920E-008
   2875.0000000000000        2.2003237212000000E-007   1.2856370426471876E-008
   2925.0000000000000        2.2008506939999999E-007   2.0405164069861225E-008
   2975.0000000000000        1.9210998650000000E-007   1.2467938305655367E-008
   3025.0000000000000        2.0692165569999999E-007   1.3906745093064428E-008
   3075.0000000000000        1.8544584469999999E-007   1.3492767370055416E-008
   3125.0000000000000        1.6635146170000000E-007   1.5108516661893748E-008
   3175.0000000000000        1.7746229499999999E-007   1.5192830384845480E-008
   3225.0000000000000        1.4263205229999999E-007   1.1539241280196443E-008
   3275.0000000000000        1.3121246547000002E-007   8.4422679643309229E-009
   3325.0000000000000        1.2400113389999999E-007   1.1961729353296012E-008
   3375.0000000000000        1.2144467772000001E-007   1.3332691676418353E-008
   3425.0000000000000        1.0498956630999999E-007   9.4267419188923381E-009
   3475.0000000000000        1.1088331900000001E-007   1.5715069826754351E-008
   3525.0000000000000        9.7106002820000000E-008   1.6980781154507199E-008
   3575.0000000000000        8.1519828399999996E-008   7.8306639031355732E-009
   3625.0000000000000        8.9874634230000003E-008   9.8782621453312744E-009
   3675.0000000000000        8.2303945685000011E-008   1.3825090426959034E-008
   3725.0000000000000        8.9547367279999998E-008   1.2189938727544930E-008
   3775.0000000000000        5.9918855903000000E-008   5.8994770560910986E-009
   3825.0000000000000        6.0084980000000005E-008   7.6723755999999998E-009
   3875.0000000000000        5.8050850320000001E-008   1.1283680104649328E-008
   3925.0000000000000        7.2506997999999995E-008   2.0734513000000000E-008
   3975.0000000000000        4.6768103000000002E-008   6.0960526999999999E-009
   4025.0000000000000        5.4874584659999999E-008   1.0013022880934599E-008
   4075.0000000000000        5.9344286430000005E-008   1.5977998180087730E-008
   4125.0000000000000        3.1854664000000002E-008   4.3152756000000003E-009
   4175.0000000000000        2.8498909000000000E-008   4.3084531000000001E-009
   4225.0000000000000        3.5041328680000003E-008   7.9201665417598535E-009
   4275.0000000000000        4.9913509399999999E-008   1.4623149784883452E-008
   4325.0000000000000        2.3295533999999999E-008   4.4009291999999998E-009
   4375.0000000000000        2.5192850000000001E-008   4.6596250999999996E-009
   4425.0000000000000        2.4654274000000002E-008   7.0248994000000002E-009
   4475.0000000000000        3.9873839900000004E-008   1.7039656795487348E-008
   4525.0000000000000        1.3072237999999999E-008   2.7043588000000000E-009
   4575.0000000000000        2.3802792900000000E-008   1.0211640890910975E-008
   4625.0000000000000        4.0525365999999998E-008   1.5405881000000001E-008
   4675.0000000000000        3.4769136999999999E-008   1.5096000000000002E-008
   4725.0000000000000        2.2317306999999999E-008   8.6906657999999992E-009
   4775.0000000000000        1.6222705960000002E-008   4.9592355981732905E-009
   4825.0000000000000        9.0708039999999994E-009   3.0450488000000000E-009
   4875.0000000000000        2.1158939999999998E-008   1.0901333000000000E-008
   4925.0000000000000        1.8170911999999999E-008   7.2462303999999998E-009
   4975.0000000000000        4.8054310000000001E-008   3.6950490000000001E-008
   5025.0000000000000        1.9187123000000001E-008   6.8539657000000003E-009
   5075.0000000000000        1.0685899000000000E-008   5.9707257999999996E-009
   5125.0000000000000        6.1184721999999997E-009   2.1178589789719282E-009
   5175.0000000000000        1.2001819999999999E-008   6.4969202000000004E-009
   5225.0000000000000        8.9569317000000001E-009   2.4828976999999999E-009
   5275.0000000000000        5.8891483000000000E-009   1.8352381000000000E-009
   5325.0000000000000        6.0279707500000001E-009   2.1256228333608195E-009
   5375.0000000000000        5.4131691000000004E-009   2.2897955999999999E-009
   5425.0000000000000        1.2501635000000000E-008   5.5282841000000003E-009
   5475.0000000000000        2.4769662000000000E-009   8.8174572000000004E-010
   5525.0000000000000        1.5156781000000001E-009   4.4777479999999997E-010
   5575.0000000000000        1.6440412000000000E-009   5.8143987999999999E-010
   5625.0000000000000        4.4442972000000004E-009   1.7310264000000001E-009
   5675.0000000000000        1.5402278000000001E-009   4.0877868000000002E-010
   5725.0000000000000        1.5178029000000000E-009   6.8977428999999997E-010
   5775.0000000000000        3.9994417000000001E-009   1.6568522000000000E-009
   5825.0000000000000        2.4599264999999999E-009   7.9203367999999996E-010
   5875.0000000000000        3.1272287000000002E-009   9.9379475000000000E-010
   5925.0000000000000        2.3529928999999998E-009   8.4097394000000002E-010
   5975.0000000000000        1.0707842967999999E-008   8.7114768424884473E-009
   6025.0000000000000        9.1451463000000003E-010   6.6285127000000001E-010
   6075.0000000000000        1.1045798000000000E-008   1.0174038000000000E-008
   6125.0000000000000        1.6517416000000000E-009   8.6062331000000003E-010
   6175.0000000000000        8.5830028000000003E-010   3.9931398999999998E-010
   6225.0000000000000        2.1316521000000000E-009   8.3783133000000002E-010
   6275.0000000000000        3.8500259999999997E-009   2.5131751273531761E-009
   6325.0000000000000        5.2430340000000003E-009   4.8116206000000002E-009
   6375.0000000000000        5.2795242999999999E-010   2.4081734999999998E-010
   6425.0000000000000        6.1848820000000005E-010   2.8694042000000000E-010
   6475.0000000000000        1.5137239000000000E-009   6.1604728000000004E-010
   6525.0000000000000        0.0000000000000000        0.0000000000000000     
   6575.0000000000000        1.0703183000000000E-009   3.4911034000000001E-010
   6625.0000000000000        1.8206530999999999E-010   1.2874526999999999E-010
   6675.0000000000000        3.7277816999999999E-010   1.8679153000000000E-010
   6725.0000000000000        3.9683741999999998E-010   2.0052639000000000E-010
   6775.0000000000000        1.3894182000000000E-009   5.8768825999999997E-010
   6825.0000000000000        2.7713095999999999E-010   1.9598225000000000E-010
   6875.0000000000000        4.7215189999999995E-010   2.4253540000000000E-010
   6925.0000000000000        2.2403427000000000E-010   1.6216699999999999E-010
   6975.0000000000000        8.7275964999999998E-011   8.7166799999999996E-011
   7025.0000000000000        1.9816642999999999E-010   1.4026440000000000E-010
   7075.0000000000000        1.3389122000000000E-010   1.3372376000000000E-010
   7125.0000000000000        7.3235050999999995E-010   5.2582730448847484E-010
   7175.0000000000000        1.8915841999999999E-009   1.7664466000000000E-009
   7225.0000000000000        0.0000000000000000        0.0000000000000000     
   7275.0000000000000        1.3797070000000001E-010   1.3779813000000000E-010
   7325.0000000000000        5.2966460000000003E-010   4.1824346999999999E-010
   7375.0000000000000        2.7708744999999998E-010   2.7674087000000002E-010
   7425.0000000000000        1.0881462999999999E-010   1.0867853000000000E-010
   7475.0000000000000        1.5792724999999999E-010   1.5772972000000000E-010
   7525.0000000000000        0.0000000000000000        0.0000000000000000     
   7575.0000000000000        0.0000000000000000        0.0000000000000000     
   7625.0000000000000        0.0000000000000000        0.0000000000000000     
   7675.0000000000000        0.0000000000000000        0.0000000000000000     
   7725.0000000000000        0.0000000000000000        0.0000000000000000     
   7775.0000000000000        8.9839744999999998E-011   8.9727375000000000E-011
   7825.0000000000000        0.0000000000000000        0.0000000000000000     
   7875.0000000000000        7.6268581000000003E-010   5.4898699999999996E-010
   7925.0000000000000        2.9986244999999999E-010   2.9948739000000002E-010
   7975.0000000000000        0.0000000000000000        0.0000000000000000     
   8025.0000000000000        0.0000000000000000        0.0000000000000000     
   8075.0000000000000        0.0000000000000000        0.0000000000000000     
   8125.0000000000000        0.0000000000000000        0.0000000000000000     
   8175.0000000000000        8.4554665000000006E-011   8.4448904999999998E-011
   8225.0000000000000        5.6449395000000000E-010   5.6378785000000001E-010
   8275.0000000000000        8.7101085000000001E-011   8.6992139999999996E-011
   8325.0000000000000        0.0000000000000000        0.0000000000000000     
   8375.0000000000000        0.0000000000000000        0.0000000000000000     
   8425.0000000000000        2.1401007999999999E-010   1.5334362000000001E-010
   8475.0000000000000        0.0000000000000000        0.0000000000000000     
   8525.0000000000000        0.0000000000000000        0.0000000000000000     
   8575.0000000000000        0.0000000000000000        0.0000000000000000     
   8625.0000000000000        0.0000000000000000        0.0000000000000000     
   8675.0000000000000        0.0000000000000000        0.0000000000000000     
   8725.0000000000000        0.0000000000000000        0.0000000000000000     
   8775.0000000000000        0.0000000000000000        0.0000000000000000     
   8825.0000000000000        0.0000000000000000        0.0000000000000000     
   8875.0000000000000        8.9444630000000001E-011   8.9332759999999994E-011
   8925.0000000000000        0.0000000000000000        0.0000000000000000     
   8975.0000000000000        0.0000000000000000        0.0000000000000000     
   9025.0000000000000        0.0000000000000000        0.0000000000000000     
   9075.0000000000000        0.0000000000000000        0.0000000000000000     
   9125.0000000000000        0.0000000000000000        0.0000000000000000     
   9175.0000000000000        9.1136979999999996E-011   9.1022984999999997E-011
   9225.0000000000000        0.0000000000000000        0.0000000000000000     
   9275.0000000000000        0.0000000000000000        0.0000000000000000     
   9325.0000000000000        0.0000000000000000        0.0000000000000000     
   9375.0000000000000        0.0000000000000000        0.0000000000000000     
   9425.0000000000000        0.0000000000000000        0.0000000000000000     
   9475.0000000000000        0.0000000000000000        0.0000000000000000     
   9525.0000000000000        0.0000000000000000        0.0000000000000000     
   9575.0000000000000        0.0000000000000000        0.0000000000000000     
   9625.0000000000000        0.0000000000000000        0.0000000000000000     
   9675.0000000000000        0.0000000000000000        0.0000000000000000     
   9725.0000000000000        0.0000000000000000        0.0000000000000000     
   9775.0000000000000        0.0000000000000000        0.0000000000000000     
   9825.0000000000000        0.0000000000000000        0.0000000000000000     
   9875.0000000000000        0.0000000000000000        0.0000000000000000     
   9925.0000000000000        0.0000000000000000        0.0000000000000000     
   9975.0000000000000        0.0000000000000000        0.0000000000000000     
   10025.000000000000        0.0000000000000000        0.0000000000000000     
   10075.000000000000        0.0000000000000000        0.0000000000000000     
   10125.000000000000        0.0000000000000000        0.0000000000000000     
   10175.000000000000        0.0000000000000000        0.0000000000000000     
   10225.000000000000        0.0000000000000000        0.0000000000000000     
   10275.000000000000        0.0000000000000000        0.0000000000000000     
   10325.000000000000        0.0000000000000000        0.0000000000000000     
   10375.000000000000        0.0000000000000000        0.0000000000000000     
   10425.000000000000        0.0000000000000000        0.0000000000000000     
   10475.000000000000        0.0000000000000000        0.0000000000000000     
   10525.000000000000        0.0000000000000000        0.0000000000000000     
   10575.000000000000        0.0000000000000000        0.0000000000000000     
   10625.000000000000        0.0000000000000000        0.0000000000000000     
   10675.000000000000        0.0000000000000000        0.0000000000000000     
   10725.000000000000        0.0000000000000000        0.0000000000000000     
   10775.000000000000        0.0000000000000000        0.0000000000000000     
   10825.000000000000        0.0000000000000000        0.0000000000000000     
   10875.000000000000        0.0000000000000000        0.0000000000000000     
   10925.000000000000        0.0000000000000000        0.0000000000000000     
   10975.000000000000        0.0000000000000000        0.0000000000000000     
   11025.000000000000        0.0000000000000000        0.0000000000000000     
   11075.000000000000        0.0000000000000000        0.0000000000000000     
   11125.000000000000        0.0000000000000000        0.0000000000000000     
   11175.000000000000        0.0000000000000000        0.0000000000000000     
   11225.000000000000        0.0000000000000000        0.0000000000000000     
   11275.000000000000        0.0000000000000000        0.0000000000000000     
   11325.000000000000        0.0000000000000000        0.0000000000000000     
   11375.000000000000        0.0000000000000000        0.0000000000000000     
   11425.000000000000        0.0000000000000000        0.0000000000000000     
   11475.000000000000        0.0000000000000000        0.0000000000000000     
   11525.000000000000        0.0000000000000000        0.0000000000000000     
   11575.000000000000        0.0000000000000000        0.0000000000000000     
   11625.000000000000        0.0000000000000000        0.0000000000000000     
   11675.000000000000        0.0000000000000000        0.0000000000000000     
   11725.000000000000        0.0000000000000000        0.0000000000000000     
   11775.000000000000        0.0000000000000000        0.0000000000000000     
   11825.000000000000        0.0000000000000000        0.0000000000000000     
   11875.000000000000        0.0000000000000000        0.0000000000000000     
   11925.000000000000        0.0000000000000000        0.0000000000000000     
   11975.000000000000        0.0000000000000000        0.0000000000000000     
   12025.000000000000        0.0000000000000000        0.0000000000000000     
   12075.000000000000        0.0000000000000000        0.0000000000000000     
   12125.000000000000        0.0000000000000000        0.0000000000000000     
   12175.000000000000        0.0000000000000000        0.0000000000000000     
   12225.000000000000        0.0000000000000000        0.0000000000000000     
   12275.000000000000        0.0000000000000000        0.0000000000000000     
   12325.000000000000        0.0000000000000000        0.0000000000000000     
   12375.000000000000        0.0000000000000000        0.0000000000000000     
   12425.000000000000        0.0000000000000000        0.0000000000000000     
   12475.000000000000        0.0000000000000000        0.0000000000000000     
   12525.000000000000        0.0000000000000000        0.0000000000000000     
   12575.000000000000        0.0000000000000000        0.0000000000000000     
   12625.000000000000        0.0000000000000000        0.0000000000000000     
   12675.000000000000        0.0000000000000000        0.0000000000000000     
   12725.000000000000        0.0000000000000000        0.0000000000000000     
   12775.000000000000        0.0000000000000000        0.0000000000000000     
   12825.000000000000        0.0000000000000000        0.0000000000000000     
   12875.000000000000        0.0000000000000000        0.0000000000000000     
   12925.000000000000        0.0000000000000000        0.0000000000000000     
   12975.000000000000        0.0000000000000000        0.0000000000000000     
