  -4.7500000000000000        1.8786360500000002E-005   2.4338578250524418E-006
  -4.2500000000000000        4.5097630889999997E-005   1.8395602834849943E-006
  -3.7500000000000000        1.1292364630000000E-004   4.1718276095348311E-006
  -3.2500000000000000        2.5990574170000003E-004   5.3661718288051796E-006
  -2.7500000000000000        4.8823986140000001E-004   9.2101201527362711E-006
  -2.2500000000000000        7.7006431600000003E-004   1.0674974572225948E-005
  -1.7500000000000000        1.0665081040000001E-003   1.0395728148599197E-005
  -1.2500000000000000        1.3429411690000000E-003   1.1350158179668890E-005
 -0.75000000000000000        1.5234631770000000E-003   1.1898565365064337E-005
 -0.25000000000000000        1.3102229307559998        1.3069126000021467     
  0.25000000000000000        1.6511853890000001E-003   2.0833996715603785E-005
  0.75000000000000000        1.6047309970000001E-003   2.0822301408359956E-005
   1.2500000000000000        1.5075658850000001E-003   9.8605513613854906E-005
   1.7500000000000000        1.1274791210000000E-003   1.6814214059416397E-005
   2.2500000000000000        7.8877648900000004E-004   9.6822283496579570E-006
   2.7500000000000000        4.9146649820000000E-004   6.1258195406376744E-006
   3.2500000000000000        2.6520139970000000E-004   1.0517736603875895E-005
   3.7500000000000000        1.1175675050000000E-004   6.0840432444061043E-006
   4.2500000000000000        4.7206386549999998E-005   2.3032805577177771E-006
   4.7500000000000000        1.6674424039999999E-005   1.4297358108220556E-006
