  -4.3750000000000000        5.8416410259999996E-006   5.8891799490834419E-007
  -4.1250000000000000        1.2736219272000000E-005   1.0532900481348087E-006
  -3.8750000000000000        2.8508712635000001E-005   2.3283810952860800E-006
  -3.6250000000000000        6.5512736479999997E-005   6.1328428531709205E-006
  -3.3750000000000000        8.8850427760000006E-005   3.0074424206505877E-006
  -3.1250000000000000        1.2675318079000001E-004   3.2510877833300611E-006
  -2.8750000000000000        1.7368730836000000E-004   3.2664243609919472E-006
  -2.6250000000000000        2.0388060558000000E-004   3.1056957412720042E-006
  -2.3750000000000000        2.2553336430000001E-004   3.0476639828672534E-006
  -2.1250000000000000        2.3138338029999998E-004   2.6498776203861026E-006
  -1.8750000000000000        2.2060626450000001E-004   2.4272417214250363E-006
  -1.6250000000000000        2.0066090163999999E-004   2.2262145671456608E-006
  -1.3750000000000000        1.7439083322999999E-004   2.0602489384332968E-006
  -1.1250000000000000        1.4494057163999999E-004   1.8636584453975790E-006
 -0.87500000000000000        1.1302322959000000E-004   1.6159032065133295E-006
 -0.62500000000000000        8.4254670080000001E-005   1.3934389151850632E-006
 -0.37500000000000000        6.3422033899999998E-005   1.2158194998079252E-006
 -0.12500000000000000        5.3276266679999999E-005   1.1047138483303816E-006
  0.12500000000000000        5.4509385270000001E-005   1.1395242062897816E-006
  0.37500000000000000        6.1765785669999995E-005   1.2023768092789175E-006
  0.62500000000000000        7.9513420010000001E-005   1.3643576577370767E-006
  0.87500000000000000        1.0471601070000000E-004   1.5862394111073626E-006
   1.1250000000000000        1.3878193128000001E-004   1.7929378279442401E-006
   1.3750000000000000        1.7176693011000001E-004   2.2159295197689249E-006
   1.6250000000000000        1.9944316640000000E-004   2.2611002720132446E-006
   1.8750000000000000        2.2057377110000002E-004   2.4117461882337853E-006
   2.1250000000000000        2.3287987477000000E-004   2.6663684916050413E-006
   2.3750000000000000        2.3122144252999999E-004   2.8974409754647785E-006
   2.6250000000000000        2.0795077183999999E-004   3.0799031631311415E-006
   2.8750000000000000        1.7468587802000002E-004   3.3129649922483051E-006
   3.1250000000000000        1.4488504208000000E-004   5.2339536428483725E-006
   3.3750000000000000        1.0182600890000000E-004   3.8335344253805588E-006
   3.6250000000000000        6.3931713240000001E-005   3.2043335530253335E-006
   3.8750000000000000        3.5660286698000004E-005   1.8800887317856706E-006
   4.1250000000000000        1.5275278554000001E-005   2.2427423947541185E-006
   4.3750000000000000        4.9747082000000001E-006   4.7717866999999998E-007
