  -4.3750000000000000        5.8267023999999999E-006   5.8872897000000003E-007
  -4.1250000000000000        1.2725043000000000E-005   1.0532309000000000E-006
  -3.8750000000000000        2.8452468000000002E-005   2.3279535999999998E-006
  -3.6250000000000000        6.5298430000000000E-005   6.1319245000000000E-006
  -3.3750000000000000        8.8477756000000001E-005   3.0028715000000000E-006
  -3.1250000000000000        1.2644093000000001E-004   3.2483180000000000E-006
  -2.8750000000000000        1.7279006000000001E-004   3.2489152000000000E-006
  -2.6250000000000000        2.0321413999999999E-004   3.1016008000000000E-006
  -2.3750000000000000        2.2292083000000000E-004   2.8498670000000002E-006
  -2.1250000000000000        2.3009197999999999E-004   2.6433665000000000E-006
  -1.8750000000000000        2.1938592000000001E-004   2.3934985000000001E-006
  -1.6250000000000000        1.9966550999999999E-004   2.2211495000000002E-006
  -1.3750000000000000        1.7352445999999999E-004   2.0538861999999999E-006
  -1.1250000000000000        1.4419807000000000E-004   1.8568832000000000E-006
 -0.87500000000000000        1.1243967000000000E-004   1.6120947000000000E-006
 -0.62500000000000000        8.3966950999999997E-005   1.3915787999999999E-006
 -0.37500000000000000        6.2751437999999994E-005   1.1977910000000000E-006
 -0.12500000000000000        5.2880363999999998E-005   1.0987651999999999E-006
  0.12500000000000000        5.3868398000000002E-005   1.1017724000000000E-006
  0.37500000000000000        6.1238956000000001E-005   1.1917596000000000E-006
  0.62500000000000000        7.8518039999999999E-005   1.3404041000000000E-006
  0.87500000000000000        1.0419591000000000E-004   1.5804254000000000E-006
   1.1250000000000000        1.3798972000000001E-004   1.7851953999999999E-006
   1.3750000000000000        1.7078895000000000E-004   2.2027930999999999E-006
   1.6250000000000000        1.9756727000000001E-004   2.1987484000000000E-006
   1.8750000000000000        2.1931420000000001E-004   2.3870797000000000E-006
   2.1250000000000000        2.3192996999999999E-004   2.6579975000000000E-006
   2.3750000000000000        2.3044383999999999E-004   2.8932097000000001E-006
   2.6250000000000000        2.0697772999999999E-004   3.0704236999999999E-006
   2.8750000000000000        1.7402669000000001E-004   3.3051456000000002E-006
   3.1250000000000000        1.4445578000000001E-004   5.2327248000000001E-006
   3.3750000000000000        1.0159526000000000E-004   3.8326077999999999E-006
   3.6250000000000000        6.3825310000000001E-005   3.2040175000000001E-006
   3.8750000000000000        3.5633558000000002E-005   1.8798992000000001E-006
   4.1250000000000000        1.5258840000000000E-005   2.2426822999999999E-006
   4.3750000000000000        4.9747082000000001E-006   4.7717866999999998E-007
