  -8.7500000000000000        1.8321931000000001E-008   1.8299014999999999E-008
  -8.2500000000000000        7.5656849999999996E-007   3.6404357999999999E-007
  -7.7500000000000000        7.3992706999999996E-006   2.0044757000000000E-006
  -7.2500000000000000        1.5789484000000001E-005   1.7990447000000000E-006
  -6.7500000000000000        3.4168436000000002E-005   2.5671639000000001E-006
  -6.2500000000000000        6.0417597000000001E-005   1.7574234000000001E-006
  -5.7500000000000000        9.2795107999999997E-005   1.5474211000000001E-006
  -5.2500000000000000        1.3137935000000000E-004   1.5655101000000001E-006
  -4.7500000000000000        1.6069763000000001E-004   1.4739898000000000E-006
  -4.2500000000000000        1.7913067000000001E-004   1.4980643000000000E-006
  -3.7500000000000000        1.7232980000000001E-004   1.4155182999999999E-006
  -3.2500000000000000        1.4398243999999999E-004   1.2850542000000001E-006
  -2.7500000000000000        1.0779657000000000E-004   1.1002024000000001E-006
  -2.2500000000000000        0.0000000000000000        0.0000000000000000     
  -1.7500000000000000        0.0000000000000000        0.0000000000000000     
  -1.2500000000000000        0.0000000000000000        0.0000000000000000     
 -0.75000000000000000        0.0000000000000000        0.0000000000000000     
 -0.25000000000000000        0.0000000000000000        0.0000000000000000     
  0.25000000000000000        0.0000000000000000        0.0000000000000000     
  0.75000000000000000        0.0000000000000000        0.0000000000000000     
   1.2500000000000000        0.0000000000000000        0.0000000000000000     
   1.7500000000000000        0.0000000000000000        0.0000000000000000     
   2.2500000000000000        0.0000000000000000        0.0000000000000000     
   2.7500000000000000        1.1020305000000001E-004   1.1128508000000000E-006
   3.2500000000000000        1.4546161000000000E-004   1.2886848999999999E-006
   3.7500000000000000        1.7515884000000000E-004   1.4651160000000000E-006
   4.2500000000000000        1.7957172000000000E-004   1.5108826999999999E-006
   4.7500000000000000        1.6041943000000001E-004   1.5178099000000000E-006
   5.2500000000000000        1.2761365000000000E-004   1.5022622000000001E-006
   5.7500000000000000        9.2611151000000005E-005   1.5332809999999999E-006
   6.2500000000000000        5.9644278000000001E-005   1.7914912000000000E-006
   6.7500000000000000        3.7657758000000002E-005   2.2858298999999998E-006
   7.2500000000000000        1.5736722000000001E-005   1.8501660999999999E-006
   7.7500000000000000        7.0899011999999998E-006   2.0475396999999999E-006
   8.2500000000000000        9.9759447000000004E-007   4.5346186000000001E-007
   8.7500000000000000        0.0000000000000000        0.0000000000000000     
