  -2.2500000000000000        9.7450701999999997E-005   1.7278930000000000E-006
  -1.7500000000000000        1.6279207000000000E-004   2.0069792999999999E-006
  -1.2500000000000000        2.2440829999999999E-004   2.2395312000000000E-006
 -0.75000000000000000        2.8723504000000000E-004   2.4200219999999999E-006
 -0.25000000000000000        3.1515698999999998E-004   2.7710094000000000E-006
  0.25000000000000000        3.2204937999999998E-004   3.0744091000000001E-006
  0.75000000000000000        2.9426510999999998E-004   2.6361266999999999E-006
   1.2500000000000000        2.3988383000000000E-004   3.2704364999999999E-006
   1.7500000000000000        1.7197158000000000E-004   2.1496963000000001E-006
   2.2500000000000000        1.0361393000000000E-004   2.0352258000000000E-006
