  -4.2500000000000000        8.6897059000000003E-008   2.9565881000000000E-008
  -3.7500000000000000        4.3639121000000000E-007   1.5660618999999999E-007
  -3.2500000000000000        6.5991656999999999E-007   1.1459181999999999E-007
  -2.7500000000000000        1.2447225999999999E-006   2.4757441000000000E-007
  -2.2500000000000000        9.4387652000000003E-007   1.3429701000000001E-007
  -1.7500000000000000        9.9705583000000002E-007   1.5104988999999999E-007
  -1.2500000000000000        7.6467454000000004E-007   1.2293816999999999E-007
 -0.75000000000000000        5.6607191999999996E-007   2.4692968000000001E-007
 -0.25000000000000000        9.0769228000000004E-008   2.9113533999999999E-008
  0.25000000000000000        1.6404942999999999E-007   4.7409749000000002E-008
  0.75000000000000000        2.2801885999999999E-007   4.6146383000000001E-008
   1.2500000000000000        9.7110667999999999E-007   2.3386316000000001E-007
   1.7500000000000000        1.0971423999999999E-006   2.0260680000000000E-007
   2.2500000000000000        9.6463253999999993E-007   1.7799276000000000E-007
   2.7500000000000000        1.0591595000000000E-006   1.4272754999999999E-007
   3.2500000000000000        1.3567116000000000E-006   5.2095361000000004E-007
   3.7500000000000000        2.8685292000000001E-007   6.6530420000000002E-008
   4.2500000000000000        6.6900703000000006E-008   3.6550121999999999E-008
