  -2.3750000000000000        2.2035385000000000E-007   5.8748344000000001E-008
  -2.1250000000000000        7.5913414999999996E-007   3.1021267000000002E-007
  -1.8750000000000000        1.0896326000000000E-006   3.3578264000000000E-007
  -1.6250000000000000        8.7334156999999999E-007   1.6533037999999999E-007
  -1.3750000000000000        1.8708295000000000E-006   4.2862965999999998E-007
  -1.1250000000000000        1.4096976000000000E-006   2.8233965000000003E-007
 -0.87500000000000000        1.5176803000000000E-006   2.9743361999999999E-007
 -0.62500000000000000        1.4716440000000000E-006   3.5159415999999999E-007
 -0.37500000000000000        1.0236536000000001E-006   1.7487022000000001E-007
 -0.12500000000000000        2.2425743999999998E-006   5.1948677999999997E-007
  0.12500000000000000        2.3726564000000000E-006   1.0142643000000001E-006
  0.37500000000000000        1.9217694999999999E-006   3.1474024000000000E-007
  0.62500000000000000        1.7059945000000000E-006   2.9187002000000000E-007
  0.87500000000000000        1.2189242000000000E-006   2.8711116000000001E-007
   1.1250000000000000        1.3084705000000000E-006   2.4300411000000003E-007
   1.3750000000000000        1.1665315000000001E-006   3.8210473000000002E-007
   1.6250000000000000        7.8929700000000003E-007   2.1671641000000000E-007
   1.8750000000000000        3.2243911000000002E-007   8.1308014000000000E-008
   2.1250000000000000        3.7859795999999997E-007   1.0331278000000000E-007
   2.3750000000000000        3.0667799999999999E-007   8.5326718000000003E-008
