   10.000000000000000        0.0000000000000000        0.0000000000000000     
   30.000000000000000        1.3221431999999999E-007   1.6442067000000001E-008
   50.000000000000000        5.6846999000000002E-008   7.0348436000000004E-009
   70.000000000000000        4.1154471999999997E-008   6.5380745000000001E-009
   90.000000000000000        1.9328797999999999E-008   4.4360055000000001E-009
   110.00000000000000        1.0394852000000001E-008   2.4381369999999999E-009
   130.00000000000000        1.0292120000000001E-008   2.4493709000000001E-009
   150.00000000000000        5.7633070000000003E-009   1.6636226000000001E-009
   170.00000000000000        5.5060248000000003E-009   1.2518567000000000E-009
   190.00000000000000        4.2239676999999999E-009   1.4767312000000001E-009
   210.00000000000000        3.3625833000000000E-009   1.0072087999999999E-009
   230.00000000000000        1.8876620999999999E-009   7.4764072000000002E-010
   250.00000000000000        2.4734237999999999E-009   8.5400132000000004E-010
   270.00000000000000        7.7023497999999999E-010   4.2265772999999999E-010
   290.00000000000000        1.2008430000000001E-009   4.1495701000000000E-010
   310.00000000000000        1.0799129000000000E-010   1.0785622000000001E-010
   330.00000000000000        6.4545475999999999E-010   3.9021736999999999E-010
   350.00000000000000        7.5375344999999997E-010   5.0678284999999996E-010
   370.00000000000000        2.7019454999999998E-010   1.9617269999999999E-010
   390.00000000000000        2.9409299000000000E-010   2.2005586999999999E-010
   410.00000000000000        1.3871051999999999E-010   1.3853703000000000E-010
   430.00000000000000        1.8482897000000001E-010   1.3361446000000001E-010
   450.00000000000000        8.8237814999999996E-011   8.8127449999999998E-011
   470.00000000000000        3.4826461000000001E-010   2.9070947999999998E-010
   490.00000000000000        0.0000000000000000        0.0000000000000000     
   510.00000000000000        1.4808829000000001E-010   1.4790307000000000E-010
   530.00000000000000        0.0000000000000000        0.0000000000000000     
   550.00000000000000        0.0000000000000000        0.0000000000000000     
   570.00000000000000        0.0000000000000000        0.0000000000000000     
   590.00000000000000        3.1083290999999999E-010   3.1044413000000001E-010
   610.00000000000000        3.1083290999999999E-010   3.1044413000000001E-010
   630.00000000000000        3.1492591999999999E-010   2.3416132999999998E-010
   650.00000000000000        0.0000000000000000        0.0000000000000000     
   670.00000000000000        1.2306400000000000E-010   1.2291006999999999E-010
   690.00000000000000        0.0000000000000000        0.0000000000000000     
   710.00000000000000        0.0000000000000000        0.0000000000000000     
   730.00000000000000        1.6487527000000000E-010   1.6466904999999999E-010
   750.00000000000000        0.0000000000000000        0.0000000000000000     
   770.00000000000000        0.0000000000000000        0.0000000000000000     
   790.00000000000000        0.0000000000000000        0.0000000000000000     
   810.00000000000000        0.0000000000000000        0.0000000000000000     
   830.00000000000000        0.0000000000000000        0.0000000000000000     
   850.00000000000000        0.0000000000000000        0.0000000000000000     
   870.00000000000000        0.0000000000000000        0.0000000000000000     
   890.00000000000000        0.0000000000000000        0.0000000000000000     
   910.00000000000000        0.0000000000000000        0.0000000000000000     
   930.00000000000000        0.0000000000000000        0.0000000000000000     
   950.00000000000000        0.0000000000000000        0.0000000000000000     
   970.00000000000000        0.0000000000000000        0.0000000000000000     
   990.00000000000000        0.0000000000000000        0.0000000000000000     
   1010.0000000000000        0.0000000000000000        0.0000000000000000     
   1030.0000000000000        0.0000000000000000        0.0000000000000000     
   1050.0000000000000        0.0000000000000000        0.0000000000000000     
   1070.0000000000000        0.0000000000000000        0.0000000000000000     
   1090.0000000000000        0.0000000000000000        0.0000000000000000     
   1110.0000000000000        0.0000000000000000        0.0000000000000000     
   1130.0000000000000        0.0000000000000000        0.0000000000000000     
   1150.0000000000000        0.0000000000000000        0.0000000000000000     
   1170.0000000000000        0.0000000000000000        0.0000000000000000     
   1190.0000000000000        0.0000000000000000        0.0000000000000000     
   1210.0000000000000        0.0000000000000000        0.0000000000000000     
   1230.0000000000000        0.0000000000000000        0.0000000000000000     
   1250.0000000000000        0.0000000000000000        0.0000000000000000     
   1270.0000000000000        0.0000000000000000        0.0000000000000000     
   1290.0000000000000        0.0000000000000000        0.0000000000000000     
   1310.0000000000000        0.0000000000000000        0.0000000000000000     
   1330.0000000000000        0.0000000000000000        0.0000000000000000     
   1350.0000000000000        0.0000000000000000        0.0000000000000000     
   1370.0000000000000        0.0000000000000000        0.0000000000000000     
   1390.0000000000000        0.0000000000000000        0.0000000000000000     
   1410.0000000000000        0.0000000000000000        0.0000000000000000     
   1430.0000000000000        0.0000000000000000        0.0000000000000000     
   1450.0000000000000        0.0000000000000000        0.0000000000000000     
   1470.0000000000000        0.0000000000000000        0.0000000000000000     
   1490.0000000000000        0.0000000000000000        0.0000000000000000     
   1510.0000000000000        0.0000000000000000        0.0000000000000000     
   1530.0000000000000        0.0000000000000000        0.0000000000000000     
   1550.0000000000000        0.0000000000000000        0.0000000000000000     
   1570.0000000000000        0.0000000000000000        0.0000000000000000     
   1590.0000000000000        0.0000000000000000        0.0000000000000000     
   1610.0000000000000        0.0000000000000000        0.0000000000000000     
   1630.0000000000000        0.0000000000000000        0.0000000000000000     
   1650.0000000000000        0.0000000000000000        0.0000000000000000     
   1670.0000000000000        0.0000000000000000        0.0000000000000000     
   1690.0000000000000        0.0000000000000000        0.0000000000000000     
   1710.0000000000000        0.0000000000000000        0.0000000000000000     
   1730.0000000000000        0.0000000000000000        0.0000000000000000     
   1750.0000000000000        0.0000000000000000        0.0000000000000000     
   1770.0000000000000        0.0000000000000000        0.0000000000000000     
   1790.0000000000000        0.0000000000000000        0.0000000000000000     
   1810.0000000000000        0.0000000000000000        0.0000000000000000     
   1830.0000000000000        0.0000000000000000        0.0000000000000000     
   1850.0000000000000        0.0000000000000000        0.0000000000000000     
   1870.0000000000000        0.0000000000000000        0.0000000000000000     
   1890.0000000000000        0.0000000000000000        0.0000000000000000     
   1910.0000000000000        0.0000000000000000        0.0000000000000000     
   1930.0000000000000        0.0000000000000000        0.0000000000000000     
   1950.0000000000000        0.0000000000000000        0.0000000000000000     
   1970.0000000000000        0.0000000000000000        0.0000000000000000     
   1990.0000000000000        0.0000000000000000        0.0000000000000000     
   2010.0000000000000        0.0000000000000000        0.0000000000000000     
   2030.0000000000000        0.0000000000000000        0.0000000000000000     
   2050.0000000000000        0.0000000000000000        0.0000000000000000     
   2070.0000000000000        0.0000000000000000        0.0000000000000000     
   2090.0000000000000        0.0000000000000000        0.0000000000000000     
   2110.0000000000000        0.0000000000000000        0.0000000000000000     
   2130.0000000000000        0.0000000000000000        0.0000000000000000     
   2150.0000000000000        0.0000000000000000        0.0000000000000000     
   2170.0000000000000        0.0000000000000000        0.0000000000000000     
   2190.0000000000000        0.0000000000000000        0.0000000000000000     
   2210.0000000000000        0.0000000000000000        0.0000000000000000     
   2230.0000000000000        0.0000000000000000        0.0000000000000000     
   2250.0000000000000        0.0000000000000000        0.0000000000000000     
   2270.0000000000000        0.0000000000000000        0.0000000000000000     
   2290.0000000000000        0.0000000000000000        0.0000000000000000     
   2310.0000000000000        0.0000000000000000        0.0000000000000000     
   2330.0000000000000        0.0000000000000000        0.0000000000000000     
   2350.0000000000000        0.0000000000000000        0.0000000000000000     
   2370.0000000000000        0.0000000000000000        0.0000000000000000     
   2390.0000000000000        0.0000000000000000        0.0000000000000000     
   2410.0000000000000        0.0000000000000000        0.0000000000000000     
   2430.0000000000000        0.0000000000000000        0.0000000000000000     
   2450.0000000000000        0.0000000000000000        0.0000000000000000     
   2470.0000000000000        0.0000000000000000        0.0000000000000000     
   2490.0000000000000        0.0000000000000000        0.0000000000000000     
   2510.0000000000000        0.0000000000000000        0.0000000000000000     
   2530.0000000000000        0.0000000000000000        0.0000000000000000     
   2550.0000000000000        0.0000000000000000        0.0000000000000000     
   2570.0000000000000        0.0000000000000000        0.0000000000000000     
   2590.0000000000000        0.0000000000000000        0.0000000000000000     
   2610.0000000000000        0.0000000000000000        0.0000000000000000     
   2630.0000000000000        0.0000000000000000        0.0000000000000000     
   2650.0000000000000        0.0000000000000000        0.0000000000000000     
   2670.0000000000000        0.0000000000000000        0.0000000000000000     
   2690.0000000000000        0.0000000000000000        0.0000000000000000     
   2710.0000000000000        0.0000000000000000        0.0000000000000000     
   2730.0000000000000        0.0000000000000000        0.0000000000000000     
   2750.0000000000000        0.0000000000000000        0.0000000000000000     
   2770.0000000000000        0.0000000000000000        0.0000000000000000     
   2790.0000000000000        0.0000000000000000        0.0000000000000000     
   2810.0000000000000        0.0000000000000000        0.0000000000000000     
   2830.0000000000000        0.0000000000000000        0.0000000000000000     
   2850.0000000000000        0.0000000000000000        0.0000000000000000     
   2870.0000000000000        0.0000000000000000        0.0000000000000000     
   2890.0000000000000        0.0000000000000000        0.0000000000000000     
   2910.0000000000000        0.0000000000000000        0.0000000000000000     
   2930.0000000000000        0.0000000000000000        0.0000000000000000     
   2950.0000000000000        0.0000000000000000        0.0000000000000000     
   2970.0000000000000        0.0000000000000000        0.0000000000000000     
   2990.0000000000000        0.0000000000000000        0.0000000000000000     
   3010.0000000000000        0.0000000000000000        0.0000000000000000     
   3030.0000000000000        0.0000000000000000        0.0000000000000000     
   3050.0000000000000        0.0000000000000000        0.0000000000000000     
   3070.0000000000000        0.0000000000000000        0.0000000000000000     
   3090.0000000000000        0.0000000000000000        0.0000000000000000     
   3110.0000000000000        0.0000000000000000        0.0000000000000000     
   3130.0000000000000        0.0000000000000000        0.0000000000000000     
   3150.0000000000000        0.0000000000000000        0.0000000000000000     
   3170.0000000000000        0.0000000000000000        0.0000000000000000     
   3190.0000000000000        0.0000000000000000        0.0000000000000000     
   3210.0000000000000        0.0000000000000000        0.0000000000000000     
   3230.0000000000000        0.0000000000000000        0.0000000000000000     
   3250.0000000000000        0.0000000000000000        0.0000000000000000     
   3270.0000000000000        0.0000000000000000        0.0000000000000000     
   3290.0000000000000        0.0000000000000000        0.0000000000000000     
   3310.0000000000000        0.0000000000000000        0.0000000000000000     
   3330.0000000000000        0.0000000000000000        0.0000000000000000     
   3350.0000000000000        0.0000000000000000        0.0000000000000000     
   3370.0000000000000        0.0000000000000000        0.0000000000000000     
   3390.0000000000000        0.0000000000000000        0.0000000000000000     
   3410.0000000000000        0.0000000000000000        0.0000000000000000     
   3430.0000000000000        0.0000000000000000        0.0000000000000000     
   3450.0000000000000        0.0000000000000000        0.0000000000000000     
   3470.0000000000000        0.0000000000000000        0.0000000000000000     
   3490.0000000000000        0.0000000000000000        0.0000000000000000     
   3510.0000000000000        0.0000000000000000        0.0000000000000000     
   3530.0000000000000        0.0000000000000000        0.0000000000000000     
   3550.0000000000000        0.0000000000000000        0.0000000000000000     
   3570.0000000000000        0.0000000000000000        0.0000000000000000     
   3590.0000000000000        0.0000000000000000        0.0000000000000000     
   3610.0000000000000        0.0000000000000000        0.0000000000000000     
   3630.0000000000000        0.0000000000000000        0.0000000000000000     
   3650.0000000000000        0.0000000000000000        0.0000000000000000     
   3670.0000000000000        0.0000000000000000        0.0000000000000000     
   3690.0000000000000        0.0000000000000000        0.0000000000000000     
   3710.0000000000000        0.0000000000000000        0.0000000000000000     
   3730.0000000000000        0.0000000000000000        0.0000000000000000     
   3750.0000000000000        0.0000000000000000        0.0000000000000000     
   3770.0000000000000        0.0000000000000000        0.0000000000000000     
   3790.0000000000000        0.0000000000000000        0.0000000000000000     
   3810.0000000000000        0.0000000000000000        0.0000000000000000     
   3830.0000000000000        0.0000000000000000        0.0000000000000000     
   3850.0000000000000        0.0000000000000000        0.0000000000000000     
   3870.0000000000000        0.0000000000000000        0.0000000000000000     
   3890.0000000000000        0.0000000000000000        0.0000000000000000     
   3910.0000000000000        0.0000000000000000        0.0000000000000000     
   3930.0000000000000        0.0000000000000000        0.0000000000000000     
   3950.0000000000000        0.0000000000000000        0.0000000000000000     
   3970.0000000000000        0.0000000000000000        0.0000000000000000     
   3990.0000000000000        0.0000000000000000        0.0000000000000000     
   4010.0000000000000        0.0000000000000000        0.0000000000000000     
   4030.0000000000000        0.0000000000000000        0.0000000000000000     
   4050.0000000000000        0.0000000000000000        0.0000000000000000     
   4070.0000000000000        0.0000000000000000        0.0000000000000000     
   4090.0000000000000        0.0000000000000000        0.0000000000000000     
   4110.0000000000000        0.0000000000000000        0.0000000000000000     
   4130.0000000000000        0.0000000000000000        0.0000000000000000     
   4150.0000000000000        0.0000000000000000        0.0000000000000000     
   4170.0000000000000        0.0000000000000000        0.0000000000000000     
   4190.0000000000000        0.0000000000000000        0.0000000000000000     
   4210.0000000000000        0.0000000000000000        0.0000000000000000     
   4230.0000000000000        0.0000000000000000        0.0000000000000000     
   4250.0000000000000        0.0000000000000000        0.0000000000000000     
   4270.0000000000000        0.0000000000000000        0.0000000000000000     
   4290.0000000000000        0.0000000000000000        0.0000000000000000     
   4310.0000000000000        0.0000000000000000        0.0000000000000000     
   4330.0000000000000        0.0000000000000000        0.0000000000000000     
   4350.0000000000000        0.0000000000000000        0.0000000000000000     
   4370.0000000000000        0.0000000000000000        0.0000000000000000     
   4390.0000000000000        0.0000000000000000        0.0000000000000000     
   4410.0000000000000        0.0000000000000000        0.0000000000000000     
   4430.0000000000000        0.0000000000000000        0.0000000000000000     
   4450.0000000000000        0.0000000000000000        0.0000000000000000     
   4470.0000000000000        0.0000000000000000        0.0000000000000000     
   4490.0000000000000        0.0000000000000000        0.0000000000000000     
   4510.0000000000000        0.0000000000000000        0.0000000000000000     
   4530.0000000000000        0.0000000000000000        0.0000000000000000     
   4550.0000000000000        0.0000000000000000        0.0000000000000000     
   4570.0000000000000        0.0000000000000000        0.0000000000000000     
   4590.0000000000000        0.0000000000000000        0.0000000000000000     
   4610.0000000000000        0.0000000000000000        0.0000000000000000     
   4630.0000000000000        0.0000000000000000        0.0000000000000000     
   4650.0000000000000        0.0000000000000000        0.0000000000000000     
   4670.0000000000000        0.0000000000000000        0.0000000000000000     
   4690.0000000000000        0.0000000000000000        0.0000000000000000     
   4710.0000000000000        0.0000000000000000        0.0000000000000000     
   4730.0000000000000        0.0000000000000000        0.0000000000000000     
   4750.0000000000000        0.0000000000000000        0.0000000000000000     
   4770.0000000000000        0.0000000000000000        0.0000000000000000     
   4790.0000000000000        0.0000000000000000        0.0000000000000000     
   4810.0000000000000        0.0000000000000000        0.0000000000000000     
   4830.0000000000000        0.0000000000000000        0.0000000000000000     
   4850.0000000000000        0.0000000000000000        0.0000000000000000     
   4870.0000000000000        0.0000000000000000        0.0000000000000000     
   4890.0000000000000        0.0000000000000000        0.0000000000000000     
   4910.0000000000000        0.0000000000000000        0.0000000000000000     
   4930.0000000000000        0.0000000000000000        0.0000000000000000     
   4950.0000000000000        0.0000000000000000        0.0000000000000000     
   4970.0000000000000        0.0000000000000000        0.0000000000000000     
   4990.0000000000000        0.0000000000000000        0.0000000000000000     
   5010.0000000000000        0.0000000000000000        0.0000000000000000     
   5030.0000000000000        0.0000000000000000        0.0000000000000000     
   5050.0000000000000        0.0000000000000000        0.0000000000000000     
   5070.0000000000000        0.0000000000000000        0.0000000000000000     
   5090.0000000000000        0.0000000000000000        0.0000000000000000     
   5110.0000000000000        0.0000000000000000        0.0000000000000000     
   5130.0000000000000        0.0000000000000000        0.0000000000000000     
   5150.0000000000000        0.0000000000000000        0.0000000000000000     
   5170.0000000000000        0.0000000000000000        0.0000000000000000     
   5190.0000000000000        0.0000000000000000        0.0000000000000000     
   5210.0000000000000        0.0000000000000000        0.0000000000000000     
   5230.0000000000000        0.0000000000000000        0.0000000000000000     
   5250.0000000000000        0.0000000000000000        0.0000000000000000     
   5270.0000000000000        0.0000000000000000        0.0000000000000000     
   5290.0000000000000        0.0000000000000000        0.0000000000000000     
   5310.0000000000000        0.0000000000000000        0.0000000000000000     
   5330.0000000000000        0.0000000000000000        0.0000000000000000     
   5350.0000000000000        0.0000000000000000        0.0000000000000000     
   5370.0000000000000        0.0000000000000000        0.0000000000000000     
   5390.0000000000000        0.0000000000000000        0.0000000000000000     
   5410.0000000000000        0.0000000000000000        0.0000000000000000     
   5430.0000000000000        0.0000000000000000        0.0000000000000000     
   5450.0000000000000        0.0000000000000000        0.0000000000000000     
   5470.0000000000000        0.0000000000000000        0.0000000000000000     
   5490.0000000000000        0.0000000000000000        0.0000000000000000     
   5510.0000000000000        0.0000000000000000        0.0000000000000000     
   5530.0000000000000        0.0000000000000000        0.0000000000000000     
   5550.0000000000000        0.0000000000000000        0.0000000000000000     
   5570.0000000000000        0.0000000000000000        0.0000000000000000     
   5590.0000000000000        0.0000000000000000        0.0000000000000000     
   5610.0000000000000        0.0000000000000000        0.0000000000000000     
   5630.0000000000000        0.0000000000000000        0.0000000000000000     
   5650.0000000000000        0.0000000000000000        0.0000000000000000     
   5670.0000000000000        0.0000000000000000        0.0000000000000000     
   5690.0000000000000        0.0000000000000000        0.0000000000000000     
   5710.0000000000000        0.0000000000000000        0.0000000000000000     
   5730.0000000000000        0.0000000000000000        0.0000000000000000     
   5750.0000000000000        0.0000000000000000        0.0000000000000000     
   5770.0000000000000        0.0000000000000000        0.0000000000000000     
   5790.0000000000000        0.0000000000000000        0.0000000000000000     
   5810.0000000000000        0.0000000000000000        0.0000000000000000     
   5830.0000000000000        0.0000000000000000        0.0000000000000000     
   5850.0000000000000        0.0000000000000000        0.0000000000000000     
   5870.0000000000000        0.0000000000000000        0.0000000000000000     
   5890.0000000000000        0.0000000000000000        0.0000000000000000     
   5910.0000000000000        0.0000000000000000        0.0000000000000000     
   5930.0000000000000        0.0000000000000000        0.0000000000000000     
   5950.0000000000000        0.0000000000000000        0.0000000000000000     
   5970.0000000000000        0.0000000000000000        0.0000000000000000     
   5990.0000000000000        0.0000000000000000        0.0000000000000000     
