  -2.2500000000000000        4.5048291000000002E-007   1.0493173000000000E-007
  -1.7500000000000000        1.0445110999999999E-006   2.1241543999999999E-007
  -1.2500000000000000        9.0574429000000001E-007   1.8199340000000000E-007
 -0.75000000000000000        1.3978912000000000E-006   2.6773449999999999E-007
 -0.25000000000000000        2.3309673000000002E-006   5.3943867999999999E-007
  0.25000000000000000        1.5981069000000000E-006   2.4318380999999999E-007
  0.75000000000000000        1.4742244000000000E-006   2.4663093000000002E-007
   1.2500000000000000        1.3362032000000000E-006   1.8075740999999999E-007
   1.7500000000000000        9.5693948999999999E-007   1.8475404000000000E-007
   2.2500000000000000        4.8987942999999999E-007   9.0569721999999994E-008
