  -2.2500000000000000        9.7901184910000001E-005   1.7310762222992357E-006
  -1.7500000000000000        1.6383658110000001E-004   2.0181888488887466E-006
  -1.2500000000000000        2.2531404429000000E-004   2.2469137930541529E-006
 -0.75000000000000000        2.8863293120000001E-004   2.4347871042401734E-006
 -0.25000000000000000        3.1748795729999999E-004   2.8230280169294284E-006
  0.25000000000000000        3.2364748689999996E-004   3.0840119454387538E-006
  0.75000000000000000        2.9573933439999998E-004   2.6476387204612252E-006
   1.2500000000000000        2.4122003319999998E-004   3.2754279326222640E-006
   1.7500000000000000        1.7292851948999999E-004   2.1576209670676663E-006
   2.2500000000000000        1.0410380943000000E-004   2.0372400279615550E-006
