  -8.7500000000000000        1.8321931000000001E-008   1.8299014999999999E-008
  -8.2500000000000000        7.5656849999999996E-007   3.6404357999999999E-007
  -7.7500000000000000        7.4059638174999996E-006   2.0044868464820549E-006
  -7.2500000000000000        1.5817094380000002E-005   1.7992560295524109E-006
  -6.7500000000000000        3.4230296345000001E-005   2.5679072461530286E-006
  -6.2500000000000000        6.0660504920000001E-005   1.7598653105903911E-006
  -5.7500000000000000        9.3534200609999996E-005   1.6268267390980057E-006
  -5.2500000000000000        1.3185100695000001E-004   1.5684133533898989E-006
  -4.7500000000000000        1.6157220428000002E-004   1.4909891846746437E-006
  -4.2500000000000000        1.7975362521000001E-004   1.5007829235349961E-006
  -3.7500000000000000        1.7356759660000002E-004   1.4247042417667956E-006
  -3.2500000000000000        1.4505375769999999E-004   1.3077307826264188E-006
  -2.7500000000000000        1.0857999119000000E-004   1.1048876586879666E-006
  -2.2500000000000000        0.0000000000000000        0.0000000000000000     
  -1.7500000000000000        0.0000000000000000        0.0000000000000000     
  -1.2500000000000000        0.0000000000000000        0.0000000000000000     
 -0.75000000000000000        0.0000000000000000        0.0000000000000000     
 -0.25000000000000000        0.0000000000000000        0.0000000000000000     
  0.25000000000000000        0.0000000000000000        0.0000000000000000     
  0.75000000000000000        0.0000000000000000        0.0000000000000000     
   1.2500000000000000        0.0000000000000000        0.0000000000000000     
   1.7500000000000000        0.0000000000000000        0.0000000000000000     
   2.2500000000000000        0.0000000000000000        0.0000000000000000     
   2.7500000000000000        1.1128372620000001E-004   1.1420783038656376E-006
   3.2500000000000000        1.4645012213000000E-004   1.2972327108025670E-006
   3.7500000000000000        1.7634123579999999E-004   1.4805381739421638E-006
   4.2500000000000000        1.8066567830000001E-004   1.5203129986857979E-006
   4.7500000000000000        1.6133923519000002E-004   1.5339939182525317E-006
   5.2500000000000000        1.2794415429000000E-004   1.5038198941549974E-006
   5.7500000000000000        9.2732985030000010E-005   1.5337672226912834E-006
   6.2500000000000000        5.9706957270999997E-005   1.7916784922906757E-006
   6.7500000000000000        3.7722456587000002E-005   2.2859485682500373E-006
   7.2500000000000000        1.5736722000000001E-005   1.8501660999999999E-006
   7.7500000000000000        7.0899011999999998E-006   2.0475396999999999E-006
   8.2500000000000000        9.9759447000000004E-007   4.5346186000000001E-007
   8.7500000000000000        0.0000000000000000        0.0000000000000000     
