# title = Invariant Mass Jet Pair
# xlabel = $M_{\text{j}_1\text{j}_2}\,$[GeV]
# ylabel = $\frac{\text{d}\sigma}{\text{d}M_{\text{j}_1\text{j}_2}}\,\left[\frac{\text{fb}}{\text{GeV}}\right]$
# xmin=  0.000E+00
# xmax=  1.600E+03
# ymin=  1.000E-06
# ymax=  1.000E-02
# kmin= -2.000E+01
# kmax=  1.000E+01
# logscale = true
# Renormalization and factorization scale scaled by: 1.0000000000
# Renormalization scaled by: .0000000000
# Number of generated events: 9239286404
#
#=====================================================================================
# No.       Left      Right                   Value                   Error Hits
#-------------------------------------------------------------------------------------
   1       0.00      50.00  0.000000000000000E+00  0.000000000000000E+00 0
   2      50.00     100.00  0.000000000000000E+00  0.000000000000000E+00 0
   3     100.00     150.00  0.000000000000000E+00  0.000000000000000E+00 0
   4     150.00     200.00  0.000000000000000E+00  0.000000000000000E+00 0
   5     200.00     250.00  0.000000000000000E+00  0.000000000000000E+00 0
   6     250.00     300.00  0.000000000000000E+00  0.000000000000000E+00 0
   7     300.00     350.00  0.000000000000000E+00  0.000000000000000E+00 0
   8     350.00     400.00  0.000000000000000E+00  0.000000000000000E+00 0
   9     400.00     450.00  0.000000000000000E+00  0.000000000000000E+00 0
  10     450.00     500.00  0.000000000000000E+00  0.000000000000000E+00 0
  11     500.00     550.00  4.311905465020158E-04  8.407065153700260E-08 371331007
  12     550.00     600.00  4.454847021631156E-04  9.006078771715098E-08 365687412
  13     600.00     650.00  4.513855931945747E-04  9.523925857497546E-08 357489140
  14     650.00     700.00  4.503631166621643E-04  9.931120080072116E-08 347729976
  15     700.00     750.00  4.444381603103962E-04  1.028787158883145E-07 336952331
  16     750.00     800.00  4.344491367719143E-04  1.055655908186406E-07 325644493
  17     800.00     850.00  4.220108989463899E-04  1.075787509765206E-07 314118614
  18     850.00     900.00  4.073478578299937E-04  1.087939711578749E-07 302624609
  19     900.00     950.00  3.912984604478197E-04  1.095192851347976E-07 291205391
  20     950.00    1000.00  3.747222959194999E-04  1.103549022795368E-07 280015602
  21    1000.00    1050.00  3.575334155611458E-04  1.102805619130781E-07 269204577
  22    1050.00    1100.00  3.406567545851289E-04  1.101921637293061E-07 258724526
  23    1100.00    1150.00  3.232829963060154E-04  1.091740367073629E-07 248651146
  24    1150.00    1200.00  3.065775771162023E-04  1.081137121292582E-07 238962916
  25    1200.00    1250.00  2.899529321732449E-04  1.067493850699889E-07 229672616
  26    1250.00    1300.00  2.744682390763010E-04  1.058366981804268E-07 220791156
  27    1300.00    1350.00  2.591725024088013E-04  1.042237450928030E-07 212328018
  28    1350.00    1400.00  2.445761059201097E-04  1.026591677336562E-07 204183333
  29    1400.00    1450.00  2.306600406515759E-04  1.006296534384634E-07 196472077
  30    1450.00    1500.00  2.174762684876034E-04  9.878446491407299E-08 189085528
  31    1500.00    1550.00  2.046809439712091E-04  9.670255492593362E-08 182041382
  32    1550.00    1600.00  1.923985257588948E-04  9.437745792318023E-08 175285378
  33    1600.00    1650.00  1.810682830224883E-04  9.234958816027779E-08 168887379
  34    1650.00    1700.00  1.702839830892381E-04  8.992198143947248E-08 162755688
  35    1700.00    1750.00  1.598714735236260E-04  8.758771058972157E-08 156891913
  36    1750.00    1800.00  1.502475096320788E-04  8.561956362106434E-08 151283860
  37    1800.00    1850.00  1.412376625004323E-04  8.314935651793696E-08 145984446
  38    1850.00    1900.00  1.323342108207596E-04  8.060836502083625E-08 140830671
  39    1900.00    1950.00  1.243596848253036E-04  7.838737349324159E-08 135994461
  40    1950.00    2000.00  1.167358180200483E-04  7.578151206839191E-08 131316524
  41    2000.00    2050.00  1.094356136799072E-04  7.308005016390675E-08 126845313
  42    2050.00    2100.00  1.026197206568861E-04  7.082222581430893E-08 122580757
  43    2100.00    2150.00  9.633709425681112E-05  6.836488907364114E-08 118477480
  44    2150.00    2200.00  9.025762151047713E-05  6.617340817633285E-08 114566746
  45    2200.00    2250.00  8.460040050161872E-05  6.361572594809487E-08 110796978
  46    2250.00    2300.00  7.927085732390850E-05  6.182755600305934E-08 107206078
  47    2300.00    2350.00  7.428471241272211E-05  5.935830341784744E-08 103723742
  48    2350.00    2400.00  6.957133096284893E-05  5.700981072136551E-08 100411176
  49    2400.00    2450.00  6.508458664986737E-05  5.443824056127385E-08 97207805
  50    2450.00    2500.00  6.095843410251200E-05  5.246835508979766E-08 94146072
  51    2500.00    2550.00  5.720378278558149E-05  5.078936364865325E-08 91200800
  52    2550.00    2600.00  5.344936778879304E-05  4.873791046953717E-08 88363066
  53    2600.00    2650.00  5.007823711610400E-05  4.717805629463446E-08 85681708
  54    2650.00    2700.00  4.683093433407903E-05  4.491081067279983E-08 83040312
  55    2700.00    2750.00  4.381587856872077E-05  4.288061281095609E-08 80507625
  56    2750.00    2800.00  4.100790959332341E-05  4.095478689516541E-08 78080630
  57    2800.00    2850.00  3.826374246215679E-05  3.900037619206652E-08 75723866
  58    2850.00    2900.00  3.580207494146443E-05  3.729514203911268E-08 73478813
  59    2900.00    2950.00  3.362072689502448E-05  3.602124177973659E-08 71305683
  60    2950.00    3000.00  3.139517666264507E-05  3.444195901106422E-08 69208391
  61    3000.00    3050.00  2.929025261670745E-05  3.267580746295027E-08 67194216
  62    3050.00    3100.00  2.732844679815880E-05  3.081034164618002E-08 65221910
  63    3100.00    3150.00  2.557371420313227E-05  2.984754236873052E-08 63349726
  64    3150.00    3200.00  2.394899042348742E-05  2.850898263041762E-08 61536842
  65    3200.00    3250.00  2.233386102219046E-05  2.705426738941479E-08 59772315
  66    3250.00    3300.00  2.086475143206773E-05  2.580405540951791E-08 58066841
  67    3300.00    3350.00  1.947227080826953E-05  2.667751944892064E-08 56426979
  68    3350.00    3400.00  1.820923699585325E-05  2.338043390050997E-08 54839992
  69    3400.00    3450.00  1.698329440192177E-05  2.209557295253170E-08 53306947
  70    3450.00    3500.00  1.586448108869333E-05  2.116410303983634E-08 51822406
  71    3500.00    3550.00  1.476573438745884E-05  2.013618348620592E-08 50376197
  72    3550.00    3600.00  1.377181994068645E-05  1.900327395832592E-08 48992079
  73    3600.00    3650.00  1.283767767053866E-05  1.787403713905994E-08 47648047
  74    3650.00    3700.00  1.200237919744552E-05  1.703347437971014E-08 46331484
  75    3700.00    3750.00  1.118099516144602E-05  1.620305390585724E-08 45089197
  76    3750.00    3800.00  1.041324946162536E-05  1.519318105975265E-08 43847924
  77    3800.00    3850.00  9.705416216726631E-06  1.446733851560917E-08 42652740
  78    3850.00    3900.00  9.035244429204300E-06  1.360875101088761E-08 41497849
  79    3900.00    3950.00  8.433460852351789E-06  1.296153213030532E-08 40396395
  80    3950.00    4000.00  7.821168333801222E-06  1.205750372761539E-08 39299124
  81    4000.00    4050.00  7.317186851037603E-06  1.194377662324685E-08 38257407
  82    4050.00    4100.00  6.805124304880129E-06  1.087965264362473E-08 37233009
  83    4100.00    4150.00  6.334429679896466E-06  1.031178313321024E-08 36254073
  84    4150.00    4200.00  5.897485421695567E-06  9.741911480632607E-09 35281501
  85    4200.00    4250.00  5.500178788628152E-06  9.225021633282433E-09 34355503
  86    4250.00    4300.00  5.118292948140913E-06  8.699339011686574E-09 33456765
  87    4300.00    4350.00  4.745899277412879E-06  8.185211520777240E-09 32570979
  88    4350.00    4400.00  4.409337425338111E-06  7.552795583315561E-09 31718441
  89    4400.00    4450.00  4.113614180678645E-06  7.271599418832125E-09 30875401
  90    4450.00    4500.00  3.812589557610943E-06  6.695575481157530E-09 30082217
  91    4500.00    4550.00  3.546262409694213E-06  6.375185623540068E-09 29300254
  92    4550.00    4600.00  3.300537191167070E-06  6.025224181782496E-09 28529838
  93    4600.00    4650.00  3.069774697389761E-06  5.711053971018259E-09 27786466
  94    4650.00    4700.00  2.852946377930256E-06  5.490921394076103E-09 27067264
  95    4700.00    4750.00  2.651667970421000E-06  5.022111271932809E-09 26369192
  96    4750.00    4800.00  2.456934045761632E-06  4.656340606217380E-09 25690817
  97    4800.00    4850.00  2.279111680831782E-06  4.404333168768792E-09 25020319
  98    4850.00    4900.00  2.110363121125526E-06  4.093238958404406E-09 24372480
  99    4900.00    4950.00  1.958598307468937E-06  3.833945232790251E-09 23737748
 100    4950.00    5000.00  1.820028021773159E-06  3.623292260439294E-09 23128055
 101    5000.00    5050.00  1.685751102670947E-06  3.429042779890803E-09 22529541
 102    5050.00    5100.00  1.562102556015783E-06  3.156954688967129E-09 21957078
 103    5100.00    5150.00  1.443781688630300E-06  2.935129056868378E-09 21384564
 104    5150.00    5200.00  1.347121458825187E-06  2.805261758226607E-09 20839555
 105    5200.00    5250.00  1.242905604788139E-06  2.563115130546006E-09 20304386
 106    5250.00    5300.00  1.148425856067517E-06  2.395834848028263E-09 19780009
 107    5300.00    5350.00  1.066324230094231E-06  2.252672845714156E-09 19275864
 108    5350.00    5400.00  9.905356549836960E-07  2.122065747468987E-09 18783124
 109    5400.00    5450.00  9.147736353662751E-07  1.974129622008586E-09 18284660
 110    5450.00    5500.00  8.474873319757928E-07  1.895727341818573E-09 17830740
 111    5500.00    5550.00  7.869787734427460E-07  1.748816601823368E-09 17373451
 112    5550.00    5600.00  7.230020928889140E-07  1.609985110397405E-09 16920968
 113    5600.00    5650.00  6.694133614462328E-07  1.508290819621785E-09 16485752
 114    5650.00    5700.00  6.203689358958887E-07  1.481654910016805E-09 16061045
 115    5700.00    5750.00  5.751558418639353E-07  1.326299651676011E-09 15648967
 116    5750.00    5800.00  5.309529713704686E-07  1.237794392290586E-09 15247262
 117    5800.00    5850.00  4.890782639232158E-07  1.144886049606090E-09 14851622
 118    5850.00    5900.00  4.494750255025079E-07  1.068603092288467E-09 14459060
 119    5900.00    5950.00  4.144073719160024E-07  9.773460526439806E-10 14094655
 120    5950.00    6000.00  3.838491477097787E-07  9.144944046510914E-10 13725669
 121    6000.00    6050.00  3.543997699363736E-07  8.646618182034626E-10 13370668
 122    6050.00    6100.00  3.265171578467867E-07  7.913102635420762E-10 13023306
 123    6100.00    6150.00  3.011962632177484E-07  7.394362490082896E-10 12685738
 124    6150.00    6200.00  2.780491498049726E-07  6.961761385620825E-10 12358320
 125    6200.00    6250.00  2.574865781238188E-07  6.474452448746234E-10 12031217
 126    6250.00    6300.00  2.373480218908059E-07  6.026287641109406E-10 11719985
 127    6300.00    6350.00  2.182560386507583E-07  5.581169830452536E-10 11413210
 128    6350.00    6400.00  2.010862202652663E-07  5.194287867972109E-10 11111414
 129    6400.00    6450.00  1.856406190714656E-07  4.852658390400536E-10 10820953
 130    6450.00    6500.00  1.709501467483797E-07  4.477569481070456E-10 10535198
 131    6500.00    6550.00  1.567896149733060E-07  4.196290024999277E-10 10255800
 132    6550.00    6600.00  1.445340936920771E-07  3.838454839438359E-10 9988829
 133    6600.00    6650.00  1.321724082971901E-07  3.537267591171646E-10 9725946
 134    6650.00    6700.00  1.221204783172241E-07  3.273226961355887E-10 9464779
 135    6700.00    6750.00  1.123590707910986E-07  3.074313263261947E-10 9212581
 136    6750.00    6800.00  1.034278967522187E-07  2.829349326517837E-10 8967864
 137    6800.00    6850.00  9.457642831373569E-08  2.658834402345447E-10 8723961
 138    6850.00    6900.00  8.700538347975901E-08  2.431377981043309E-10 8495113
 139    6900.00    6950.00  8.006975750795771E-08  2.244508795834246E-10 8262405
 140    6950.00    7000.00  7.371536342771569E-08  2.106040162160227E-10 8037501
 141    7000.00    7050.00  6.757999265748647E-08  1.964437748807739E-10 7826742
 142    7050.00    7100.00  6.143208699612427E-08  1.773923154573446E-10 7606614
 143    7100.00    7150.00  5.668262863233979E-08  1.653194331041005E-10 7405445
 144    7150.00    7200.00  5.209117689993130E-08  1.541528448417257E-10 7193856
 145    7200.00    7250.00  4.783040014358177E-08  1.436726041048796E-10 6997074
 146    7250.00    7300.00  4.375413567988441E-08  1.315578781808850E-10 6805076
 147    7300.00    7350.00  3.996840797473595E-08  1.195554256035394E-10 6616445
 148    7350.00    7400.00  3.663995817399617E-08  1.125713886361303E-10 6432124
 149    7400.00    7450.00  3.356927897313695E-08  1.056451357428131E-10 6244224
 150    7450.00    7500.00  3.070092207040660E-08  9.478280308733792E-11 6072359
 151    7500.00    7550.00  2.815466236064266E-08  8.759942289743525E-11 5908699
 152    7550.00    7600.00  2.575908671826288E-08  8.167986440125306E-11 5735300
 153    7600.00    7650.00  2.338865388255618E-08  7.354417636724996E-11 5569819
 154    7650.00    7700.00  2.148331335874155E-08  6.939254704978937E-11 5409168
 155    7700.00    7750.00  1.965122783298196E-08  6.393775310566143E-11 5252632
 156    7750.00    7800.00  1.783181318191486E-08  5.767616182703491E-11 5102676
 157    7800.00    7850.00  1.634736802547067E-08  5.449788043467529E-11 4954233
 158    7850.00    7900.00  1.499218460778246E-08  5.077059718927879E-11 4808224
 159    7900.00    7950.00  1.362133235066778E-08  4.661948970103665E-11 4663845
 160    7950.00    8000.00  1.247307765463164E-08  4.227049155925436E-11 4524103
 161    8000.00    8050.00  1.131342075674981E-08  3.899968124328711E-11 4390967
 162    8050.00    8100.00  1.036709183212034E-08  3.670821218174618E-11 4259679
 163    8100.00    8150.00  9.382481092632455E-09  3.303493079533297E-11 4130190
 164    8150.00    8200.00  8.570937587136186E-09  3.082006960332632E-11 4006213
 165    8200.00    8250.00  7.807377622255109E-09  2.788918407740624E-11 3885445
 166    8250.00    8300.00  7.061066407167845E-09  2.584017831687513E-11 3759871
 167    8300.00    8350.00  6.477987689134804E-09  2.437826808687341E-11 3646893
 168    8350.00    8400.00  5.835001471458054E-09  2.152881840869918E-11 3531290
 169    8400.00    8450.00  5.266140884913047E-09  1.931183333285474E-11 3418251
 170    8450.00    8500.00  4.801545862234701E-09  1.813731040273084E-11 3308658
 171    8500.00    8550.00  4.402174368967106E-09  1.727214186254756E-11 3205673
 172    8550.00    8600.00  3.978921750134879E-09  1.519838112303906E-11 3100658
 173    8600.00    8650.00  3.578769231822732E-09  1.382232984332749E-11 2998179
 174    8650.00    8700.00  3.260282085826178E-09  1.279576444131095E-11 2903646
 175    8700.00    8750.00  2.963287174774876E-09  1.177754950385587E-11 2808914
 176    8750.00    8800.00  2.688107406144275E-09  1.076142769907413E-11 2711482
 177    8800.00    8850.00  2.414523582350726E-09  9.753008158082933E-12 2620688
 178    8850.00    8900.00  2.189343924127157E-09  9.218178516095904E-12 2530064
 179    8900.00    8950.00  1.967598279798507E-09  8.201177743319821E-12 2444178
 180    8950.00    9000.00  1.786193399335197E-09  7.327879661871360E-12 2358593
 181    9000.00    9050.00  1.608083025462669E-09  6.743223765111074E-12 2276983
 182    9050.00    9100.00  1.456098662797914E-09  6.189181770273706E-12 2195416
 183    9100.00    9150.00  1.312102748299464E-09  5.661947048026552E-12 2117003
 184    9150.00    9200.00  1.186602344096140E-09  5.283799797482861E-12 2042583
 185    9200.00    9250.00  1.058868126848954E-09  4.613804072785693E-12 1965080
 186    9250.00    9300.00  9.504850717529467E-10  4.127166488105701E-12 1896587
 187    9300.00    9350.00  8.593194033015873E-10  3.804308534672623E-12 1825986
 188    9350.00    9400.00  7.666458147029970E-10  3.476112685872145E-12 1753975
 189    9400.00    9450.00  6.933908229845166E-10  3.128494220511747E-12 1689910
 190    9450.00    9500.00  6.174646299091527E-10  2.819849950161538E-12 1622645
 191    9500.00    9550.00  5.528151531211010E-10  2.634278798124079E-12 1561672
 192    9550.00    9600.00  4.923308552083330E-10  2.523189274168912E-12 1498118
 193    9600.00    9650.00  4.406759021264934E-10  2.037900082758732E-12 1438122
 194    9650.00    9700.00  3.913312088058418E-10  1.786186527823629E-12 1381034
 195    9700.00    9750.00  3.529350368003357E-10  1.646275583121372E-12 1322228
 196    9750.00    9800.00  3.121686955350778E-10  1.484461283166957E-12 1266953
 197    9800.00    9850.00  2.796161809020424E-10  1.342302919009117E-12 1215902
 198    9850.00    9900.00  2.485418493544899E-10  1.191419340336580E-12 1164788
 199    9900.00    9950.00  2.189562838041323E-10  1.065094704561326E-12 1114688
 200    9950.00   10000.00  1.934553874285563E-10  9.430551705407082E-13 1065718
 201   10000.00   10050.00  1.700852996692066E-10  8.469714485929909E-13 1016944
 202   10050.00   10100.00  1.502252950512598E-10  7.569285061253513E-13 970341
 203   10100.00   10150.00  1.322567010835995E-10  6.644836127738415E-13 925283
 204   10150.00   10200.00  1.156288599577788E-10  5.789738251011819E-13 882943
 205   10200.00   10250.00  1.005295231766884E-10  5.031097951389618E-13 840616
 206   10250.00   10300.00  8.763037584047741E-11  4.582085772799857E-13 800217
 207   10300.00   10350.00  7.595949451370676E-11  3.886009455806369E-13 760547
 208   10350.00   10400.00  6.617160615408720E-11  3.544760944463565E-13 721953
 209   10400.00   10450.00  5.660281247356257E-11  3.030603586956284E-13 685564
 210   10450.00   10500.00  4.904628463057179E-11  2.672729772929675E-13 650707
 211   10500.00   10550.00  4.192259592965444E-11  2.335356713225806E-13 615145
 212   10550.00   10600.00  3.606331902194726E-11  2.023496541543333E-13 583594
 213   10600.00   10650.00  3.045320397731797E-11  1.712403063396639E-13 550107
 214   10650.00   10700.00  2.566365279854427E-11  1.499256306310104E-13 518833
 215   10700.00   10750.00  2.178290811858373E-11  1.316614311597461E-13 489777
 216   10750.00   10800.00  1.800623594887471E-11  1.078435078348016E-13 459693
 217   10800.00   10850.00  1.510258414000014E-11  9.376670879262599E-14 433741
 218   10850.00   10900.00  1.256664873388227E-11  8.058522435319311E-14 406296
 219   10900.00   10950.00  1.034644371194250E-11  6.851345354332814E-14 380951
 220   10950.00   11000.00  8.399953900722254E-12  5.629836900988399E-14 357044
 221   11000.00   11050.00  6.949282189571745E-12  4.810403533496005E-14 332815
 222   11050.00   11100.00  5.544340477172125E-12  3.908943443520528E-14 309634
 223   11100.00   11150.00  4.423744149179671E-12  3.145262856465438E-14 288808
 224   11150.00   11200.00  3.595150746653623E-12  2.650112375725123E-14 267884
 225   11200.00   11250.00  2.808495699461095E-12  2.150604343247268E-14 248299
 226   11250.00   11300.00  2.232981375152188E-12  1.823598959280687E-14 230068
 227   11300.00   11350.00  1.726689481012646E-12  1.402918875244272E-14 212352
 228   11350.00   11400.00  1.339708152433658E-12  1.133187823659085E-14 195032
 229   11400.00   11450.00  1.037348074967514E-12  9.273048163844867E-15 179056
 230   11450.00   11500.00  7.632705272007294E-13  7.045762508779492E-15 163907
 231   11500.00   11550.00  5.857008494632092E-13  6.002226055509889E-15 149458
 232   11550.00   11600.00  4.282098063835373E-13  4.458221443739115E-15 134148
 233   11600.00   11650.00  3.199803167746491E-13  3.435409521203820E-15 122091
 234   11650.00   11700.00  2.228664340661939E-13  2.504474846568025E-15 110420
 235   11700.00   11750.00  1.636626954390531E-13  1.985047743523790E-15 99149
 236   11750.00   11800.00  1.132666965148602E-13  1.411781809781748E-15 88604
 237   11800.00   11850.00  8.042879607520870E-14  1.053366853903349E-15 78676
 238   11850.00   11900.00  5.455479108019818E-14  7.565770817744240E-16 69382
 239   11900.00   11950.00  3.612184709128924E-14  5.547705304605976E-16 60927
 240   11950.00   12000.00  2.428965714653164E-14  3.943997401819039E-16 52986
 241   12000.00   12050.00  1.486813599992380E-14  2.523539083778726E-16 45434
 242   12050.00   12100.00  9.483700764204822E-15  1.736934420771272E-16 39037
 243   12100.00   12150.00  5.944987952256979E-15  1.197388141489533E-16 33159
 244   12150.00   12200.00  3.428605068222905E-15  7.523059829959054E-17 27854
 245   12200.00   12250.00  1.986101822360244E-15  4.482671337579810E-17 23252
 246   12250.00   12300.00  1.067148100292959E-15  2.676740691000023E-17 18660
 247   12300.00   12350.00  5.372942028887695E-16  1.480936185538183E-17 15134
 248   12350.00   12400.00  2.737102767974957E-16  8.715345291679176E-18 11656
 249   12400.00   12450.00  1.416586652213654E-16  4.888039943369237E-18 9135
 250   12450.00   12500.00  5.834353910258051E-17  2.333992642430284E-18 6642
 251   12500.00   12550.00  2.522870592573989E-17  1.119652926664012E-18 4701
 252   12550.00   12600.00  8.278980752124987E-18  4.675717596363307E-19 3111
 253   12600.00   12650.00  2.629522084393805E-18  1.788952407174245E-19 1990
 254   12650.00   12700.00  6.777411189753554E-19  6.256469414470755E-20 1097
 255   12700.00   12750.00  8.353192532617855E-20  1.179310255606998E-20 496
 256   12750.00   12800.00  4.803543021786839E-21  1.610696478814451E-21 153
 257   12800.00   12850.00  3.686671291056936E-24  2.478970517189277E-24 6
 258   12850.00   12900.00  0.000000000000000E+00  0.000000000000000E+00 0
 259   12900.00   12950.00  0.000000000000000E+00  0.000000000000000E+00 0
 260   12950.00   13000.00  0.000000000000000E+00  0.000000000000000E+00 0
# Underflow:                 0.0000000000000000E+00  0.0000000000000000E+00 0
# Overflow:                  0.0000000000000000E+00  0.0000000000000000E+00 0
#-------------------------------------------------------------------------------------
# Sum:                       9.8682013104434071E-03  1.1737748811877274E-06 817479000
#=====================================================================================
