# title = Transverse Momentum Positron
# xlabel = $p_{\text{T},\text{e}^+}\,$[GeV]
# ylabel = $\frac{\text{d}\sigma}{\text{d}p_{\text{T},\text{e}^+}}\,\left[\frac{\text{fb}}{\text{GeV}}\right]$
# xmin=  0.000E+00
# xmax=  8.000E+02
# ymin=  1.000E-06
# ymax=  1.000E-02
# kmin= -5.000E+01
# kmax=  1.000E+01
# logscale = true
# Renormalization and factorization scale scaled by: 1.0000000000
# Renormalization scaled by: .0000000000
# Number of generated events: 9239286404
#
#=====================================================================================
# No.       Left      Right                   Value                   Error Hits
#-------------------------------------------------------------------------------------
   1       0.00      20.00  0.000000000000000E+00  0.000000000000000E+00 0
   2      20.00      40.00  6.762082860458344E-03  6.625692681294856E-07 2695501387
   3      40.00      60.00  5.439977812487190E-03  6.341830401769590E-07 2027687489
   4      60.00      80.00  3.742048942242667E-03  5.692426048407404E-07 1315573608
   5      80.00     100.00  2.566217857853102E-03  5.032183841890774E-07 931818555
   6     100.00     120.00  1.799965795601585E-03  4.408377604916447E-07 695315687
   7     120.00     140.00  1.294790240278261E-03  3.857593547524317E-07 538023692
   8     140.00     160.00  9.526867768097693E-04  3.361226721034312E-07 427685864
   9     160.00     180.00  7.144601204616066E-04  2.944450486507088E-07 347188277
  10     180.00     200.00  5.432588801608119E-04  2.547639591765888E-07 286650537
  11     200.00     220.00  4.190028383365922E-04  2.226764636736093E-07 240023529
  12     220.00     240.00  3.265259399879842E-04  1.947241790090200E-07 203375977
  13     240.00     260.00  2.568594584976533E-04  1.705630880174622E-07 174063929
  14     260.00     280.00  2.030988376047738E-04  1.489850027212907E-07 150284997
  15     280.00     300.00  1.619508268703365E-04  1.307997221517683E-07 130745029
  16     300.00     320.00  1.298660932269071E-04  1.151938406184007E-07 114508501
  17     320.00     340.00  1.047696076430516E-04  1.013077566281319E-07 100882053
  18     340.00     360.00  8.492849291970330E-05  8.980029354158604E-08 89365914
  19     360.00     380.00  6.910711053791247E-05  7.986718252022335E-08 79544885
  20     380.00     400.00  5.644759119548626E-05  6.968906924915202E-08 71092201
  21     400.00     420.00  4.649431133346239E-05  6.255290617317229E-08 63781072
  22     420.00     440.00  3.832549812870876E-05  5.478902594229434E-08 57459960
  23     440.00     460.00  3.172578217354147E-05  4.869632463965570E-08 51905173
  24     460.00     480.00  2.636526254674106E-05  4.317093809142280E-08 47063984
  25     480.00     500.00  2.197884841060715E-05  4.023453106098108E-08 42768866
  26     500.00     520.00  1.830051338349234E-05  3.389147195213047E-08 38966601
  27     520.00     540.00  1.541029505347115E-05  3.117909377488131E-08 35581739
  28     540.00     560.00  1.298749421472647E-05  2.799201313419152E-08 32581072
  29     560.00     580.00  1.094042213487774E-05  2.465665389134646E-08 29872772
  30     580.00     600.00  9.238451157237871E-06  2.207902474112240E-08 27470483
  31     600.00     620.00  7.810124428071758E-06  1.930969331153990E-08 25279479
  32     620.00     640.00  6.693676377366539E-06  1.779561848274781E-08 23313676
  33     640.00     660.00  5.683086362368427E-06  1.617112090667791E-08 21534521
  34     660.00     680.00  4.854385421576693E-06  1.442751480008062E-08 19931858
  35     680.00     700.00  4.137448399551680E-06  1.269460157449895E-08 18465035
  36     700.00     720.00  3.565788878261915E-06  1.181301171409966E-08 17135153
  37     720.00     740.00  3.061769369986541E-06  1.048796911025978E-08 15912427
  38     740.00     760.00  2.639830834140079E-06  9.467904883436977E-09 14805128
  39     760.00     780.00  2.260559638427535E-06  8.396685710226621E-09 13788073
  40     780.00     800.00  1.955308349558835E-06  7.852668596429825E-09 12848110
  41     800.00     820.00  1.675132160767148E-06  6.594622202998762E-09 11990282
  42     820.00     840.00  1.471565311190039E-06  6.393522382948684E-09 11206574
  43     840.00     860.00  1.270921183945768E-06  5.658561468714289E-09 10481289
  44     860.00     880.00  1.107141631183660E-06  5.423367990297065E-09 9814396
  45     880.00     900.00  9.738747967012138E-07  5.111474788851074E-09 9193719
  46     900.00     920.00  8.424875008053826E-07  5.042775642560781E-09 8617070
  47     920.00     940.00  7.351950860667078E-07  4.088827270995742E-09 8091217
  48     940.00     960.00  6.484556931015714E-07  3.587008421088746E-09 7599897
  49     960.00     980.00  5.683330841934535E-07  3.428508690239214E-09 7145604
  50     980.00    1000.00  5.005794848435824E-07  3.122668797213910E-09 6719588
  51    1000.00    1020.00  4.346864620657073E-07  2.985490028259598E-09 6321396
  52    1020.00    1040.00  3.829696970117342E-07  2.427809698433540E-09 5963032
  53    1040.00    1060.00  3.331003021755122E-07  2.126024572091162E-09 5621278
  54    1060.00    1080.00  2.957049882361717E-07  2.056055843818007E-09 5302094
  55    1080.00    1100.00  2.613860475696615E-07  1.835056464366507E-09 5003887
  56    1100.00    1120.00  2.305783773582081E-07  1.717152064689394E-09 4725082
  57    1120.00    1140.00  2.017520943864007E-07  1.475790463829159E-09 4466699
  58    1140.00    1160.00  1.778268461424224E-07  1.347220702176707E-09 4217826
  59    1160.00    1180.00  1.583607651989988E-07  1.275719471110345E-09 3996255
  60    1180.00    1200.00  1.380718893688650E-07  1.067944027527310E-09 3779143
  61    1200.00    1220.00  1.242412774025988E-07  1.124653212232982E-09 3577322
  62    1220.00    1240.00  1.089692498445369E-07  9.252468455884916E-10 3390916
  63    1240.00    1260.00  9.629145340534529E-08  8.539346189928328E-10 3215867
  64    1260.00    1280.00  8.703234628393760E-08  7.771782108616052E-10 3050989
  65    1280.00    1300.00  7.791639475091033E-08  7.312629545730932E-10 2891118
  66    1300.00    1320.00  6.831635055003404E-08  6.441172088467373E-10 2742564
  67    1320.00    1340.00  6.067513514351517E-08  6.390002864044669E-10 2604386
  68    1340.00    1360.00  5.355007387593174E-08  6.744906874580290E-10 2475414
  69    1360.00    1380.00  4.716892550721046E-08  4.604675930191686E-10 2354467
  70    1380.00    1400.00  4.285093347302633E-08  4.858640325843591E-10 2235926
  71    1400.00    1420.00  3.833717001815372E-08  4.519175979124851E-10 2124389
  72    1420.00    1440.00  3.373860722221530E-08  3.763675243937794E-10 2022252
  73    1440.00    1460.00  3.014799112654234E-08  4.340205754982156E-10 1925289
  74    1460.00    1480.00  2.700208522000355E-08  3.484152382941890E-10 1832040
  75    1480.00    1500.00  2.412081312419991E-08  3.160334632162082E-10 1741710
  76    1500.00    1520.00  2.178652994689353E-08  2.751642650022445E-10 1657671
  77    1520.00    1540.00  1.912966330866859E-08  2.315644609579087E-10 1580716
  78    1540.00    1560.00  1.747144437534975E-08  2.717807888299749E-10 1505533
  79    1560.00    1580.00  1.529597240961609E-08  2.024661060279330E-10 1433560
  80    1580.00    1600.00  1.389832286520758E-08  1.831280711508949E-10 1369935
  81    1600.00    1620.00  1.208058955797606E-08  1.551797567787228E-10 1305175
  82    1620.00    1640.00  1.131078477999902E-08  1.768947300869703E-10 1244753
  83    1640.00    1660.00  9.884135452566194E-09  1.415835329242840E-10 1184835
  84    1660.00    1680.00  8.785802122482787E-09  1.257440142694968E-10 1133164
  85    1680.00    1700.00  7.976309065301222E-09  1.232768024796858E-10 1082024
  86    1700.00    1720.00  7.284668203352613E-09  1.069936250267136E-10 1033057
  87    1720.00    1740.00  6.495587003542742E-09  1.254762821622272E-10 986983
  88    1740.00    1760.00  5.754845403196431E-09  9.385524104236230E-11 940807
  89    1760.00    1780.00  5.317063125917829E-09  1.161807791554578E-10 899556
  90    1780.00    1800.00  4.769898155271351E-09  8.915593088492548E-11 860364
  91    1800.00    1820.00  4.249873828130998E-09  9.057541654137794E-11 820926
  92    1820.00    1840.00  3.786779869169834E-09  6.952184893018413E-11 784593
  93    1840.00    1860.00  3.399194202206551E-09  5.622095864419870E-11 749113
  94    1860.00    1880.00  3.040537662863746E-09  5.433563829049561E-11 716694
  95    1880.00    1900.00  2.739025836474971E-09  5.327458881462350E-11 685069
  96    1900.00    1920.00  2.579547891273808E-09  5.551869913566894E-11 655984
  97    1920.00    1940.00  2.293668244811840E-09  4.604072306418401E-11 627336
  98    1940.00    1960.00  1.950363105254943E-09  3.656505173190005E-11 599554
  99    1960.00    1980.00  1.815735053020589E-09  3.981900073223614E-11 574897
 100    1980.00    2000.00  1.675664352928795E-09  3.253140621637392E-11 549893
 101    2000.00    2020.00  1.512939430937506E-09  3.369193137986662E-11 526796
 102    2020.00    2040.00  1.382439327442304E-09  3.663451223592940E-11 502735
 103    2040.00    2060.00  1.194131816831113E-09  2.447559506465601E-11 482494
 104    2060.00    2080.00  1.147601348494379E-09  2.488382314889066E-11 461653
 105    2080.00    2100.00  1.015869145282048E-09  2.253176459095106E-11 442058
 106    2100.00    2120.00  9.071911404018949E-10  2.392910119366605E-11 423532
 107    2120.00    2140.00  8.155642509804405E-10  1.835049382356196E-11 405429
 108    2140.00    2160.00  7.762679862958539E-10  2.389743145001976E-11 387753
 109    2160.00    2180.00  6.417809967221533E-10  1.470011126769820E-11 372612
 110    2180.00    2200.00  6.579365044814199E-10  2.231531434131561E-11 355939
 111    2200.00    2220.00  5.500368668570859E-10  1.426596863541875E-11 341127
 112    2220.00    2240.00  5.000425046125915E-10  1.424234698217690E-11 327617
 113    2240.00    2260.00  4.506369145722756E-10  1.271233582721428E-11 312930
 114    2260.00    2280.00  4.032946396004262E-10  1.073592340056307E-11 300154
 115    2280.00    2300.00  3.864390607042214E-10  1.299005061991356E-11 287233
 116    2300.00    2320.00  3.485020714368557E-10  1.316139036425719E-11 274747
 117    2320.00    2340.00  2.971519117309266E-10  8.402419735737790E-12 264193
 118    2340.00    2360.00  2.714971614120774E-10  7.875672282241889E-12 253091
 119    2360.00    2380.00  2.337472475754077E-10  6.236524282229005E-12 242453
 120    2380.00    2400.00  2.111774404544585E-10  6.369851565064988E-12 231889
 121    2400.00    2420.00  1.924299454269053E-10  5.521403452007876E-12 223352
 122    2420.00    2440.00  1.827313210017285E-10  6.102427230351566E-12 213846
 123    2440.00    2460.00  1.574259922923806E-10  4.986396533945625E-12 203993
 124    2460.00    2480.00  1.467337996341384E-10  4.380343167431987E-12 196917
 125    2480.00    2500.00  1.354488960762625E-10  4.389369023437684E-12 188833
 126    2500.00    2520.00  1.269089835779950E-10  4.679948504927336E-12 180375
 127    2520.00    2540.00  1.103465329442725E-10  3.676216442050128E-12 172925
 128    2540.00    2560.00  1.070014374818967E-10  5.123215782320720E-12 166407
 129    2560.00    2580.00  9.245562292847408E-11  4.033855953565341E-12 159239
 130    2580.00    2600.00  8.095960903108252E-11  2.661172355430134E-12 153000
 131    2600.00    2620.00  7.316657801830213E-11  2.378371252240224E-12 146188
 132    2620.00    2640.00  6.651458793195637E-11  2.108850457867566E-12 140730
 133    2640.00    2660.00  6.383634796704251E-11  2.712822975093812E-12 135328
 134    2660.00    2680.00  5.307832311419545E-11  2.077986844826967E-12 129411
 135    2680.00    2700.00  5.967520113875188E-11  1.048773064429435E-11 124042
 136    2700.00    2720.00  4.361731859899489E-11  1.546460933559638E-12 119468
 137    2720.00    2740.00  3.863513053143923E-11  1.329427862868562E-12 114094
 138    2740.00    2760.00  3.811015960423547E-11  1.385310123792025E-12 109081
 139    2760.00    2780.00  3.718180867109088E-11  2.114241079295100E-12 105234
 140    2780.00    2800.00  3.101020446013570E-11  1.197416292649392E-12 100217
 141    2800.00    2820.00  2.811015986855931E-11  1.060419399853206E-12 96107
 142    2820.00    2840.00  2.373445735655145E-11  9.764168097751426E-13 92445
 143    2840.00    2860.00  2.254062621282545E-11  1.115570771760424E-12 88537
 144    2860.00    2880.00  2.332593755920811E-11  1.718101501561877E-12 84848
 145    2880.00    2900.00  1.804935358524576E-11  6.883378946317233E-13 81355
 146    2900.00    2920.00  1.658855754855990E-11  7.156787646347602E-13 78110
 147    2920.00    2940.00  1.424512373745363E-11  5.867288876339982E-13 74383
 148    2940.00    2960.00  1.296693111723695E-11  4.661011848087889E-13 71830
 149    2960.00    2980.00  1.348909678090994E-11  7.663842033141850E-13 68859
 150    2980.00    3000.00  1.097670027912308E-11  5.334247999884913E-13 65970
 151    3000.00    3020.00  9.561167310924888E-12  4.006753791572986E-13 63197
 152    3020.00    3040.00  9.393518471560125E-12  5.032819900159479E-13 60872
 153    3040.00    3060.00  8.289845458030611E-12  3.925747496216495E-13 58084
 154    3060.00    3080.00  7.440058457413411E-12  3.696535777215058E-13 55512
 155    3080.00    3100.00  7.193875236643091E-12  4.092271091178012E-13 53432
 156    3100.00    3120.00  6.484238910328247E-12  4.490633872565833E-13 51046
 157    3120.00    3140.00  5.787811973040716E-12  2.896012014559227E-13 48891
 158    3140.00    3160.00  5.751040301510054E-12  3.950623342540608E-13 47304
 159    3160.00    3180.00  4.545871323540965E-12  2.455664686225978E-13 45468
 160    3180.00    3200.00  4.702675609626968E-12  4.152837464860052E-13 42838
 161    3200.00    3220.00  3.548894848665615E-12  2.341003292802689E-13 41457
 162    3220.00    3240.00  3.288528413367386E-12  1.853428420815804E-13 39813
 163    3240.00    3260.00  3.352713237888674E-12  2.565372422047310E-13 38257
 164    3260.00    3280.00  2.686240567188555E-12  1.707400680588375E-13 36175
 165    3280.00    3300.00  2.724128565929560E-12  1.723623191996374E-13 34792
 166    3300.00    3320.00  2.472601192065548E-12  1.647108920949257E-13 33440
 167    3320.00    3340.00  1.985757125301232E-12  1.405922453888569E-13 32047
 168    3340.00    3360.00  1.855279713111374E-12  1.074340099873237E-13 30483
 169    3360.00    3380.00  1.649301526934453E-12  9.098773110867909E-14 29366
 170    3380.00    3400.00  1.457188202880392E-12  7.679845010815243E-14 28218
 171    3400.00    3420.00  1.214710117823783E-12  7.339469119893786E-14 26768
 172    3420.00    3440.00  1.287873163481487E-12  1.400337881654085E-13 25582
 173    3440.00    3460.00  1.302185265381247E-12  1.718845378019005E-13 24326
 174    3460.00    3480.00  9.282235809785790E-13  5.755303439862132E-14 23521
 175    3480.00    3500.00  8.831773567940584E-13  6.094419134982793E-14 22428
 176    3500.00    3520.00  9.127872563155977E-13  7.165700261530674E-14 21506
 177    3520.00    3540.00  7.935443471355155E-13  5.582251249369329E-14 20476
 178    3540.00    3560.00  7.382098374293097E-13  5.416651595664225E-14 19499
 179    3560.00    3580.00  6.142821327768612E-13  5.442393444319761E-14 18788
 180    3580.00    3600.00  4.803419704907225E-13  3.000771334367433E-14 18026
 181    3600.00    3620.00  5.130200568840442E-13  3.939044702172061E-14 17173
 182    3620.00    3640.00  3.908226400542054E-13  2.579766420133144E-14 16395
 183    3640.00    3660.00  5.177919674142823E-13  7.758034921088069E-14 15442
 184    3660.00    3680.00  3.102000156943050E-13  2.312083976621005E-14 15002
 185    3680.00    3700.00  3.881124993335957E-13  7.734785531318333E-14 14349
 186    3700.00    3720.00  2.317659697272099E-13  1.583749463378552E-14 13666
 187    3720.00    3740.00  2.949544698389266E-13  2.469317309649622E-14 13083
 188    3740.00    3760.00  2.080490287146329E-13  1.800989435283924E-14 12362
 189    3760.00    3780.00  4.153607073355756E-13  1.857687865378302E-13 11872
 190    3780.00    3800.00  2.113213265989173E-13  3.065756849624393E-14 11410
 191    3800.00    3820.00  2.104841551638489E-13  2.375605998722237E-14 10856
 192    3820.00    3840.00  1.692985414823414E-13  2.299060971191855E-14 10465
 193    3840.00    3860.00  1.355929079675365E-13  1.391365919535376E-14 9801
 194    3860.00    3880.00  1.192590136459434E-13  1.978270233508094E-14 9462
 195    3880.00    3900.00  1.339766697620099E-13  1.427154391308160E-14 8925
 196    3900.00    3920.00  1.030611486053935E-13  9.510315148376091E-15 8513
 197    3920.00    3940.00  1.160435055082595E-13  2.189106727374336E-14 8035
 198    3940.00    3960.00  9.390987647780128E-14  2.026060165152224E-14 7763
 199    3960.00    3980.00  7.967648697409838E-14  1.021512582914398E-14 7451
 200    3980.00    4000.00  5.381902773068153E-14  5.828379025031265E-15 6994
 201    4000.00    4020.00  6.244136808080473E-14  6.910551222961289E-15 6845
 202    4020.00    4040.00  4.848367426241670E-14  6.738044044441420E-15 6372
 203    4040.00    4060.00  5.159977654552149E-14  6.585306154998120E-15 6024
 204    4060.00    4080.00  3.359028069165908E-14  3.326794239924018E-15 5889
 205    4080.00    4100.00  4.543825906623539E-14  5.315248548624933E-15 5597
 206    4100.00    4120.00  3.727260434825864E-14  6.001348186501036E-15 5181
 207    4120.00    4140.00  2.980640907330139E-14  3.598952350474038E-15 5001
 208    4140.00    4160.00  2.065497635089457E-14  2.102708598033237E-15 4764
 209    4160.00    4180.00  2.508410810626841E-14  4.794732575633896E-15 4484
 210    4180.00    4200.00  2.486807670218339E-14  3.891209413167623E-15 4254
 211    4200.00    4220.00  3.106234261132433E-14  7.866277322703048E-15 4121
 212    4220.00    4240.00  1.714640741446167E-14  2.412716626508988E-15 3840
 213    4240.00    4260.00  1.629664900851421E-14  3.787781977760791E-15 3572
 214    4260.00    4280.00  1.319834471896991E-14  2.443946486114593E-15 3561
 215    4280.00    4300.00  1.544774256028504E-14  2.295356375758020E-15 3340
 216    4300.00    4320.00  9.753313634128487E-15  1.412705743252273E-15 3129
 217    4320.00    4340.00  1.022492187331479E-14  1.775104557631867E-15 3008
 218    4340.00    4360.00  7.326480311060062E-15  1.273354712071648E-15 2753
 219    4360.00    4380.00  7.759403023388221E-15  1.744722614700621E-15 2698
 220    4380.00    4400.00  9.698430678565314E-15  2.111632235678866E-15 2546
 221    4400.00    4420.00  4.855165578384211E-15  7.520058207538705E-16 2452
 222    4420.00    4440.00  7.027727189063702E-15  1.501553187782727E-15 2266
 223    4440.00    4460.00  3.954996459193019E-15  5.450447256003986E-16 2151
 224    4460.00    4480.00  4.489117189745414E-15  8.856194064134844E-16 1920
 225    4480.00    4500.00  5.364340741856292E-15  1.389993924895356E-15 1860
 226    4500.00    4520.00  2.652786753670553E-15  6.677314746876316E-16 1770
 227    4520.00    4540.00  2.225786884485157E-15  4.681933085457908E-16 1662
 228    4540.00    4560.00  1.843971866390420E-15  2.835893658356660E-16 1638
 229    4560.00    4580.00  2.141601855977143E-15  3.435912493460337E-16 1520
 230    4580.00    4600.00  1.378546518638195E-15  3.534314357389626E-16 1375
 231    4600.00    4620.00  1.335376888908169E-15  2.711937284003741E-16 1347
 232    4620.00    4640.00  9.095862523155741E-16  1.542063293809109E-16 1244
 233    4640.00    4660.00  1.309763117240571E-15  3.031560571967932E-16 1211
 234    4660.00    4680.00  1.080736235628690E-15  2.871325986706329E-16 1030
 235    4680.00    4700.00  7.559585903343957E-16  2.136272688010858E-16 1049
 236    4700.00    4720.00  9.239417502923133E-16  1.906998255209579E-16 989
 237    4720.00    4740.00  5.464514198533642E-16  1.521896460271323E-16 855
 238    4740.00    4760.00  4.173857200202960E-16  7.025047302302099E-17 841
 239    4760.00    4780.00  4.293271564830911E-16  8.287841256445450E-17 822
 240    4780.00    4800.00  3.765737423477262E-16  8.250323947412798E-17 776
 241    4800.00    4820.00  3.518210051175208E-16  7.212046396561705E-17 734
 242    4820.00    4840.00  3.310361707026335E-16  9.867856374501056E-17 707
 243    4840.00    4860.00  2.328696499703652E-16  5.855772272511296E-17 624
 244    4860.00    4880.00  3.409061373907593E-16  1.691064377939093E-16 610
 245    4880.00    4900.00  1.957800958609853E-16  5.724632858126100E-17 552
 246    4900.00    4920.00  2.775794642812956E-16  8.436396771048795E-17 538
 247    4920.00    4940.00  1.633312801117586E-16  6.124501966493808E-17 437
 248    4940.00    4960.00  7.723858245771627E-17  2.332685267311072E-17 401
 249    4960.00    4980.00  8.204753462539696E-17  1.918781074390159E-17 411
 250    4980.00    5000.00  9.175240034214365E-17  2.480072621688285E-17 393
 251    5000.00    5020.00  4.540857601975676E-17  1.069758102111156E-17 346
 252    5020.00    5040.00  5.492154755529229E-17  1.358387669275994E-17 344
 253    5040.00    5060.00  2.089836025798861E-17  6.065292259491299E-18 331
 254    5060.00    5080.00  2.582413181170846E-17  8.705566104646573E-18 243
 255    5080.00    5100.00  4.555675094570887E-17  3.564987628432447E-17 235
 256    5100.00    5120.00  3.096022246005173E-17  1.115002339479032E-17 226
 257    5120.00    5140.00  2.558319847255385E-17  8.777040205683332E-18 225
 258    5140.00    5160.00  2.351147181000376E-17  9.780616280482824E-18 204
 259    5160.00    5180.00  1.859840936736366E-17  5.471454155594633E-18 200
 260    5180.00    5200.00  1.285871051045722E-17  6.529207329160718E-18 190
 261    5200.00    5220.00  6.774950395137142E-18  1.921187633113498E-18 154
 262    5220.00    5240.00  3.882887158797025E-18  1.279874368976239E-18 151
 263    5240.00    5260.00  4.068853989813263E-18  2.109164137180666E-18 131
 264    5260.00    5280.00  3.673467704657363E-18  1.921780684983601E-18 119
 265    5280.00    5300.00  1.898213021737906E-18  1.102907403549777E-18 114
 266    5300.00    5320.00  2.499931993034934E-18  1.115020806505162E-18 103
 267    5320.00    5340.00  2.619164510377398E-18  1.360983433001858E-18 84
 268    5340.00    5360.00  8.132553071217237E-19  4.541478109021036E-19 85
 269    5360.00    5380.00  2.588775957245486E-18  1.082416246866214E-18 80
 270    5380.00    5400.00  1.435428314510108E-18  8.447823670236053E-19 72
 271    5400.00    5420.00  1.642600310633635E-19  7.489528518426761E-20 62
 272    5420.00    5440.00  3.696249339458960E-19  2.744216965178342E-19 49
 273    5440.00    5460.00  1.810252734063860E-19  1.202344651217571E-19 60
 274    5460.00    5480.00  3.513396542812246E-19  2.072130364654666E-19 62
 275    5480.00    5500.00  5.779393830515686E-19  4.630726675376221E-19 27
 276    5500.00    5520.00  1.191603559326681E-19  8.981161391337724E-20 42
 277    5520.00    5540.00  1.536963139998817E-19  1.211567048502782E-19 27
 278    5540.00    5560.00  7.835905328575221E-20  4.839187996543321E-20 26
 279    5560.00    5580.00  5.818952155098194E-20  3.988013459232482E-20 21
 280    5580.00    5600.00  1.808070258767599E-19  1.164019917749276E-19 25
 281    5600.00    5620.00  4.350010994327985E-21  6.705994039114660E-21 19
 282    5620.00    5640.00  1.936705231699724E-20  1.365635498745667E-20 18
 283    5640.00    5660.00 -2.488278124284551E-22  4.478426675205365E-22 14
 284    5660.00    5680.00 -1.724481965175347E-20  1.775937817062138E-20 8
 285    5680.00    5700.00  5.078212304692018E-20  4.520881298647590E-20 15
 286    5700.00    5720.00 -3.876053513113005E-22  1.021668817236804E-21 8
 287    5720.00    5740.00 -1.578922620105139E-22  1.197341679195230E-21 10
 288    5740.00    5760.00 -6.384397854634837E-24  1.739724009060646E-22 18
 289    5760.00    5780.00  2.243499898889766E-20  2.210535258208958E-20 6
 290    5780.00    5800.00  7.286480990953429E-24  4.444968924110016E-24 5
 291    5800.00    5820.00  6.136149561349369E-24  4.849224921628563E-23 9
 292    5820.00    5840.00  1.648686057778176E-21  1.163386667704208E-21 4
 293    5840.00    5860.00  1.095121307097991E-22  1.095121307047028E-22 1
 294    5860.00    5880.00  5.029429942213359E-23  5.029090047744403E-23 3
 295    5880.00    5900.00  5.445555194575536E-27  5.445555194406956E-27 1
 296    5900.00    5920.00  9.252279479974576E-23  7.471087289969614E-23 4
 297    5920.00    5940.00  0.000000000000000E+00  0.000000000000000E+00 0
 298    5940.00    5960.00  1.251699471071891E-23  1.251699471033141E-23 1
 299    5960.00    5980.00  1.434552724712670E-21  1.434552724668260E-21 1
 300    5980.00    6000.00 -1.418165797239785E-23  1.418165797188607E-23 1
 301    6000.00    6020.00  0.000000000000000E+00  0.000000000000000E+00 0
 302    6020.00    6040.00  0.000000000000000E+00  0.000000000000000E+00 0
 303    6040.00    6060.00  0.000000000000000E+00  0.000000000000000E+00 0
 304    6060.00    6080.00  0.000000000000000E+00  0.000000000000000E+00 0
 305    6080.00    6100.00  0.000000000000000E+00  0.000000000000000E+00 0
 306    6100.00    6120.00  0.000000000000000E+00  0.000000000000000E+00 0
 307    6120.00    6140.00  0.000000000000000E+00  0.000000000000000E+00 0
 308    6140.00    6160.00  0.000000000000000E+00  0.000000000000000E+00 0
 309    6160.00    6180.00  0.000000000000000E+00  0.000000000000000E+00 0
 310    6180.00    6200.00  0.000000000000000E+00  0.000000000000000E+00 0
 311    6200.00    6220.00  0.000000000000000E+00  0.000000000000000E+00 0
 312    6220.00    6240.00  0.000000000000000E+00  0.000000000000000E+00 0
 313    6240.00    6260.00  0.000000000000000E+00  0.000000000000000E+00 0
 314    6260.00    6280.00  0.000000000000000E+00  0.000000000000000E+00 0
 315    6280.00    6300.00  0.000000000000000E+00  0.000000000000000E+00 0
 316    6300.00    6320.00  0.000000000000000E+00  0.000000000000000E+00 0
 317    6320.00    6340.00  0.000000000000000E+00  0.000000000000000E+00 0
 318    6340.00    6360.00  0.000000000000000E+00  0.000000000000000E+00 0
 319    6360.00    6380.00  0.000000000000000E+00  0.000000000000000E+00 0
 320    6380.00    6400.00  0.000000000000000E+00  0.000000000000000E+00 0
 321    6400.00    6420.00  0.000000000000000E+00  0.000000000000000E+00 0
 322    6420.00    6440.00  0.000000000000000E+00  0.000000000000000E+00 0
 323    6440.00    6460.00  0.000000000000000E+00  0.000000000000000E+00 0
 324    6460.00    6480.00  0.000000000000000E+00  0.000000000000000E+00 0
 325    6480.00    6500.00  0.000000000000000E+00  0.000000000000000E+00 0
 326    6500.00    6520.00  0.000000000000000E+00  0.000000000000000E+00 0
 327    6520.00    6540.00  0.000000000000000E+00  0.000000000000000E+00 0
 328    6540.00    6560.00  0.000000000000000E+00  0.000000000000000E+00 0
 329    6560.00    6580.00  0.000000000000000E+00  0.000000000000000E+00 0
 330    6580.00    6600.00  0.000000000000000E+00  0.000000000000000E+00 0
 331    6600.00    6620.00  0.000000000000000E+00  0.000000000000000E+00 0
 332    6620.00    6640.00  0.000000000000000E+00  0.000000000000000E+00 0
 333    6640.00    6660.00  0.000000000000000E+00  0.000000000000000E+00 0
 334    6660.00    6680.00  0.000000000000000E+00  0.000000000000000E+00 0
 335    6680.00    6700.00  0.000000000000000E+00  0.000000000000000E+00 0
 336    6700.00    6720.00  0.000000000000000E+00  0.000000000000000E+00 0
 337    6720.00    6740.00  0.000000000000000E+00  0.000000000000000E+00 0
 338    6740.00    6760.00  0.000000000000000E+00  0.000000000000000E+00 0
 339    6760.00    6780.00  0.000000000000000E+00  0.000000000000000E+00 0
 340    6780.00    6800.00  0.000000000000000E+00  0.000000000000000E+00 0
 341    6800.00    6820.00  0.000000000000000E+00  0.000000000000000E+00 0
 342    6820.00    6840.00  0.000000000000000E+00  0.000000000000000E+00 0
 343    6840.00    6860.00  0.000000000000000E+00  0.000000000000000E+00 0
 344    6860.00    6880.00  0.000000000000000E+00  0.000000000000000E+00 0
 345    6880.00    6900.00  0.000000000000000E+00  0.000000000000000E+00 0
 346    6900.00    6920.00  0.000000000000000E+00  0.000000000000000E+00 0
 347    6920.00    6940.00  0.000000000000000E+00  0.000000000000000E+00 0
 348    6940.00    6960.00  0.000000000000000E+00  0.000000000000000E+00 0
 349    6960.00    6980.00  0.000000000000000E+00  0.000000000000000E+00 0
 350    6980.00    7000.00  0.000000000000000E+00  0.000000000000000E+00 0
 351    7000.00    7020.00  0.000000000000000E+00  0.000000000000000E+00 0
 352    7020.00    7040.00  0.000000000000000E+00  0.000000000000000E+00 0
 353    7040.00    7060.00  0.000000000000000E+00  0.000000000000000E+00 0
 354    7060.00    7080.00  0.000000000000000E+00  0.000000000000000E+00 0
 355    7080.00    7100.00  0.000000000000000E+00  0.000000000000000E+00 0
 356    7100.00    7120.00  0.000000000000000E+00  0.000000000000000E+00 0
 357    7120.00    7140.00  0.000000000000000E+00  0.000000000000000E+00 0
 358    7140.00    7160.00  0.000000000000000E+00  0.000000000000000E+00 0
 359    7160.00    7180.00  0.000000000000000E+00  0.000000000000000E+00 0
 360    7180.00    7200.00  0.000000000000000E+00  0.000000000000000E+00 0
 361    7200.00    7220.00  0.000000000000000E+00  0.000000000000000E+00 0
 362    7220.00    7240.00  0.000000000000000E+00  0.000000000000000E+00 0
 363    7240.00    7260.00  0.000000000000000E+00  0.000000000000000E+00 0
 364    7260.00    7280.00  0.000000000000000E+00  0.000000000000000E+00 0
 365    7280.00    7300.00  0.000000000000000E+00  0.000000000000000E+00 0
 366    7300.00    7320.00  0.000000000000000E+00  0.000000000000000E+00 0
 367    7320.00    7340.00  0.000000000000000E+00  0.000000000000000E+00 0
 368    7340.00    7360.00  0.000000000000000E+00  0.000000000000000E+00 0
 369    7360.00    7380.00  0.000000000000000E+00  0.000000000000000E+00 0
 370    7380.00    7400.00  0.000000000000000E+00  0.000000000000000E+00 0
 371    7400.00    7420.00  0.000000000000000E+00  0.000000000000000E+00 0
 372    7420.00    7440.00  0.000000000000000E+00  0.000000000000000E+00 0
 373    7440.00    7460.00  0.000000000000000E+00  0.000000000000000E+00 0
 374    7460.00    7480.00  0.000000000000000E+00  0.000000000000000E+00 0
 375    7480.00    7500.00  0.000000000000000E+00  0.000000000000000E+00 0
 376    7500.00    7520.00  0.000000000000000E+00  0.000000000000000E+00 0
 377    7520.00    7540.00  0.000000000000000E+00  0.000000000000000E+00 0
 378    7540.00    7560.00  0.000000000000000E+00  0.000000000000000E+00 0
 379    7560.00    7580.00  0.000000000000000E+00  0.000000000000000E+00 0
 380    7580.00    7600.00  0.000000000000000E+00  0.000000000000000E+00 0
 381    7600.00    7620.00  0.000000000000000E+00  0.000000000000000E+00 0
 382    7620.00    7640.00  0.000000000000000E+00  0.000000000000000E+00 0
 383    7640.00    7660.00  0.000000000000000E+00  0.000000000000000E+00 0
 384    7660.00    7680.00  0.000000000000000E+00  0.000000000000000E+00 0
 385    7680.00    7700.00  0.000000000000000E+00  0.000000000000000E+00 0
 386    7700.00    7720.00  0.000000000000000E+00  0.000000000000000E+00 0
 387    7720.00    7740.00  0.000000000000000E+00  0.000000000000000E+00 0
 388    7740.00    7760.00  0.000000000000000E+00  0.000000000000000E+00 0
 389    7760.00    7780.00  0.000000000000000E+00  0.000000000000000E+00 0
 390    7780.00    7800.00  0.000000000000000E+00  0.000000000000000E+00 0
 391    7800.00    7820.00  0.000000000000000E+00  0.000000000000000E+00 0
 392    7820.00    7840.00  0.000000000000000E+00  0.000000000000000E+00 0
 393    7840.00    7860.00  0.000000000000000E+00  0.000000000000000E+00 0
 394    7860.00    7880.00  0.000000000000000E+00  0.000000000000000E+00 0
 395    7880.00    7900.00  0.000000000000000E+00  0.000000000000000E+00 0
 396    7900.00    7920.00  0.000000000000000E+00  0.000000000000000E+00 0
 397    7920.00    7940.00  0.000000000000000E+00  0.000000000000000E+00 0
 398    7940.00    7960.00  0.000000000000000E+00  0.000000000000000E+00 0
 399    7960.00    7980.00  0.000000000000000E+00  0.000000000000000E+00 0
 400    7980.00    8000.00  0.000000000000000E+00  0.000000000000000E+00 0
 401    8000.00    8020.00  0.000000000000000E+00  0.000000000000000E+00 0
 402    8020.00    8040.00  0.000000000000000E+00  0.000000000000000E+00 0
 403    8040.00    8060.00  0.000000000000000E+00  0.000000000000000E+00 0
 404    8060.00    8080.00  0.000000000000000E+00  0.000000000000000E+00 0
 405    8080.00    8100.00  0.000000000000000E+00  0.000000000000000E+00 0
 406    8100.00    8120.00  0.000000000000000E+00  0.000000000000000E+00 0
 407    8120.00    8140.00  0.000000000000000E+00  0.000000000000000E+00 0
 408    8140.00    8160.00  0.000000000000000E+00  0.000000000000000E+00 0
 409    8160.00    8180.00  0.000000000000000E+00  0.000000000000000E+00 0
 410    8180.00    8200.00  0.000000000000000E+00  0.000000000000000E+00 0
 411    8200.00    8220.00  0.000000000000000E+00  0.000000000000000E+00 0
 412    8220.00    8240.00  0.000000000000000E+00  0.000000000000000E+00 0
 413    8240.00    8260.00  0.000000000000000E+00  0.000000000000000E+00 0
 414    8260.00    8280.00  0.000000000000000E+00  0.000000000000000E+00 0
 415    8280.00    8300.00  0.000000000000000E+00  0.000000000000000E+00 0
 416    8300.00    8320.00  0.000000000000000E+00  0.000000000000000E+00 0
 417    8320.00    8340.00  0.000000000000000E+00  0.000000000000000E+00 0
 418    8340.00    8360.00  0.000000000000000E+00  0.000000000000000E+00 0
 419    8360.00    8380.00  0.000000000000000E+00  0.000000000000000E+00 0
 420    8380.00    8400.00  0.000000000000000E+00  0.000000000000000E+00 0
 421    8400.00    8420.00  0.000000000000000E+00  0.000000000000000E+00 0
 422    8420.00    8440.00  0.000000000000000E+00  0.000000000000000E+00 0
 423    8440.00    8460.00  0.000000000000000E+00  0.000000000000000E+00 0
 424    8460.00    8480.00  0.000000000000000E+00  0.000000000000000E+00 0
 425    8480.00    8500.00  0.000000000000000E+00  0.000000000000000E+00 0
 426    8500.00    8520.00  0.000000000000000E+00  0.000000000000000E+00 0
 427    8520.00    8540.00  0.000000000000000E+00  0.000000000000000E+00 0
 428    8540.00    8560.00  0.000000000000000E+00  0.000000000000000E+00 0
 429    8560.00    8580.00  0.000000000000000E+00  0.000000000000000E+00 0
 430    8580.00    8600.00  0.000000000000000E+00  0.000000000000000E+00 0
 431    8600.00    8620.00  0.000000000000000E+00  0.000000000000000E+00 0
 432    8620.00    8640.00  0.000000000000000E+00  0.000000000000000E+00 0
 433    8640.00    8660.00  0.000000000000000E+00  0.000000000000000E+00 0
 434    8660.00    8680.00  0.000000000000000E+00  0.000000000000000E+00 0
 435    8680.00    8700.00  0.000000000000000E+00  0.000000000000000E+00 0
 436    8700.00    8720.00  0.000000000000000E+00  0.000000000000000E+00 0
 437    8720.00    8740.00  0.000000000000000E+00  0.000000000000000E+00 0
 438    8740.00    8760.00  0.000000000000000E+00  0.000000000000000E+00 0
 439    8760.00    8780.00  0.000000000000000E+00  0.000000000000000E+00 0
 440    8780.00    8800.00  0.000000000000000E+00  0.000000000000000E+00 0
 441    8800.00    8820.00  0.000000000000000E+00  0.000000000000000E+00 0
 442    8820.00    8840.00  0.000000000000000E+00  0.000000000000000E+00 0
 443    8840.00    8860.00  0.000000000000000E+00  0.000000000000000E+00 0
 444    8860.00    8880.00  0.000000000000000E+00  0.000000000000000E+00 0
 445    8880.00    8900.00  0.000000000000000E+00  0.000000000000000E+00 0
 446    8900.00    8920.00  0.000000000000000E+00  0.000000000000000E+00 0
 447    8920.00    8940.00  0.000000000000000E+00  0.000000000000000E+00 0
 448    8940.00    8960.00  0.000000000000000E+00  0.000000000000000E+00 0
 449    8960.00    8980.00  0.000000000000000E+00  0.000000000000000E+00 0
 450    8980.00    9000.00  0.000000000000000E+00  0.000000000000000E+00 0
 451    9000.00    9020.00  0.000000000000000E+00  0.000000000000000E+00 0
 452    9020.00    9040.00  0.000000000000000E+00  0.000000000000000E+00 0
 453    9040.00    9060.00  0.000000000000000E+00  0.000000000000000E+00 0
 454    9060.00    9080.00  0.000000000000000E+00  0.000000000000000E+00 0
 455    9080.00    9100.00  0.000000000000000E+00  0.000000000000000E+00 0
 456    9100.00    9120.00  0.000000000000000E+00  0.000000000000000E+00 0
 457    9120.00    9140.00  0.000000000000000E+00  0.000000000000000E+00 0
 458    9140.00    9160.00  0.000000000000000E+00  0.000000000000000E+00 0
 459    9160.00    9180.00  0.000000000000000E+00  0.000000000000000E+00 0
 460    9180.00    9200.00  0.000000000000000E+00  0.000000000000000E+00 0
 461    9200.00    9220.00  0.000000000000000E+00  0.000000000000000E+00 0
 462    9220.00    9240.00  0.000000000000000E+00  0.000000000000000E+00 0
 463    9240.00    9260.00  0.000000000000000E+00  0.000000000000000E+00 0
 464    9260.00    9280.00  0.000000000000000E+00  0.000000000000000E+00 0
 465    9280.00    9300.00  0.000000000000000E+00  0.000000000000000E+00 0
 466    9300.00    9320.00  0.000000000000000E+00  0.000000000000000E+00 0
 467    9320.00    9340.00  0.000000000000000E+00  0.000000000000000E+00 0
 468    9340.00    9360.00  0.000000000000000E+00  0.000000000000000E+00 0
 469    9360.00    9380.00  0.000000000000000E+00  0.000000000000000E+00 0
 470    9380.00    9400.00  0.000000000000000E+00  0.000000000000000E+00 0
 471    9400.00    9420.00  0.000000000000000E+00  0.000000000000000E+00 0
 472    9420.00    9440.00  0.000000000000000E+00  0.000000000000000E+00 0
 473    9440.00    9460.00  0.000000000000000E+00  0.000000000000000E+00 0
 474    9460.00    9480.00  0.000000000000000E+00  0.000000000000000E+00 0
 475    9480.00    9500.00  0.000000000000000E+00  0.000000000000000E+00 0
 476    9500.00    9520.00  0.000000000000000E+00  0.000000000000000E+00 0
 477    9520.00    9540.00  0.000000000000000E+00  0.000000000000000E+00 0
 478    9540.00    9560.00  0.000000000000000E+00  0.000000000000000E+00 0
 479    9560.00    9580.00  0.000000000000000E+00  0.000000000000000E+00 0
 480    9580.00    9600.00  0.000000000000000E+00  0.000000000000000E+00 0
 481    9600.00    9620.00  0.000000000000000E+00  0.000000000000000E+00 0
 482    9620.00    9640.00  0.000000000000000E+00  0.000000000000000E+00 0
 483    9640.00    9660.00  0.000000000000000E+00  0.000000000000000E+00 0
 484    9660.00    9680.00  0.000000000000000E+00  0.000000000000000E+00 0
 485    9680.00    9700.00  0.000000000000000E+00  0.000000000000000E+00 0
 486    9700.00    9720.00  0.000000000000000E+00  0.000000000000000E+00 0
 487    9720.00    9740.00  0.000000000000000E+00  0.000000000000000E+00 0
 488    9740.00    9760.00  0.000000000000000E+00  0.000000000000000E+00 0
 489    9760.00    9780.00  0.000000000000000E+00  0.000000000000000E+00 0
 490    9780.00    9800.00  0.000000000000000E+00  0.000000000000000E+00 0
 491    9800.00    9820.00  0.000000000000000E+00  0.000000000000000E+00 0
 492    9820.00    9840.00  0.000000000000000E+00  0.000000000000000E+00 0
 493    9840.00    9860.00  0.000000000000000E+00  0.000000000000000E+00 0
 494    9860.00    9880.00  0.000000000000000E+00  0.000000000000000E+00 0
 495    9880.00    9900.00  0.000000000000000E+00  0.000000000000000E+00 0
 496    9900.00    9920.00  0.000000000000000E+00  0.000000000000000E+00 0
 497    9920.00    9940.00  0.000000000000000E+00  0.000000000000000E+00 0
 498    9940.00    9960.00  0.000000000000000E+00  0.000000000000000E+00 0
 499    9960.00    9980.00  0.000000000000000E+00  0.000000000000000E+00 0
 500    9980.00   10000.00  0.000000000000000E+00  0.000000000000000E+00 0
 501   10000.00   10020.00  0.000000000000000E+00  0.000000000000000E+00 0
 502   10020.00   10040.00  0.000000000000000E+00  0.000000000000000E+00 0
 503   10040.00   10060.00  0.000000000000000E+00  0.000000000000000E+00 0
 504   10060.00   10080.00  0.000000000000000E+00  0.000000000000000E+00 0
 505   10080.00   10100.00  0.000000000000000E+00  0.000000000000000E+00 0
 506   10100.00   10120.00  0.000000000000000E+00  0.000000000000000E+00 0
 507   10120.00   10140.00  0.000000000000000E+00  0.000000000000000E+00 0
 508   10140.00   10160.00  0.000000000000000E+00  0.000000000000000E+00 0
 509   10160.00   10180.00  0.000000000000000E+00  0.000000000000000E+00 0
 510   10180.00   10200.00  0.000000000000000E+00  0.000000000000000E+00 0
 511   10200.00   10220.00  0.000000000000000E+00  0.000000000000000E+00 0
 512   10220.00   10240.00  0.000000000000000E+00  0.000000000000000E+00 0
 513   10240.00   10260.00  0.000000000000000E+00  0.000000000000000E+00 0
 514   10260.00   10280.00  0.000000000000000E+00  0.000000000000000E+00 0
 515   10280.00   10300.00  0.000000000000000E+00  0.000000000000000E+00 0
 516   10300.00   10320.00  0.000000000000000E+00  0.000000000000000E+00 0
 517   10320.00   10340.00  0.000000000000000E+00  0.000000000000000E+00 0
 518   10340.00   10360.00  0.000000000000000E+00  0.000000000000000E+00 0
 519   10360.00   10380.00  0.000000000000000E+00  0.000000000000000E+00 0
 520   10380.00   10400.00  0.000000000000000E+00  0.000000000000000E+00 0
 521   10400.00   10420.00  0.000000000000000E+00  0.000000000000000E+00 0
 522   10420.00   10440.00  0.000000000000000E+00  0.000000000000000E+00 0
 523   10440.00   10460.00  0.000000000000000E+00  0.000000000000000E+00 0
 524   10460.00   10480.00  0.000000000000000E+00  0.000000000000000E+00 0
 525   10480.00   10500.00  0.000000000000000E+00  0.000000000000000E+00 0
 526   10500.00   10520.00  0.000000000000000E+00  0.000000000000000E+00 0
 527   10520.00   10540.00  0.000000000000000E+00  0.000000000000000E+00 0
 528   10540.00   10560.00  0.000000000000000E+00  0.000000000000000E+00 0
 529   10560.00   10580.00  0.000000000000000E+00  0.000000000000000E+00 0
 530   10580.00   10600.00  0.000000000000000E+00  0.000000000000000E+00 0
 531   10600.00   10620.00  0.000000000000000E+00  0.000000000000000E+00 0
 532   10620.00   10640.00  0.000000000000000E+00  0.000000000000000E+00 0
 533   10640.00   10660.00  0.000000000000000E+00  0.000000000000000E+00 0
 534   10660.00   10680.00  0.000000000000000E+00  0.000000000000000E+00 0
 535   10680.00   10700.00  0.000000000000000E+00  0.000000000000000E+00 0
 536   10700.00   10720.00  0.000000000000000E+00  0.000000000000000E+00 0
 537   10720.00   10740.00  0.000000000000000E+00  0.000000000000000E+00 0
 538   10740.00   10760.00  0.000000000000000E+00  0.000000000000000E+00 0
 539   10760.00   10780.00  0.000000000000000E+00  0.000000000000000E+00 0
 540   10780.00   10800.00  0.000000000000000E+00  0.000000000000000E+00 0
 541   10800.00   10820.00  0.000000000000000E+00  0.000000000000000E+00 0
 542   10820.00   10840.00  0.000000000000000E+00  0.000000000000000E+00 0
 543   10840.00   10860.00  0.000000000000000E+00  0.000000000000000E+00 0
 544   10860.00   10880.00  0.000000000000000E+00  0.000000000000000E+00 0
 545   10880.00   10900.00  0.000000000000000E+00  0.000000000000000E+00 0
 546   10900.00   10920.00  0.000000000000000E+00  0.000000000000000E+00 0
 547   10920.00   10940.00  0.000000000000000E+00  0.000000000000000E+00 0
 548   10940.00   10960.00  0.000000000000000E+00  0.000000000000000E+00 0
 549   10960.00   10980.00  0.000000000000000E+00  0.000000000000000E+00 0
 550   10980.00   11000.00  0.000000000000000E+00  0.000000000000000E+00 0
 551   11000.00   11020.00  0.000000000000000E+00  0.000000000000000E+00 0
 552   11020.00   11040.00  0.000000000000000E+00  0.000000000000000E+00 0
 553   11040.00   11060.00  0.000000000000000E+00  0.000000000000000E+00 0
 554   11060.00   11080.00  0.000000000000000E+00  0.000000000000000E+00 0
 555   11080.00   11100.00  0.000000000000000E+00  0.000000000000000E+00 0
 556   11100.00   11120.00  0.000000000000000E+00  0.000000000000000E+00 0
 557   11120.00   11140.00  0.000000000000000E+00  0.000000000000000E+00 0
 558   11140.00   11160.00  0.000000000000000E+00  0.000000000000000E+00 0
 559   11160.00   11180.00  0.000000000000000E+00  0.000000000000000E+00 0
 560   11180.00   11200.00  0.000000000000000E+00  0.000000000000000E+00 0
 561   11200.00   11220.00  0.000000000000000E+00  0.000000000000000E+00 0
 562   11220.00   11240.00  0.000000000000000E+00  0.000000000000000E+00 0
 563   11240.00   11260.00  0.000000000000000E+00  0.000000000000000E+00 0
 564   11260.00   11280.00  0.000000000000000E+00  0.000000000000000E+00 0
 565   11280.00   11300.00  0.000000000000000E+00  0.000000000000000E+00 0
 566   11300.00   11320.00  0.000000000000000E+00  0.000000000000000E+00 0
 567   11320.00   11340.00  0.000000000000000E+00  0.000000000000000E+00 0
 568   11340.00   11360.00  0.000000000000000E+00  0.000000000000000E+00 0
 569   11360.00   11380.00  0.000000000000000E+00  0.000000000000000E+00 0
 570   11380.00   11400.00  0.000000000000000E+00  0.000000000000000E+00 0
 571   11400.00   11420.00  0.000000000000000E+00  0.000000000000000E+00 0
 572   11420.00   11440.00  0.000000000000000E+00  0.000000000000000E+00 0
 573   11440.00   11460.00  0.000000000000000E+00  0.000000000000000E+00 0
 574   11460.00   11480.00  0.000000000000000E+00  0.000000000000000E+00 0
 575   11480.00   11500.00  0.000000000000000E+00  0.000000000000000E+00 0
 576   11500.00   11520.00  0.000000000000000E+00  0.000000000000000E+00 0
 577   11520.00   11540.00  0.000000000000000E+00  0.000000000000000E+00 0
 578   11540.00   11560.00  0.000000000000000E+00  0.000000000000000E+00 0
 579   11560.00   11580.00  0.000000000000000E+00  0.000000000000000E+00 0
 580   11580.00   11600.00  0.000000000000000E+00  0.000000000000000E+00 0
 581   11600.00   11620.00  0.000000000000000E+00  0.000000000000000E+00 0
 582   11620.00   11640.00  0.000000000000000E+00  0.000000000000000E+00 0
 583   11640.00   11660.00  0.000000000000000E+00  0.000000000000000E+00 0
 584   11660.00   11680.00  0.000000000000000E+00  0.000000000000000E+00 0
 585   11680.00   11700.00  0.000000000000000E+00  0.000000000000000E+00 0
 586   11700.00   11720.00  0.000000000000000E+00  0.000000000000000E+00 0
 587   11720.00   11740.00  0.000000000000000E+00  0.000000000000000E+00 0
 588   11740.00   11760.00  0.000000000000000E+00  0.000000000000000E+00 0
 589   11760.00   11780.00  0.000000000000000E+00  0.000000000000000E+00 0
 590   11780.00   11800.00  0.000000000000000E+00  0.000000000000000E+00 0
 591   11800.00   11820.00  0.000000000000000E+00  0.000000000000000E+00 0
 592   11820.00   11840.00  0.000000000000000E+00  0.000000000000000E+00 0
 593   11840.00   11860.00  0.000000000000000E+00  0.000000000000000E+00 0
 594   11860.00   11880.00  0.000000000000000E+00  0.000000000000000E+00 0
 595   11880.00   11900.00  0.000000000000000E+00  0.000000000000000E+00 0
 596   11900.00   11920.00  0.000000000000000E+00  0.000000000000000E+00 0
 597   11920.00   11940.00  0.000000000000000E+00  0.000000000000000E+00 0
 598   11940.00   11960.00  0.000000000000000E+00  0.000000000000000E+00 0
 599   11960.00   11980.00  0.000000000000000E+00  0.000000000000000E+00 0
 600   11980.00   12000.00  0.000000000000000E+00  0.000000000000000E+00 0
 601   12000.00   12020.00  0.000000000000000E+00  0.000000000000000E+00 0
 602   12020.00   12040.00  0.000000000000000E+00  0.000000000000000E+00 0
 603   12040.00   12060.00  0.000000000000000E+00  0.000000000000000E+00 0
 604   12060.00   12080.00  0.000000000000000E+00  0.000000000000000E+00 0
 605   12080.00   12100.00  0.000000000000000E+00  0.000000000000000E+00 0
 606   12100.00   12120.00  0.000000000000000E+00  0.000000000000000E+00 0
 607   12120.00   12140.00  0.000000000000000E+00  0.000000000000000E+00 0
 608   12140.00   12160.00  0.000000000000000E+00  0.000000000000000E+00 0
 609   12160.00   12180.00  0.000000000000000E+00  0.000000000000000E+00 0
 610   12180.00   12200.00  0.000000000000000E+00  0.000000000000000E+00 0
 611   12200.00   12220.00  0.000000000000000E+00  0.000000000000000E+00 0
 612   12220.00   12240.00  0.000000000000000E+00  0.000000000000000E+00 0
 613   12240.00   12260.00  0.000000000000000E+00  0.000000000000000E+00 0
 614   12260.00   12280.00  0.000000000000000E+00  0.000000000000000E+00 0
 615   12280.00   12300.00  0.000000000000000E+00  0.000000000000000E+00 0
 616   12300.00   12320.00  0.000000000000000E+00  0.000000000000000E+00 0
 617   12320.00   12340.00  0.000000000000000E+00  0.000000000000000E+00 0
 618   12340.00   12360.00  0.000000000000000E+00  0.000000000000000E+00 0
 619   12360.00   12380.00  0.000000000000000E+00  0.000000000000000E+00 0
 620   12380.00   12400.00  0.000000000000000E+00  0.000000000000000E+00 0
 621   12400.00   12420.00  0.000000000000000E+00  0.000000000000000E+00 0
 622   12420.00   12440.00  0.000000000000000E+00  0.000000000000000E+00 0
 623   12440.00   12460.00  0.000000000000000E+00  0.000000000000000E+00 0
 624   12460.00   12480.00  0.000000000000000E+00  0.000000000000000E+00 0
 625   12480.00   12500.00  0.000000000000000E+00  0.000000000000000E+00 0
 626   12500.00   12520.00  0.000000000000000E+00  0.000000000000000E+00 0
 627   12520.00   12540.00  0.000000000000000E+00  0.000000000000000E+00 0
 628   12540.00   12560.00  0.000000000000000E+00  0.000000000000000E+00 0
 629   12560.00   12580.00  0.000000000000000E+00  0.000000000000000E+00 0
 630   12580.00   12600.00  0.000000000000000E+00  0.000000000000000E+00 0
 631   12600.00   12620.00  0.000000000000000E+00  0.000000000000000E+00 0
 632   12620.00   12640.00  0.000000000000000E+00  0.000000000000000E+00 0
 633   12640.00   12660.00  0.000000000000000E+00  0.000000000000000E+00 0
 634   12660.00   12680.00  0.000000000000000E+00  0.000000000000000E+00 0
 635   12680.00   12700.00  0.000000000000000E+00  0.000000000000000E+00 0
 636   12700.00   12720.00  0.000000000000000E+00  0.000000000000000E+00 0
 637   12720.00   12740.00  0.000000000000000E+00  0.000000000000000E+00 0
 638   12740.00   12760.00  0.000000000000000E+00  0.000000000000000E+00 0
 639   12760.00   12780.00  0.000000000000000E+00  0.000000000000000E+00 0
 640   12780.00   12800.00  0.000000000000000E+00  0.000000000000000E+00 0
 641   12800.00   12820.00  0.000000000000000E+00  0.000000000000000E+00 0
 642   12820.00   12840.00  0.000000000000000E+00  0.000000000000000E+00 0
 643   12840.00   12860.00  0.000000000000000E+00  0.000000000000000E+00 0
 644   12860.00   12880.00  0.000000000000000E+00  0.000000000000000E+00 0
 645   12880.00   12900.00  0.000000000000000E+00  0.000000000000000E+00 0
 646   12900.00   12920.00  0.000000000000000E+00  0.000000000000000E+00 0
 647   12920.00   12940.00  0.000000000000000E+00  0.000000000000000E+00 0
 648   12940.00   12960.00  0.000000000000000E+00  0.000000000000000E+00 0
 649   12960.00   12980.00  0.000000000000000E+00  0.000000000000000E+00 0
 650   12980.00   13000.00  0.000000000000000E+00  0.000000000000000E+00 0
# Underflow:                 0.0000000000000000E+00  0.0000000000000000E+00 0
# Overflow:                  0.0000000000000000E+00  0.0000000000000000E+00 0
#-------------------------------------------------------------------------------------
# Sum:                       9.8682013104463909E-03  1.1729399944377325E-06 817479000
#=====================================================================================
