# title = Transverse Momentum Softer Jet
# xlabel = $p_{\text{T},\text{j}_2}\,$[GeV]
# ylabel = $\frac{\text{d}\sigma}{\text{d}p_{\text{T},\text{j}_2}}\,\left[\frac{\text{fb}}{\text{GeV}}\right]$
# xmin=  0.000E+00
# xmax=  8.000E+02
# ymin=  1.000E-06
# ymax=  2.000E-02
# kmin= -5.000E+01
# kmax=  1.000E+01
# logscale = true
# Renormalization and factorization scale scaled by: 1.0000000000
# Renormalization scaled by: .0000000000
# Number of generated events: 9239286404
#
#=====================================================================================
# No.       Left      Right                   Value                   Error Hits
#-------------------------------------------------------------------------------------
   1      10.00      30.00  0.000000000000000E+00  0.000000000000000E+00 0
   2      30.00      50.00  3.416845169659013E-03  5.582415732132284E-07 1206132479
   3      50.00      70.00  4.372846901064629E-03  6.690262380445155E-07 1341539195
   4      70.00      90.00  4.237213000351963E-03  6.531543372467522E-07 1320707947
   5      90.00     110.00  3.556517568311406E-03  5.770009694274550E-07 1210182532
   6     110.00     130.00  2.747440330228914E-03  4.853871062237384E-07 1049494148
   7     130.00     150.00  2.014218350094057E-03  3.975030736656886E-07 864301709
   8     150.00     170.00  1.449701904945772E-03  3.246504137424508E-07 696738380
   9     170.00     190.00  1.044858461439661E-03  2.642060847727704E-07 564981626
  10     190.00     210.00  7.587963176234985E-04  2.169785270884742E-07 461959445
  11     210.00     230.00  5.559899386820324E-04  1.788482970326446E-07 380713489
  12     230.00     250.00  4.107345929485088E-04  1.481533163791554E-07 316271372
  13     250.00     270.00  3.067912729811246E-04  1.242709569465545E-07 264623900
  14     270.00     290.00  2.311722827736559E-04  1.044572952333740E-07 222939077
  15     290.00     310.00  1.754591669465785E-04  8.803342990654240E-08 189077892
  16     310.00     330.00  1.344652650197692E-04  7.488230857468425E-08 161294147
  17     330.00     350.00  1.037219796858883E-04  6.394722596681585E-08 138338695
  18     350.00     370.00  8.071741771345778E-05  5.465987253572160E-08 119285515
  19     370.00     390.00  6.311767098090098E-05  4.696467324424792E-08 103326685
  20     390.00     410.00  4.965987222298991E-05  4.049910553639518E-08 89890314
  21     410.00     430.00  3.931390115472796E-05  3.497133065867445E-08 78522217
  22     430.00     450.00  3.124322586070876E-05  3.025334340039576E-08 68836502
  23     450.00     470.00  2.502913217266061E-05  2.641585427713701E-08 60549899
  24     470.00     490.00  2.008041620887737E-05  2.293769440861735E-08 53459775
  25     490.00     510.00  1.619052665036591E-05  2.002258946140498E-08 47305695
  26     510.00     530.00  1.311662816926381E-05  1.748164475989403E-08 42000741
  27     530.00     550.00  1.064946894548117E-05  1.521837535273549E-08 37382705
  28     550.00     570.00  8.688074259264552E-06  1.341941051812040E-08 33344992
  29     570.00     590.00  7.117263039587826E-06  1.182328833367476E-08 29810804
  30     590.00     610.00  5.823989213603325E-06  1.021278287985306E-08 26703568
  31     610.00     630.00  4.805242586651019E-06  9.128463863037700E-09 23968533
  32     630.00     650.00  3.953286648285081E-06  7.943168148555161E-09 21561984
  33     650.00     670.00  3.263540772878683E-06  7.091624067418683E-09 19420839
  34     670.00     690.00  2.691657021681670E-06  6.063825386640968E-09 17529092
  35     690.00     710.00  2.239006521593451E-06  5.385449515373480E-09 15847355
  36     710.00     730.00  1.864376637510291E-06  4.761552293385331E-09 14340622
  37     730.00     750.00  1.546128875696615E-06  4.165723207020455E-09 12999261
  38     750.00     770.00  1.295437037055733E-06  3.680499602314645E-09 11797230
  39     770.00     790.00  1.082161969670135E-06  3.231392074332889E-09 10714003
  40     790.00     810.00  9.024788832257012E-07  2.837917906244926E-09 9751678
  41     810.00     830.00  7.589295444045386E-07  2.523436262009534E-09 8878117
  42     830.00     850.00  6.384801015990885E-07  2.239660950407698E-09 8096731
  43     850.00     870.00  5.357364593701793E-07  1.974116666979871E-09 7385122
  44     870.00     890.00  4.514146321358751E-07  1.736510656251851E-09 6744386
  45     890.00     910.00  3.786414569416089E-07  1.526610577230278E-09 6168276
  46     910.00     930.00  3.215016008740891E-07  1.342791050018432E-09 5641156
  47     930.00     950.00  2.699960060759197E-07  1.189767403058626E-09 5169184
  48     950.00     970.00  2.262056976738064E-07  1.019199585933688E-09 4738062
  49     970.00     990.00  1.934105311540616E-07  9.246830492123996E-10 4340193
  50     990.00    1010.00  1.635431876713208E-07  8.040852054471742E-10 3983374
  51    1010.00    1030.00  1.373281030566305E-07  7.050725242786493E-10 3654184
  52    1030.00    1050.00  1.167005414250494E-07  6.218842710055441E-10 3359938
  53    1050.00    1070.00  9.921135499724159E-08  5.513780683995757E-10 3085016
  54    1070.00    1090.00  8.444789490025846E-08  4.938517500833072E-10 2840655
  55    1090.00    1110.00  7.099546953629073E-08  4.284235255677132E-10 2612180
  56    1110.00    1130.00  6.057027968379126E-08  3.781582446744016E-10 2407129
  57    1130.00    1150.00  5.115359996945335E-08  3.369196197320237E-10 2216073
  58    1150.00    1170.00  4.365075359666628E-08  2.915123830827071E-10 2042188
  59    1170.00    1190.00  3.675603359954311E-08  2.534480231118939E-10 1883683
  60    1190.00    1210.00  3.140555020247437E-08  2.204216601842260E-10 1734955
  61    1210.00    1230.00  2.673890679225071E-08  2.029875671108646E-10 1600277
  62    1230.00    1250.00  2.261978668058483E-08  1.720603612738040E-10 1476673
  63    1250.00    1270.00  1.950263414496183E-08  1.550632356414815E-10 1364623
  64    1270.00    1290.00  1.676660211242527E-08  1.380149434229904E-10 1260303
  65    1290.00    1310.00  1.408646142686922E-08  1.198601682626346E-10 1162515
  66    1310.00    1330.00  1.197319877314448E-08  1.038278572613878E-10 1075428
  67    1330.00    1350.00  1.017859126562598E-08  9.142404816362461E-11 993507
  68    1350.00    1370.00  8.732662356739133E-09  8.160403593301650E-11 917625
  69    1370.00    1390.00  7.404275241492605E-09  7.138527654867716E-11 848097
  70    1390.00    1410.00  6.330131414082368E-09  6.194915469458799E-11 785750
  71    1410.00    1430.00  5.407437222676686E-09  5.653106910414765E-11 726927
  72    1430.00    1450.00  4.649176310529845E-09  4.919759836908724E-11 671059
  73    1450.00    1470.00  3.949342672002581E-09  4.146563205750335E-11 621480
  74    1470.00    1490.00  3.271246305204251E-09  3.492873735599942E-11 571997
  75    1490.00    1510.00  2.824358612600081E-09  3.134525864255578E-11 531031
  76    1510.00    1530.00  2.477186878471944E-09  2.972298976075635E-11 492248
  77    1530.00    1550.00  2.061084245115260E-09  2.449031860202260E-11 455837
  78    1550.00    1570.00  1.728376853356686E-09  2.080570428099394E-11 421555
  79    1570.00    1590.00  1.466221816782386E-09  1.784775893788838E-11 390399
  80    1590.00    1610.00  1.260012311639412E-09  1.647985151343681E-11 361618
  81    1610.00    1630.00  1.063481006360454E-09  1.390743006677699E-11 334174
  82    1630.00    1650.00  9.051965948697800E-10  1.196628545679358E-11 309073
  83    1650.00    1670.00  7.721361457725804E-10  1.035843370096004E-11 286211
  84    1670.00    1690.00  6.558159478857547E-10  9.369410349412981E-12 265266
  85    1690.00    1710.00  5.614145300871542E-10  7.782974267746620E-12 245518
  86    1710.00    1730.00  4.887892871137830E-10  7.281530941573747E-12 227766
  87    1730.00    1750.00  4.148730363228671E-10  6.501362794498096E-12 210841
  88    1750.00    1770.00  3.436747704094393E-10  5.655219197904812E-12 195662
  89    1770.00    1790.00  2.948296448817213E-10  4.782885164554346E-12 180146
  90    1790.00    1810.00  2.479821809818792E-10  4.029933999825382E-12 167015
  91    1810.00    1830.00  2.115940282096518E-10  3.499343542527073E-12 154336
  92    1830.00    1850.00  1.800231989219038E-10  3.181507898994510E-12 143405
  93    1850.00    1870.00  1.515551514372379E-10  2.646159924127579E-12 132103
  94    1870.00    1890.00  1.349170872913717E-10  2.628425373810846E-12 122934
  95    1890.00    1910.00  1.099540576925721E-10  2.052747663977683E-12 113731
  96    1910.00    1930.00  9.351234462029556E-11  1.760660728576350E-12 104845
  97    1930.00    1950.00  7.495263057040249E-11  1.406748622653795E-12 96663
  98    1950.00    1970.00  6.562292854240800E-11  1.340886411196911E-12 89028
  99    1970.00    1990.00  5.447794068346482E-11  1.085455984635909E-12 82541
 100    1990.00    2010.00  4.810100120087716E-11  1.051691109223153E-12 77167
 101    2010.00    2030.00  3.913492023604808E-11  8.502949322070991E-13 70868
 102    2030.00    2050.00  3.250798325577124E-11  7.358461332860866E-13 65246
 103    2050.00    2070.00  2.788373215937182E-11  6.827555154034896E-13 60038
 104    2070.00    2090.00  2.461619381368168E-11  5.830366532682167E-13 56068
 105    2090.00    2110.00  1.957444394229270E-11  4.534779331366598E-13 51563
 106    2110.00    2130.00  1.656122186556356E-11  4.029930868774955E-13 47270
 107    2130.00    2150.00  1.344187928594427E-11  3.331429651475457E-13 43628
 108    2150.00    2170.00  1.156350395528279E-11  3.104565612088856E-13 40569
 109    2170.00    2190.00  9.897597670538249E-12  2.987485988620744E-13 37160
 110    2190.00    2210.00  7.963842033766804E-12  2.617538091773203E-13 33883
 111    2210.00    2230.00  6.488446027597983E-12  1.906550158813567E-13 31113
 112    2230.00    2250.00  5.997417593414053E-12  1.822829316003784E-13 28945
 113    2250.00    2270.00  4.726466043618398E-12  1.351702028208318E-13 26665
 114    2270.00    2290.00  3.857128337604765E-12  1.226522637375003E-13 24253
 115    2290.00    2310.00  3.212593919792446E-12  1.114786651561724E-13 22238
 116    2310.00    2330.00  2.799185703602927E-12  9.423933309722207E-14 20308
 117    2330.00    2350.00  2.240834731182687E-12  7.995958692657348E-14 18789
 118    2350.00    2370.00  1.861911356611510E-12  6.515686905927068E-14 16997
 119    2370.00    2390.00  1.622813569766204E-12  7.005105197713480E-14 15678
 120    2390.00    2410.00  1.177760319526100E-12  4.565809625030957E-14 14169
 121    2410.00    2430.00  1.030431655648828E-12  4.051033486072734E-14 12980
 122    2430.00    2450.00  8.463703141683229E-13  3.718014847277776E-14 11862
 123    2450.00    2470.00  6.840480482240080E-13  2.807136262784621E-14 10815
 124    2470.00    2490.00  5.622598425276100E-13  2.396015242782346E-14 9922
 125    2490.00    2510.00  4.672097943003416E-13  2.385943503793646E-14 9097
 126    2510.00    2530.00  3.419879399158339E-13  1.799148144588459E-14 7879
 127    2530.00    2550.00  2.867599377757001E-13  1.503128871334809E-14 7382
 128    2550.00    2570.00  2.332697655635547E-13  1.228981215637915E-14 6520
 129    2570.00    2590.00  1.975140994197473E-13  1.001083180799033E-14 6029
 130    2590.00    2610.00  1.461175019537449E-13  7.861189442313536E-15 5378
 131    2610.00    2630.00  1.181023254775972E-13  6.098840686794551E-15 4927
 132    2630.00    2650.00  9.605633217296579E-14  6.583388466897017E-15 4389
 133    2650.00    2670.00  6.743123233420306E-14  4.277218987562286E-15 3849
 134    2670.00    2690.00  5.220993696659775E-14  3.520774351281988E-15 3416
 135    2690.00    2710.00  4.106959387966389E-14  2.609662568878596E-15 3203
 136    2710.00    2730.00  3.229688950857037E-14  2.278221188436534E-15 2732
 137    2730.00    2750.00  2.239038963381537E-14  1.463194465029787E-15 2560
 138    2750.00    2770.00  1.810190758066753E-14  1.332445851915445E-15 2221
 139    2770.00    2790.00  1.226781739741930E-14  1.002189044191059E-15 1904
 140    2790.00    2810.00  8.616407932578070E-15  7.854995864010573E-16 1645
 141    2810.00    2830.00  6.224869718694538E-15  5.146997781792673E-16 1481
 142    2830.00    2850.00  5.016008720226956E-15  5.321516902427028E-16 1280
 143    2850.00    2870.00  3.950287623286688E-15  4.245672338044164E-16 1090
 144    2870.00    2890.00  2.221557303882767E-15  2.491738361780808E-16 1002
 145    2890.00    2910.00  1.884875860398814E-15  2.430770214046685E-16 833
 146    2910.00    2930.00  1.295719558526840E-15  1.694354796472464E-16 714
 147    2930.00    2950.00  7.439566957022311E-16  9.356458083047348E-17 627
 148    2950.00    2970.00  6.342486016275526E-16  9.185238362958896E-17 533
 149    2970.00    2990.00  3.632772333336376E-16  7.550996135945629E-17 481
 150    2990.00    3010.00  2.300452386835956E-16  3.941417480811410E-17 360
 151    3010.00    3030.00  1.453280260460638E-16  2.906211479184383E-17 339
 152    3030.00    3050.00  4.681124829215948E-17  9.711641355359514E-18 247
 153    3050.00    3070.00  6.702238987850646E-17  1.701084803619962E-17 197
 154    3070.00    3090.00  4.392266594581026E-17  1.550738622578251E-17 155
 155    3090.00    3110.00  1.137476868150925E-17  3.263485891675645E-18 122
 156    3110.00    3130.00  9.907918277535603E-18  2.861161916985367E-18 99
 157    3130.00    3150.00  1.896798884186602E-18  4.643755402014957E-19 77
 158    3150.00    3170.00  1.500529837963042E-18  6.104854025750693E-19 62
 159    3170.00    3190.00  7.792342827130672E-19  3.387282894594117E-19 32
 160    3190.00    3210.00  9.038796729828735E-20  8.253343368179496E-20 37
 161    3210.00    3230.00  2.684505194750796E-19  1.911742246922155E-19 21
 162    3230.00    3250.00  2.177704498278311E-19  1.903072779883543E-19 18
 163    3250.00    3270.00  2.426647500544016E-20  2.532176569423631E-20 6
 164    3270.00    3290.00 -1.537587573440509E-22  2.332907724936427E-22 7
 165    3290.00    3310.00  9.216737858672689E-22  8.706613942025108E-22 2
 166    3310.00    3330.00  1.066456876450508E-23  9.099690059135437E-24 2
 167    3330.00    3350.00  0.000000000000000E+00  0.000000000000000E+00 0
 168    3350.00    3370.00  0.000000000000000E+00  0.000000000000000E+00 0
 169    3370.00    3390.00  0.000000000000000E+00  0.000000000000000E+00 0
 170    3390.00    3410.00  0.000000000000000E+00  0.000000000000000E+00 0
 171    3410.00    3430.00  0.000000000000000E+00  0.000000000000000E+00 0
 172    3430.00    3450.00  0.000000000000000E+00  0.000000000000000E+00 0
 173    3450.00    3470.00  0.000000000000000E+00  0.000000000000000E+00 0
 174    3470.00    3490.00  0.000000000000000E+00  0.000000000000000E+00 0
 175    3490.00    3510.00  0.000000000000000E+00  0.000000000000000E+00 0
 176    3510.00    3530.00  0.000000000000000E+00  0.000000000000000E+00 0
 177    3530.00    3550.00  0.000000000000000E+00  0.000000000000000E+00 0
 178    3550.00    3570.00  0.000000000000000E+00  0.000000000000000E+00 0
 179    3570.00    3590.00  0.000000000000000E+00  0.000000000000000E+00 0
 180    3590.00    3610.00  0.000000000000000E+00  0.000000000000000E+00 0
 181    3610.00    3630.00  0.000000000000000E+00  0.000000000000000E+00 0
 182    3630.00    3650.00  0.000000000000000E+00  0.000000000000000E+00 0
 183    3650.00    3670.00  0.000000000000000E+00  0.000000000000000E+00 0
 184    3670.00    3690.00  0.000000000000000E+00  0.000000000000000E+00 0
 185    3690.00    3710.00  0.000000000000000E+00  0.000000000000000E+00 0
 186    3710.00    3730.00  0.000000000000000E+00  0.000000000000000E+00 0
 187    3730.00    3750.00  0.000000000000000E+00  0.000000000000000E+00 0
 188    3750.00    3770.00  0.000000000000000E+00  0.000000000000000E+00 0
 189    3770.00    3790.00  0.000000000000000E+00  0.000000000000000E+00 0
 190    3790.00    3810.00  0.000000000000000E+00  0.000000000000000E+00 0
 191    3810.00    3830.00  0.000000000000000E+00  0.000000000000000E+00 0
 192    3830.00    3850.00  0.000000000000000E+00  0.000000000000000E+00 0
 193    3850.00    3870.00  0.000000000000000E+00  0.000000000000000E+00 0
 194    3870.00    3890.00  0.000000000000000E+00  0.000000000000000E+00 0
 195    3890.00    3910.00  0.000000000000000E+00  0.000000000000000E+00 0
 196    3910.00    3930.00  0.000000000000000E+00  0.000000000000000E+00 0
 197    3930.00    3950.00  0.000000000000000E+00  0.000000000000000E+00 0
 198    3950.00    3970.00  0.000000000000000E+00  0.000000000000000E+00 0
 199    3970.00    3990.00  0.000000000000000E+00  0.000000000000000E+00 0
 200    3990.00    4010.00  0.000000000000000E+00  0.000000000000000E+00 0
 201    4010.00    4030.00  0.000000000000000E+00  0.000000000000000E+00 0
 202    4030.00    4050.00  0.000000000000000E+00  0.000000000000000E+00 0
 203    4050.00    4070.00  0.000000000000000E+00  0.000000000000000E+00 0
 204    4070.00    4090.00  0.000000000000000E+00  0.000000000000000E+00 0
 205    4090.00    4110.00  0.000000000000000E+00  0.000000000000000E+00 0
 206    4110.00    4130.00  0.000000000000000E+00  0.000000000000000E+00 0
 207    4130.00    4150.00  0.000000000000000E+00  0.000000000000000E+00 0
 208    4150.00    4170.00  0.000000000000000E+00  0.000000000000000E+00 0
 209    4170.00    4190.00  0.000000000000000E+00  0.000000000000000E+00 0
 210    4190.00    4210.00  0.000000000000000E+00  0.000000000000000E+00 0
 211    4210.00    4230.00  0.000000000000000E+00  0.000000000000000E+00 0
 212    4230.00    4250.00  0.000000000000000E+00  0.000000000000000E+00 0
 213    4250.00    4270.00  0.000000000000000E+00  0.000000000000000E+00 0
 214    4270.00    4290.00  0.000000000000000E+00  0.000000000000000E+00 0
 215    4290.00    4310.00  0.000000000000000E+00  0.000000000000000E+00 0
 216    4310.00    4330.00  0.000000000000000E+00  0.000000000000000E+00 0
 217    4330.00    4350.00  0.000000000000000E+00  0.000000000000000E+00 0
 218    4350.00    4370.00  0.000000000000000E+00  0.000000000000000E+00 0
 219    4370.00    4390.00  0.000000000000000E+00  0.000000000000000E+00 0
 220    4390.00    4410.00  0.000000000000000E+00  0.000000000000000E+00 0
 221    4410.00    4430.00  0.000000000000000E+00  0.000000000000000E+00 0
 222    4430.00    4450.00  0.000000000000000E+00  0.000000000000000E+00 0
 223    4450.00    4470.00  0.000000000000000E+00  0.000000000000000E+00 0
 224    4470.00    4490.00  0.000000000000000E+00  0.000000000000000E+00 0
 225    4490.00    4510.00  0.000000000000000E+00  0.000000000000000E+00 0
 226    4510.00    4530.00  0.000000000000000E+00  0.000000000000000E+00 0
 227    4530.00    4550.00  0.000000000000000E+00  0.000000000000000E+00 0
 228    4550.00    4570.00  0.000000000000000E+00  0.000000000000000E+00 0
 229    4570.00    4590.00  0.000000000000000E+00  0.000000000000000E+00 0
 230    4590.00    4610.00  0.000000000000000E+00  0.000000000000000E+00 0
 231    4610.00    4630.00  0.000000000000000E+00  0.000000000000000E+00 0
 232    4630.00    4650.00  0.000000000000000E+00  0.000000000000000E+00 0
 233    4650.00    4670.00  0.000000000000000E+00  0.000000000000000E+00 0
 234    4670.00    4690.00  0.000000000000000E+00  0.000000000000000E+00 0
 235    4690.00    4710.00  0.000000000000000E+00  0.000000000000000E+00 0
 236    4710.00    4730.00  0.000000000000000E+00  0.000000000000000E+00 0
 237    4730.00    4750.00  0.000000000000000E+00  0.000000000000000E+00 0
 238    4750.00    4770.00  0.000000000000000E+00  0.000000000000000E+00 0
 239    4770.00    4790.00  0.000000000000000E+00  0.000000000000000E+00 0
 240    4790.00    4810.00  0.000000000000000E+00  0.000000000000000E+00 0
 241    4810.00    4830.00  0.000000000000000E+00  0.000000000000000E+00 0
 242    4830.00    4850.00  0.000000000000000E+00  0.000000000000000E+00 0
 243    4850.00    4870.00  0.000000000000000E+00  0.000000000000000E+00 0
 244    4870.00    4890.00  0.000000000000000E+00  0.000000000000000E+00 0
 245    4890.00    4910.00  0.000000000000000E+00  0.000000000000000E+00 0
 246    4910.00    4930.00  0.000000000000000E+00  0.000000000000000E+00 0
 247    4930.00    4950.00  0.000000000000000E+00  0.000000000000000E+00 0
 248    4950.00    4970.00  0.000000000000000E+00  0.000000000000000E+00 0
 249    4970.00    4990.00  0.000000000000000E+00  0.000000000000000E+00 0
 250    4990.00    5010.00  0.000000000000000E+00  0.000000000000000E+00 0
 251    5010.00    5030.00  0.000000000000000E+00  0.000000000000000E+00 0
 252    5030.00    5050.00  0.000000000000000E+00  0.000000000000000E+00 0
 253    5050.00    5070.00  0.000000000000000E+00  0.000000000000000E+00 0
 254    5070.00    5090.00  0.000000000000000E+00  0.000000000000000E+00 0
 255    5090.00    5110.00  0.000000000000000E+00  0.000000000000000E+00 0
 256    5110.00    5130.00  0.000000000000000E+00  0.000000000000000E+00 0
 257    5130.00    5150.00  0.000000000000000E+00  0.000000000000000E+00 0
 258    5150.00    5170.00  0.000000000000000E+00  0.000000000000000E+00 0
 259    5170.00    5190.00  0.000000000000000E+00  0.000000000000000E+00 0
 260    5190.00    5210.00  0.000000000000000E+00  0.000000000000000E+00 0
 261    5210.00    5230.00  0.000000000000000E+00  0.000000000000000E+00 0
 262    5230.00    5250.00  0.000000000000000E+00  0.000000000000000E+00 0
 263    5250.00    5270.00  0.000000000000000E+00  0.000000000000000E+00 0
 264    5270.00    5290.00  0.000000000000000E+00  0.000000000000000E+00 0
 265    5290.00    5310.00  0.000000000000000E+00  0.000000000000000E+00 0
 266    5310.00    5330.00  0.000000000000000E+00  0.000000000000000E+00 0
 267    5330.00    5350.00  0.000000000000000E+00  0.000000000000000E+00 0
 268    5350.00    5370.00  0.000000000000000E+00  0.000000000000000E+00 0
 269    5370.00    5390.00  0.000000000000000E+00  0.000000000000000E+00 0
 270    5390.00    5410.00  0.000000000000000E+00  0.000000000000000E+00 0
 271    5410.00    5430.00  0.000000000000000E+00  0.000000000000000E+00 0
 272    5430.00    5450.00  0.000000000000000E+00  0.000000000000000E+00 0
 273    5450.00    5470.00  0.000000000000000E+00  0.000000000000000E+00 0
 274    5470.00    5490.00  0.000000000000000E+00  0.000000000000000E+00 0
 275    5490.00    5510.00  0.000000000000000E+00  0.000000000000000E+00 0
 276    5510.00    5530.00  0.000000000000000E+00  0.000000000000000E+00 0
 277    5530.00    5550.00  0.000000000000000E+00  0.000000000000000E+00 0
 278    5550.00    5570.00  0.000000000000000E+00  0.000000000000000E+00 0
 279    5570.00    5590.00  0.000000000000000E+00  0.000000000000000E+00 0
 280    5590.00    5610.00  0.000000000000000E+00  0.000000000000000E+00 0
 281    5610.00    5630.00  0.000000000000000E+00  0.000000000000000E+00 0
 282    5630.00    5650.00  0.000000000000000E+00  0.000000000000000E+00 0
 283    5650.00    5670.00  0.000000000000000E+00  0.000000000000000E+00 0
 284    5670.00    5690.00  0.000000000000000E+00  0.000000000000000E+00 0
 285    5690.00    5710.00  0.000000000000000E+00  0.000000000000000E+00 0
 286    5710.00    5730.00  0.000000000000000E+00  0.000000000000000E+00 0
 287    5730.00    5750.00  0.000000000000000E+00  0.000000000000000E+00 0
 288    5750.00    5770.00  0.000000000000000E+00  0.000000000000000E+00 0
 289    5770.00    5790.00  0.000000000000000E+00  0.000000000000000E+00 0
 290    5790.00    5810.00  0.000000000000000E+00  0.000000000000000E+00 0
 291    5810.00    5830.00  0.000000000000000E+00  0.000000000000000E+00 0
 292    5830.00    5850.00  0.000000000000000E+00  0.000000000000000E+00 0
 293    5850.00    5870.00  0.000000000000000E+00  0.000000000000000E+00 0
 294    5870.00    5890.00  0.000000000000000E+00  0.000000000000000E+00 0
 295    5890.00    5910.00  0.000000000000000E+00  0.000000000000000E+00 0
 296    5910.00    5930.00  0.000000000000000E+00  0.000000000000000E+00 0
 297    5930.00    5950.00  0.000000000000000E+00  0.000000000000000E+00 0
 298    5950.00    5970.00  0.000000000000000E+00  0.000000000000000E+00 0
 299    5970.00    5990.00  0.000000000000000E+00  0.000000000000000E+00 0
 300    5990.00    6010.00  0.000000000000000E+00  0.000000000000000E+00 0
 301    6010.00    6030.00  0.000000000000000E+00  0.000000000000000E+00 0
 302    6030.00    6050.00  0.000000000000000E+00  0.000000000000000E+00 0
 303    6050.00    6070.00  0.000000000000000E+00  0.000000000000000E+00 0
 304    6070.00    6090.00  0.000000000000000E+00  0.000000000000000E+00 0
 305    6090.00    6110.00  0.000000000000000E+00  0.000000000000000E+00 0
 306    6110.00    6130.00  0.000000000000000E+00  0.000000000000000E+00 0
 307    6130.00    6150.00  0.000000000000000E+00  0.000000000000000E+00 0
 308    6150.00    6170.00  0.000000000000000E+00  0.000000000000000E+00 0
 309    6170.00    6190.00  0.000000000000000E+00  0.000000000000000E+00 0
 310    6190.00    6210.00  0.000000000000000E+00  0.000000000000000E+00 0
 311    6210.00    6230.00  0.000000000000000E+00  0.000000000000000E+00 0
 312    6230.00    6250.00  0.000000000000000E+00  0.000000000000000E+00 0
 313    6250.00    6270.00  0.000000000000000E+00  0.000000000000000E+00 0
 314    6270.00    6290.00  0.000000000000000E+00  0.000000000000000E+00 0
 315    6290.00    6310.00  0.000000000000000E+00  0.000000000000000E+00 0
 316    6310.00    6330.00  0.000000000000000E+00  0.000000000000000E+00 0
 317    6330.00    6350.00  0.000000000000000E+00  0.000000000000000E+00 0
 318    6350.00    6370.00  0.000000000000000E+00  0.000000000000000E+00 0
 319    6370.00    6390.00  0.000000000000000E+00  0.000000000000000E+00 0
 320    6390.00    6410.00  0.000000000000000E+00  0.000000000000000E+00 0
 321    6410.00    6430.00  0.000000000000000E+00  0.000000000000000E+00 0
 322    6430.00    6450.00  0.000000000000000E+00  0.000000000000000E+00 0
 323    6450.00    6470.00  0.000000000000000E+00  0.000000000000000E+00 0
 324    6470.00    6490.00  0.000000000000000E+00  0.000000000000000E+00 0
 325    6490.00    6510.00  0.000000000000000E+00  0.000000000000000E+00 0
 326    6510.00    6530.00  0.000000000000000E+00  0.000000000000000E+00 0
 327    6530.00    6550.00  0.000000000000000E+00  0.000000000000000E+00 0
 328    6550.00    6570.00  0.000000000000000E+00  0.000000000000000E+00 0
 329    6570.00    6590.00  0.000000000000000E+00  0.000000000000000E+00 0
 330    6590.00    6610.00  0.000000000000000E+00  0.000000000000000E+00 0
 331    6610.00    6630.00  0.000000000000000E+00  0.000000000000000E+00 0
 332    6630.00    6650.00  0.000000000000000E+00  0.000000000000000E+00 0
 333    6650.00    6670.00  0.000000000000000E+00  0.000000000000000E+00 0
 334    6670.00    6690.00  0.000000000000000E+00  0.000000000000000E+00 0
 335    6690.00    6710.00  0.000000000000000E+00  0.000000000000000E+00 0
 336    6710.00    6730.00  0.000000000000000E+00  0.000000000000000E+00 0
 337    6730.00    6750.00  0.000000000000000E+00  0.000000000000000E+00 0
 338    6750.00    6770.00  0.000000000000000E+00  0.000000000000000E+00 0
 339    6770.00    6790.00  0.000000000000000E+00  0.000000000000000E+00 0
 340    6790.00    6810.00  0.000000000000000E+00  0.000000000000000E+00 0
 341    6810.00    6830.00  0.000000000000000E+00  0.000000000000000E+00 0
 342    6830.00    6850.00  0.000000000000000E+00  0.000000000000000E+00 0
 343    6850.00    6870.00  0.000000000000000E+00  0.000000000000000E+00 0
 344    6870.00    6890.00  0.000000000000000E+00  0.000000000000000E+00 0
 345    6890.00    6910.00  0.000000000000000E+00  0.000000000000000E+00 0
 346    6910.00    6930.00  0.000000000000000E+00  0.000000000000000E+00 0
 347    6930.00    6950.00  0.000000000000000E+00  0.000000000000000E+00 0
 348    6950.00    6970.00  0.000000000000000E+00  0.000000000000000E+00 0
 349    6970.00    6990.00  0.000000000000000E+00  0.000000000000000E+00 0
 350    6990.00    7010.00  0.000000000000000E+00  0.000000000000000E+00 0
 351    7010.00    7030.00  0.000000000000000E+00  0.000000000000000E+00 0
 352    7030.00    7050.00  0.000000000000000E+00  0.000000000000000E+00 0
 353    7050.00    7070.00  0.000000000000000E+00  0.000000000000000E+00 0
 354    7070.00    7090.00  0.000000000000000E+00  0.000000000000000E+00 0
 355    7090.00    7110.00  0.000000000000000E+00  0.000000000000000E+00 0
 356    7110.00    7130.00  0.000000000000000E+00  0.000000000000000E+00 0
 357    7130.00    7150.00  0.000000000000000E+00  0.000000000000000E+00 0
 358    7150.00    7170.00  0.000000000000000E+00  0.000000000000000E+00 0
 359    7170.00    7190.00  0.000000000000000E+00  0.000000000000000E+00 0
 360    7190.00    7210.00  0.000000000000000E+00  0.000000000000000E+00 0
 361    7210.00    7230.00  0.000000000000000E+00  0.000000000000000E+00 0
 362    7230.00    7250.00  0.000000000000000E+00  0.000000000000000E+00 0
 363    7250.00    7270.00  0.000000000000000E+00  0.000000000000000E+00 0
 364    7270.00    7290.00  0.000000000000000E+00  0.000000000000000E+00 0
 365    7290.00    7310.00  0.000000000000000E+00  0.000000000000000E+00 0
 366    7310.00    7330.00  0.000000000000000E+00  0.000000000000000E+00 0
 367    7330.00    7350.00  0.000000000000000E+00  0.000000000000000E+00 0
 368    7350.00    7370.00  0.000000000000000E+00  0.000000000000000E+00 0
 369    7370.00    7390.00  0.000000000000000E+00  0.000000000000000E+00 0
 370    7390.00    7410.00  0.000000000000000E+00  0.000000000000000E+00 0
 371    7410.00    7430.00  0.000000000000000E+00  0.000000000000000E+00 0
 372    7430.00    7450.00  0.000000000000000E+00  0.000000000000000E+00 0
 373    7450.00    7470.00  0.000000000000000E+00  0.000000000000000E+00 0
 374    7470.00    7490.00  0.000000000000000E+00  0.000000000000000E+00 0
 375    7490.00    7510.00  0.000000000000000E+00  0.000000000000000E+00 0
 376    7510.00    7530.00  0.000000000000000E+00  0.000000000000000E+00 0
 377    7530.00    7550.00  0.000000000000000E+00  0.000000000000000E+00 0
 378    7550.00    7570.00  0.000000000000000E+00  0.000000000000000E+00 0
 379    7570.00    7590.00  0.000000000000000E+00  0.000000000000000E+00 0
 380    7590.00    7610.00  0.000000000000000E+00  0.000000000000000E+00 0
 381    7610.00    7630.00  0.000000000000000E+00  0.000000000000000E+00 0
 382    7630.00    7650.00  0.000000000000000E+00  0.000000000000000E+00 0
 383    7650.00    7670.00  0.000000000000000E+00  0.000000000000000E+00 0
 384    7670.00    7690.00  0.000000000000000E+00  0.000000000000000E+00 0
 385    7690.00    7710.00  0.000000000000000E+00  0.000000000000000E+00 0
 386    7710.00    7730.00  0.000000000000000E+00  0.000000000000000E+00 0
 387    7730.00    7750.00  0.000000000000000E+00  0.000000000000000E+00 0
 388    7750.00    7770.00  0.000000000000000E+00  0.000000000000000E+00 0
 389    7770.00    7790.00  0.000000000000000E+00  0.000000000000000E+00 0
 390    7790.00    7810.00  0.000000000000000E+00  0.000000000000000E+00 0
 391    7810.00    7830.00  0.000000000000000E+00  0.000000000000000E+00 0
 392    7830.00    7850.00  0.000000000000000E+00  0.000000000000000E+00 0
 393    7850.00    7870.00  0.000000000000000E+00  0.000000000000000E+00 0
 394    7870.00    7890.00  0.000000000000000E+00  0.000000000000000E+00 0
 395    7890.00    7910.00  0.000000000000000E+00  0.000000000000000E+00 0
 396    7910.00    7930.00  0.000000000000000E+00  0.000000000000000E+00 0
 397    7930.00    7950.00  0.000000000000000E+00  0.000000000000000E+00 0
 398    7950.00    7970.00  0.000000000000000E+00  0.000000000000000E+00 0
 399    7970.00    7990.00  0.000000000000000E+00  0.000000000000000E+00 0
 400    7990.00    8010.00  0.000000000000000E+00  0.000000000000000E+00 0
 401    8010.00    8030.00  0.000000000000000E+00  0.000000000000000E+00 0
 402    8030.00    8050.00  0.000000000000000E+00  0.000000000000000E+00 0
 403    8050.00    8070.00  0.000000000000000E+00  0.000000000000000E+00 0
 404    8070.00    8090.00  0.000000000000000E+00  0.000000000000000E+00 0
 405    8090.00    8110.00  0.000000000000000E+00  0.000000000000000E+00 0
 406    8110.00    8130.00  0.000000000000000E+00  0.000000000000000E+00 0
 407    8130.00    8150.00  0.000000000000000E+00  0.000000000000000E+00 0
 408    8150.00    8170.00  0.000000000000000E+00  0.000000000000000E+00 0
 409    8170.00    8190.00  0.000000000000000E+00  0.000000000000000E+00 0
 410    8190.00    8210.00  0.000000000000000E+00  0.000000000000000E+00 0
 411    8210.00    8230.00  0.000000000000000E+00  0.000000000000000E+00 0
 412    8230.00    8250.00  0.000000000000000E+00  0.000000000000000E+00 0
 413    8250.00    8270.00  0.000000000000000E+00  0.000000000000000E+00 0
 414    8270.00    8290.00  0.000000000000000E+00  0.000000000000000E+00 0
 415    8290.00    8310.00  0.000000000000000E+00  0.000000000000000E+00 0
 416    8310.00    8330.00  0.000000000000000E+00  0.000000000000000E+00 0
 417    8330.00    8350.00  0.000000000000000E+00  0.000000000000000E+00 0
 418    8350.00    8370.00  0.000000000000000E+00  0.000000000000000E+00 0
 419    8370.00    8390.00  0.000000000000000E+00  0.000000000000000E+00 0
 420    8390.00    8410.00  0.000000000000000E+00  0.000000000000000E+00 0
 421    8410.00    8430.00  0.000000000000000E+00  0.000000000000000E+00 0
 422    8430.00    8450.00  0.000000000000000E+00  0.000000000000000E+00 0
 423    8450.00    8470.00  0.000000000000000E+00  0.000000000000000E+00 0
 424    8470.00    8490.00  0.000000000000000E+00  0.000000000000000E+00 0
 425    8490.00    8510.00  0.000000000000000E+00  0.000000000000000E+00 0
 426    8510.00    8530.00  0.000000000000000E+00  0.000000000000000E+00 0
 427    8530.00    8550.00  0.000000000000000E+00  0.000000000000000E+00 0
 428    8550.00    8570.00  0.000000000000000E+00  0.000000000000000E+00 0
 429    8570.00    8590.00  0.000000000000000E+00  0.000000000000000E+00 0
 430    8590.00    8610.00  0.000000000000000E+00  0.000000000000000E+00 0
 431    8610.00    8630.00  0.000000000000000E+00  0.000000000000000E+00 0
 432    8630.00    8650.00  0.000000000000000E+00  0.000000000000000E+00 0
 433    8650.00    8670.00  0.000000000000000E+00  0.000000000000000E+00 0
 434    8670.00    8690.00  0.000000000000000E+00  0.000000000000000E+00 0
 435    8690.00    8710.00  0.000000000000000E+00  0.000000000000000E+00 0
 436    8710.00    8730.00  0.000000000000000E+00  0.000000000000000E+00 0
 437    8730.00    8750.00  0.000000000000000E+00  0.000000000000000E+00 0
 438    8750.00    8770.00  0.000000000000000E+00  0.000000000000000E+00 0
 439    8770.00    8790.00  0.000000000000000E+00  0.000000000000000E+00 0
 440    8790.00    8810.00  0.000000000000000E+00  0.000000000000000E+00 0
 441    8810.00    8830.00  0.000000000000000E+00  0.000000000000000E+00 0
 442    8830.00    8850.00  0.000000000000000E+00  0.000000000000000E+00 0
 443    8850.00    8870.00  0.000000000000000E+00  0.000000000000000E+00 0
 444    8870.00    8890.00  0.000000000000000E+00  0.000000000000000E+00 0
 445    8890.00    8910.00  0.000000000000000E+00  0.000000000000000E+00 0
 446    8910.00    8930.00  0.000000000000000E+00  0.000000000000000E+00 0
 447    8930.00    8950.00  0.000000000000000E+00  0.000000000000000E+00 0
 448    8950.00    8970.00  0.000000000000000E+00  0.000000000000000E+00 0
 449    8970.00    8990.00  0.000000000000000E+00  0.000000000000000E+00 0
 450    8990.00    9010.00  0.000000000000000E+00  0.000000000000000E+00 0
 451    9010.00    9030.00  0.000000000000000E+00  0.000000000000000E+00 0
 452    9030.00    9050.00  0.000000000000000E+00  0.000000000000000E+00 0
 453    9050.00    9070.00  0.000000000000000E+00  0.000000000000000E+00 0
 454    9070.00    9090.00  0.000000000000000E+00  0.000000000000000E+00 0
 455    9090.00    9110.00  0.000000000000000E+00  0.000000000000000E+00 0
 456    9110.00    9130.00  0.000000000000000E+00  0.000000000000000E+00 0
 457    9130.00    9150.00  0.000000000000000E+00  0.000000000000000E+00 0
 458    9150.00    9170.00  0.000000000000000E+00  0.000000000000000E+00 0
 459    9170.00    9190.00  0.000000000000000E+00  0.000000000000000E+00 0
 460    9190.00    9210.00  0.000000000000000E+00  0.000000000000000E+00 0
 461    9210.00    9230.00  0.000000000000000E+00  0.000000000000000E+00 0
 462    9230.00    9250.00  0.000000000000000E+00  0.000000000000000E+00 0
 463    9250.00    9270.00  0.000000000000000E+00  0.000000000000000E+00 0
 464    9270.00    9290.00  0.000000000000000E+00  0.000000000000000E+00 0
 465    9290.00    9310.00  0.000000000000000E+00  0.000000000000000E+00 0
 466    9310.00    9330.00  0.000000000000000E+00  0.000000000000000E+00 0
 467    9330.00    9350.00  0.000000000000000E+00  0.000000000000000E+00 0
 468    9350.00    9370.00  0.000000000000000E+00  0.000000000000000E+00 0
 469    9370.00    9390.00  0.000000000000000E+00  0.000000000000000E+00 0
 470    9390.00    9410.00  0.000000000000000E+00  0.000000000000000E+00 0
 471    9410.00    9430.00  0.000000000000000E+00  0.000000000000000E+00 0
 472    9430.00    9450.00  0.000000000000000E+00  0.000000000000000E+00 0
 473    9450.00    9470.00  0.000000000000000E+00  0.000000000000000E+00 0
 474    9470.00    9490.00  0.000000000000000E+00  0.000000000000000E+00 0
 475    9490.00    9510.00  0.000000000000000E+00  0.000000000000000E+00 0
 476    9510.00    9530.00  0.000000000000000E+00  0.000000000000000E+00 0
 477    9530.00    9550.00  0.000000000000000E+00  0.000000000000000E+00 0
 478    9550.00    9570.00  0.000000000000000E+00  0.000000000000000E+00 0
 479    9570.00    9590.00  0.000000000000000E+00  0.000000000000000E+00 0
 480    9590.00    9610.00  0.000000000000000E+00  0.000000000000000E+00 0
 481    9610.00    9630.00  0.000000000000000E+00  0.000000000000000E+00 0
 482    9630.00    9650.00  0.000000000000000E+00  0.000000000000000E+00 0
 483    9650.00    9670.00  0.000000000000000E+00  0.000000000000000E+00 0
 484    9670.00    9690.00  0.000000000000000E+00  0.000000000000000E+00 0
 485    9690.00    9710.00  0.000000000000000E+00  0.000000000000000E+00 0
 486    9710.00    9730.00  0.000000000000000E+00  0.000000000000000E+00 0
 487    9730.00    9750.00  0.000000000000000E+00  0.000000000000000E+00 0
 488    9750.00    9770.00  0.000000000000000E+00  0.000000000000000E+00 0
 489    9770.00    9790.00  0.000000000000000E+00  0.000000000000000E+00 0
 490    9790.00    9810.00  0.000000000000000E+00  0.000000000000000E+00 0
 491    9810.00    9830.00  0.000000000000000E+00  0.000000000000000E+00 0
 492    9830.00    9850.00  0.000000000000000E+00  0.000000000000000E+00 0
 493    9850.00    9870.00  0.000000000000000E+00  0.000000000000000E+00 0
 494    9870.00    9890.00  0.000000000000000E+00  0.000000000000000E+00 0
 495    9890.00    9910.00  0.000000000000000E+00  0.000000000000000E+00 0
 496    9910.00    9930.00  0.000000000000000E+00  0.000000000000000E+00 0
 497    9930.00    9950.00  0.000000000000000E+00  0.000000000000000E+00 0
 498    9950.00    9970.00  0.000000000000000E+00  0.000000000000000E+00 0
 499    9970.00    9990.00  0.000000000000000E+00  0.000000000000000E+00 0
 500    9990.00   10010.00  0.000000000000000E+00  0.000000000000000E+00 0
 501   10010.00   10030.00  0.000000000000000E+00  0.000000000000000E+00 0
 502   10030.00   10050.00  0.000000000000000E+00  0.000000000000000E+00 0
 503   10050.00   10070.00  0.000000000000000E+00  0.000000000000000E+00 0
 504   10070.00   10090.00  0.000000000000000E+00  0.000000000000000E+00 0
 505   10090.00   10110.00  0.000000000000000E+00  0.000000000000000E+00 0
 506   10110.00   10130.00  0.000000000000000E+00  0.000000000000000E+00 0
 507   10130.00   10150.00  0.000000000000000E+00  0.000000000000000E+00 0
 508   10150.00   10170.00  0.000000000000000E+00  0.000000000000000E+00 0
 509   10170.00   10190.00  0.000000000000000E+00  0.000000000000000E+00 0
 510   10190.00   10210.00  0.000000000000000E+00  0.000000000000000E+00 0
 511   10210.00   10230.00  0.000000000000000E+00  0.000000000000000E+00 0
 512   10230.00   10250.00  0.000000000000000E+00  0.000000000000000E+00 0
 513   10250.00   10270.00  0.000000000000000E+00  0.000000000000000E+00 0
 514   10270.00   10290.00  0.000000000000000E+00  0.000000000000000E+00 0
 515   10290.00   10310.00  0.000000000000000E+00  0.000000000000000E+00 0
 516   10310.00   10330.00  0.000000000000000E+00  0.000000000000000E+00 0
 517   10330.00   10350.00  0.000000000000000E+00  0.000000000000000E+00 0
 518   10350.00   10370.00  0.000000000000000E+00  0.000000000000000E+00 0
 519   10370.00   10390.00  0.000000000000000E+00  0.000000000000000E+00 0
 520   10390.00   10410.00  0.000000000000000E+00  0.000000000000000E+00 0
 521   10410.00   10430.00  0.000000000000000E+00  0.000000000000000E+00 0
 522   10430.00   10450.00  0.000000000000000E+00  0.000000000000000E+00 0
 523   10450.00   10470.00  0.000000000000000E+00  0.000000000000000E+00 0
 524   10470.00   10490.00  0.000000000000000E+00  0.000000000000000E+00 0
 525   10490.00   10510.00  0.000000000000000E+00  0.000000000000000E+00 0
 526   10510.00   10530.00  0.000000000000000E+00  0.000000000000000E+00 0
 527   10530.00   10550.00  0.000000000000000E+00  0.000000000000000E+00 0
 528   10550.00   10570.00  0.000000000000000E+00  0.000000000000000E+00 0
 529   10570.00   10590.00  0.000000000000000E+00  0.000000000000000E+00 0
 530   10590.00   10610.00  0.000000000000000E+00  0.000000000000000E+00 0
 531   10610.00   10630.00  0.000000000000000E+00  0.000000000000000E+00 0
 532   10630.00   10650.00  0.000000000000000E+00  0.000000000000000E+00 0
 533   10650.00   10670.00  0.000000000000000E+00  0.000000000000000E+00 0
 534   10670.00   10690.00  0.000000000000000E+00  0.000000000000000E+00 0
 535   10690.00   10710.00  0.000000000000000E+00  0.000000000000000E+00 0
 536   10710.00   10730.00  0.000000000000000E+00  0.000000000000000E+00 0
 537   10730.00   10750.00  0.000000000000000E+00  0.000000000000000E+00 0
 538   10750.00   10770.00  0.000000000000000E+00  0.000000000000000E+00 0
 539   10770.00   10790.00  0.000000000000000E+00  0.000000000000000E+00 0
 540   10790.00   10810.00  0.000000000000000E+00  0.000000000000000E+00 0
 541   10810.00   10830.00  0.000000000000000E+00  0.000000000000000E+00 0
 542   10830.00   10850.00  0.000000000000000E+00  0.000000000000000E+00 0
 543   10850.00   10870.00  0.000000000000000E+00  0.000000000000000E+00 0
 544   10870.00   10890.00  0.000000000000000E+00  0.000000000000000E+00 0
 545   10890.00   10910.00  0.000000000000000E+00  0.000000000000000E+00 0
 546   10910.00   10930.00  0.000000000000000E+00  0.000000000000000E+00 0
 547   10930.00   10950.00  0.000000000000000E+00  0.000000000000000E+00 0
 548   10950.00   10970.00  0.000000000000000E+00  0.000000000000000E+00 0
 549   10970.00   10990.00  0.000000000000000E+00  0.000000000000000E+00 0
 550   10990.00   11010.00  0.000000000000000E+00  0.000000000000000E+00 0
 551   11010.00   11030.00  0.000000000000000E+00  0.000000000000000E+00 0
 552   11030.00   11050.00  0.000000000000000E+00  0.000000000000000E+00 0
 553   11050.00   11070.00  0.000000000000000E+00  0.000000000000000E+00 0
 554   11070.00   11090.00  0.000000000000000E+00  0.000000000000000E+00 0
 555   11090.00   11110.00  0.000000000000000E+00  0.000000000000000E+00 0
 556   11110.00   11130.00  0.000000000000000E+00  0.000000000000000E+00 0
 557   11130.00   11150.00  0.000000000000000E+00  0.000000000000000E+00 0
 558   11150.00   11170.00  0.000000000000000E+00  0.000000000000000E+00 0
 559   11170.00   11190.00  0.000000000000000E+00  0.000000000000000E+00 0
 560   11190.00   11210.00  0.000000000000000E+00  0.000000000000000E+00 0
 561   11210.00   11230.00  0.000000000000000E+00  0.000000000000000E+00 0
 562   11230.00   11250.00  0.000000000000000E+00  0.000000000000000E+00 0
 563   11250.00   11270.00  0.000000000000000E+00  0.000000000000000E+00 0
 564   11270.00   11290.00  0.000000000000000E+00  0.000000000000000E+00 0
 565   11290.00   11310.00  0.000000000000000E+00  0.000000000000000E+00 0
 566   11310.00   11330.00  0.000000000000000E+00  0.000000000000000E+00 0
 567   11330.00   11350.00  0.000000000000000E+00  0.000000000000000E+00 0
 568   11350.00   11370.00  0.000000000000000E+00  0.000000000000000E+00 0
 569   11370.00   11390.00  0.000000000000000E+00  0.000000000000000E+00 0
 570   11390.00   11410.00  0.000000000000000E+00  0.000000000000000E+00 0
 571   11410.00   11430.00  0.000000000000000E+00  0.000000000000000E+00 0
 572   11430.00   11450.00  0.000000000000000E+00  0.000000000000000E+00 0
 573   11450.00   11470.00  0.000000000000000E+00  0.000000000000000E+00 0
 574   11470.00   11490.00  0.000000000000000E+00  0.000000000000000E+00 0
 575   11490.00   11510.00  0.000000000000000E+00  0.000000000000000E+00 0
 576   11510.00   11530.00  0.000000000000000E+00  0.000000000000000E+00 0
 577   11530.00   11550.00  0.000000000000000E+00  0.000000000000000E+00 0
 578   11550.00   11570.00  0.000000000000000E+00  0.000000000000000E+00 0
 579   11570.00   11590.00  0.000000000000000E+00  0.000000000000000E+00 0
 580   11590.00   11610.00  0.000000000000000E+00  0.000000000000000E+00 0
 581   11610.00   11630.00  0.000000000000000E+00  0.000000000000000E+00 0
 582   11630.00   11650.00  0.000000000000000E+00  0.000000000000000E+00 0
 583   11650.00   11670.00  0.000000000000000E+00  0.000000000000000E+00 0
 584   11670.00   11690.00  0.000000000000000E+00  0.000000000000000E+00 0
 585   11690.00   11710.00  0.000000000000000E+00  0.000000000000000E+00 0
 586   11710.00   11730.00  0.000000000000000E+00  0.000000000000000E+00 0
 587   11730.00   11750.00  0.000000000000000E+00  0.000000000000000E+00 0
 588   11750.00   11770.00  0.000000000000000E+00  0.000000000000000E+00 0
 589   11770.00   11790.00  0.000000000000000E+00  0.000000000000000E+00 0
 590   11790.00   11810.00  0.000000000000000E+00  0.000000000000000E+00 0
 591   11810.00   11830.00  0.000000000000000E+00  0.000000000000000E+00 0
 592   11830.00   11850.00  0.000000000000000E+00  0.000000000000000E+00 0
 593   11850.00   11870.00  0.000000000000000E+00  0.000000000000000E+00 0
 594   11870.00   11890.00  0.000000000000000E+00  0.000000000000000E+00 0
 595   11890.00   11910.00  0.000000000000000E+00  0.000000000000000E+00 0
 596   11910.00   11930.00  0.000000000000000E+00  0.000000000000000E+00 0
 597   11930.00   11950.00  0.000000000000000E+00  0.000000000000000E+00 0
 598   11950.00   11970.00  0.000000000000000E+00  0.000000000000000E+00 0
 599   11970.00   11990.00  0.000000000000000E+00  0.000000000000000E+00 0
 600   11990.00   12010.00  0.000000000000000E+00  0.000000000000000E+00 0
 601   12010.00   12030.00  0.000000000000000E+00  0.000000000000000E+00 0
 602   12030.00   12050.00  0.000000000000000E+00  0.000000000000000E+00 0
 603   12050.00   12070.00  0.000000000000000E+00  0.000000000000000E+00 0
 604   12070.00   12090.00  0.000000000000000E+00  0.000000000000000E+00 0
 605   12090.00   12110.00  0.000000000000000E+00  0.000000000000000E+00 0
 606   12110.00   12130.00  0.000000000000000E+00  0.000000000000000E+00 0
 607   12130.00   12150.00  0.000000000000000E+00  0.000000000000000E+00 0
 608   12150.00   12170.00  0.000000000000000E+00  0.000000000000000E+00 0
 609   12170.00   12190.00  0.000000000000000E+00  0.000000000000000E+00 0
 610   12190.00   12210.00  0.000000000000000E+00  0.000000000000000E+00 0
 611   12210.00   12230.00  0.000000000000000E+00  0.000000000000000E+00 0
 612   12230.00   12250.00  0.000000000000000E+00  0.000000000000000E+00 0
 613   12250.00   12270.00  0.000000000000000E+00  0.000000000000000E+00 0
 614   12270.00   12290.00  0.000000000000000E+00  0.000000000000000E+00 0
 615   12290.00   12310.00  0.000000000000000E+00  0.000000000000000E+00 0
 616   12310.00   12330.00  0.000000000000000E+00  0.000000000000000E+00 0
 617   12330.00   12350.00  0.000000000000000E+00  0.000000000000000E+00 0
 618   12350.00   12370.00  0.000000000000000E+00  0.000000000000000E+00 0
 619   12370.00   12390.00  0.000000000000000E+00  0.000000000000000E+00 0
 620   12390.00   12410.00  0.000000000000000E+00  0.000000000000000E+00 0
 621   12410.00   12430.00  0.000000000000000E+00  0.000000000000000E+00 0
 622   12430.00   12450.00  0.000000000000000E+00  0.000000000000000E+00 0
 623   12450.00   12470.00  0.000000000000000E+00  0.000000000000000E+00 0
 624   12470.00   12490.00  0.000000000000000E+00  0.000000000000000E+00 0
 625   12490.00   12510.00  0.000000000000000E+00  0.000000000000000E+00 0
 626   12510.00   12530.00  0.000000000000000E+00  0.000000000000000E+00 0
 627   12530.00   12550.00  0.000000000000000E+00  0.000000000000000E+00 0
 628   12550.00   12570.00  0.000000000000000E+00  0.000000000000000E+00 0
 629   12570.00   12590.00  0.000000000000000E+00  0.000000000000000E+00 0
 630   12590.00   12610.00  0.000000000000000E+00  0.000000000000000E+00 0
 631   12610.00   12630.00  0.000000000000000E+00  0.000000000000000E+00 0
 632   12630.00   12650.00  0.000000000000000E+00  0.000000000000000E+00 0
 633   12650.00   12670.00  0.000000000000000E+00  0.000000000000000E+00 0
 634   12670.00   12690.00  0.000000000000000E+00  0.000000000000000E+00 0
 635   12690.00   12710.00  0.000000000000000E+00  0.000000000000000E+00 0
 636   12710.00   12730.00  0.000000000000000E+00  0.000000000000000E+00 0
 637   12730.00   12750.00  0.000000000000000E+00  0.000000000000000E+00 0
 638   12750.00   12770.00  0.000000000000000E+00  0.000000000000000E+00 0
 639   12770.00   12790.00  0.000000000000000E+00  0.000000000000000E+00 0
 640   12790.00   12810.00  0.000000000000000E+00  0.000000000000000E+00 0
 641   12810.00   12830.00  0.000000000000000E+00  0.000000000000000E+00 0
 642   12830.00   12850.00  0.000000000000000E+00  0.000000000000000E+00 0
 643   12850.00   12870.00  0.000000000000000E+00  0.000000000000000E+00 0
 644   12870.00   12890.00  0.000000000000000E+00  0.000000000000000E+00 0
 645   12890.00   12910.00  0.000000000000000E+00  0.000000000000000E+00 0
 646   12910.00   12930.00  0.000000000000000E+00  0.000000000000000E+00 0
 647   12930.00   12950.00  0.000000000000000E+00  0.000000000000000E+00 0
 648   12950.00   12970.00  0.000000000000000E+00  0.000000000000000E+00 0
 649   12970.00   12990.00  0.000000000000000E+00  0.000000000000000E+00 0
 650   12990.00   13010.00  0.000000000000000E+00  0.000000000000000E+00 0
# Underflow:                 0.0000000000000000E+00  0.0000000000000000E+00 0
# Overflow:                  0.0000000000000000E+00  0.0000000000000000E+00 0
#-------------------------------------------------------------------------------------
# Sum:                       9.8682013104426005E-03  1.1733789809967757E-06 817479000
#=====================================================================================
