# title = CMS Energy
# xlabel = $\sqrt{\hat{s}}\,$[GeV]
# ylabel = $\frac{\text{d}\sigma}{\text{d}\sqrt{\hat{s}}}\,\left[\frac{\text{fb}}{\text{GeV}}\right]$
# xmin=  5.000E+02
# xmax=  4.000E+03
# ymin=  1.000E-07
# ymax=  1.000E-03
# kmin= -2.000E+01
# kmax=  1.000E+01
# logscale = true
# Renormalization and factorization scale scaled by: 1.0000000000
# Renormalization scaled by: .0000000000
# Number of generated events: 9239286404
#
#=====================================================================================
# No.       Left      Right                   Value                   Error Hits
#-------------------------------------------------------------------------------------
   1       0.00     100.00  0.000000000000000E+00  0.000000000000000E+00 0
   2     100.00     200.00  0.000000000000000E+00  0.000000000000000E+00 0
   3     200.00     300.00  0.000000000000000E+00  0.000000000000000E+00 0
   4     300.00     400.00  0.000000000000000E+00  0.000000000000000E+00 0
   5     400.00     500.00  0.000000000000000E+00  0.000000000000000E+00 0
   6     500.00     600.00  4.259901974386247E-15  4.259901974169123E-15 1
   7     600.00     700.00  1.349402765155770E-06  8.758215168905590E-10 17822474
   8     700.00     800.00  5.753492500483000E-05  1.208333681852930E-08 163253759
   9     800.00     900.00  1.635234887322688E-04  2.802037829326343E-08 277714666
  10     900.00    1000.00  2.439230640608635E-04  4.094268838018810E-08 343716629
  11    1000.00    1100.00  2.918865826852316E-04  5.045225455219445E-08 377814119
  12    1100.00    1200.00  3.153661153623463E-04  5.737099636533937E-08 391758581
  13    1200.00    1300.00  3.222081804351467E-04  6.239668069139941E-08 393689139
  14    1300.00    1400.00  3.180055146289830E-04  6.597153774271599E-08 388377363
  15    1400.00    1500.00  3.069167739436702E-04  6.847868795816007E-08 378847758
  16    1500.00    1600.00  2.911860402849267E-04  6.980971315615197E-08 366803082
  17    1600.00    1700.00  2.730641011238738E-04  7.034156162264344E-08 353409556
  18    1700.00    1800.00  2.537442533692686E-04  7.027492467151754E-08 339395100
  19    1800.00    1900.00  2.342806281235144E-04  6.956471878626513E-08 325229058
  20    1900.00    2000.00  2.150189593323039E-04  6.867095463903167E-08 311170076
  21    2000.00    2100.00  1.966075010090913E-04  6.713929186223680E-08 297502915
  22    2100.00    2200.00  1.787363195822129E-04  6.506536927963180E-08 284229791
  23    2200.00    2300.00  1.621567830628874E-04  6.301199851410814E-08 271451188
  24    2300.00    2400.00  1.466495109696064E-04  6.061442999847996E-08 259241839
  25    2400.00    2500.00  1.323424681785959E-04  5.807951285582382E-08 247587921
  26    2500.00    2600.00  1.192162548599045E-04  5.559516648479143E-08 236420909
  27    2600.00    2700.00  1.070747149706496E-04  5.275612700771879E-08 225845726
  28    2700.00    2800.00  9.613421004462499E-05  5.006190313121425E-08 215835662
  29    2800.00    2900.00  8.600720210289332E-05  4.719340413443859E-08 206282343
  30    2900.00    3000.00  7.696775939678140E-05  4.458596685673541E-08 197204853
  31    3000.00    3100.00  6.873197017731310E-05  4.167405760555960E-08 188610332
  32    3100.00    3200.00  6.120159397733310E-05  3.897535328854930E-08 180444405
  33    3200.00    3300.00  5.451816690912893E-05  3.638853459703807E-08 172691568
  34    3300.00    3400.00  4.842325687381847E-05  3.351925020397428E-08 165297999
  35    3400.00    3500.00  4.306841774270027E-05  3.156760095162040E-08 158299314
  36    3500.00    3600.00  3.822147759792743E-05  2.913149361753542E-08 151654818
  37    3600.00    3700.00  3.384070911644707E-05  2.667800187082930E-08 145345872
  38    3700.00    3800.00  3.001223991446106E-05  2.473097379511276E-08 139324854
  39    3800.00    3900.00  2.648335502192655E-05  2.244436224734245E-08 133574481
  40    3900.00    4000.00  2.339950512854100E-05  2.075726653098506E-08 128128049
  41    4000.00    4100.00  2.066077235778518E-05  1.885619344755386E-08 122924125
  42    4100.00    4200.00  1.817013623435333E-05  1.705895313411151E-08 117949379
  43    4200.00    4300.00  1.597983624257499E-05  1.555153332737493E-08 113231110
  44    4300.00    4400.00  1.408280482957983E-05  1.415126662658829E-08 108733658
  45    4400.00    4500.00  1.239225029431900E-05  1.296468174724565E-08 104418055
  46    4500.00    4600.00  1.088716768660700E-05  1.297641541021976E-08 100282940
  47    4600.00    4700.00  9.510171842729429E-06  1.034903946606641E-08 96347984
  48    4700.00    4800.00  8.345920496070220E-06  9.466342236785187E-09 92584742
  49    4800.00    4900.00  7.293580996757445E-06  8.399802326865598E-09 88998734
  50    4900.00    5000.00  6.375098980053196E-06  7.629293091671003E-09 85568161
  51    5000.00    5100.00  5.565815704633102E-06  6.807886331405816E-09 82250395
  52    5100.00    5200.00  4.853932775822556E-06  6.115287609719884E-09 79115734
  53    5200.00    5300.00  4.231389434269237E-06  5.380102023587006E-09 76065936
  54    5300.00    5400.00  3.687769840837666E-06  5.024083828883729E-09 73169347
  55    5400.00    5500.00  3.204570221780395E-06  4.255795599847714E-09 70406538
  56    5500.00    5600.00  2.780531177881053E-06  3.796137432453701E-09 67721913
  57    5600.00    5700.00  2.418560557845515E-06  3.474329695562966E-09 65139882
  58    5700.00    5800.00  2.092533183663335E-06  2.911028176910909E-09 62704659
  59    5800.00    5900.00  1.813170279024780E-06  2.614410405295703E-09 60316754
  60    5900.00    6000.00  1.563390658928536E-06  2.278667733194640E-09 58039410
  61    6000.00    6100.00  1.354364166079844E-06  1.990357911388194E-09 55850120
  62    6100.00    6200.00  1.167603088796312E-06  1.781364511048096E-09 53765991
  63    6200.00    6300.00  1.005463533763317E-06  1.540982424935210E-09 51735694
  64    6300.00    6400.00  8.663834293643197E-07  1.338214109119920E-09 49797632
  65    6400.00    6500.00  7.465619281254040E-07  1.184057530066207E-09 47923469
  66    6500.00    6600.00  6.419572350040706E-07  1.045266333809597E-09 46115414
  67    6600.00    6700.00  5.502709013592052E-07  9.082968021837214E-10 44375627
  68    6700.00    6800.00  4.714830459886592E-07  8.048460384395952E-10 42700319
  69    6800.00    6900.00  4.050677944993019E-07  7.084867831415207E-10 41084743
  70    6900.00    7000.00  3.447978623725183E-07  6.059261110705907E-10 39529380
  71    7000.00    7100.00  2.951650610756328E-07  5.274887697956499E-10 38035255
  72    7100.00    7200.00  2.515023654426271E-07  4.449875263054430E-10 36601439
  73    7200.00    7300.00  2.147996244636570E-07  3.892720647045891E-10 35193831
  74    7300.00    7400.00  1.824359854350688E-07  3.323179777330503E-10 33843568
  75    7400.00    7500.00  1.563100674241894E-07  4.105857336881078E-10 32561857
  76    7500.00    7600.00  1.318525818048689E-07  2.504439110245638E-10 31319361
  77    7600.00    7700.00  1.126189386562383E-07  2.191436894880592E-10 30101411
  78    7700.00    7800.00  9.522775430994755E-08  1.923296058058722E-10 28918891
  79    7800.00    7900.00  8.075619980768462E-08  1.667453834398785E-10 27791767
  80    7900.00    8000.00  6.803018230370445E-08  1.394409196001214E-10 26713389
  81    8000.00    8100.00  5.726987769729692E-08  1.223624577733083E-10 25664970
  82    8100.00    8200.00  4.839172622957048E-08  1.043969557969229E-10 24652365
  83    8200.00    8300.00  4.068415862865514E-08  8.597433722164862E-11 23664408
  84    8300.00    8400.00  3.421859366722624E-08  7.682889495653730E-11 22718782
  85    8400.00    8500.00  2.861149800936775E-08  6.356226594594467E-11 21801045
  86    8500.00    8600.00  2.397801023309415E-08  5.421064140796515E-11 20910698
  87    8600.00    8700.00  1.996120479914673E-08  4.577948588088254E-11 20045962
  88    8700.00    8800.00  1.671919174670239E-08  3.961012637544993E-11 19212477
  89    8800.00    8900.00  1.399114661053302E-08  3.363686193028834E-11 18421286
  90    8900.00    9000.00  1.170200276419685E-08  2.918112621772641E-11 17646840
  91    9000.00    9100.00  9.699893308429314E-09  2.442227757463189E-11 16879637
  92    9100.00    9200.00  8.007727620640379E-09  2.039647686786144E-11 16152947
  93    9200.00    9300.00  6.650813659293169E-09  1.811465426043547E-11 15456822
  94    9300.00    9400.00  5.480650728203577E-09  1.454591491366150E-11 14766451
  95    9400.00    9500.00  4.516124144938238E-09  1.205538486659214E-11 14102282
  96    9500.00    9600.00  3.715323740383496E-09  1.010081374741690E-11 13461257
  97    9600.00    9700.00  3.044852609763738E-09  8.470859073769092E-12 12841539
  98    9700.00    9800.00  2.507432350952481E-09  7.638142387223230E-12 12236311
  99    9800.00    9900.00  2.038408035758890E-09  5.808157220614547E-12 11655680
 100    9900.00   10000.00  1.661873503512705E-09  5.156006643113255E-12 11086428
 101   10000.00   10100.00  1.352276625744869E-09  4.019364120022583E-12 10544689
 102   10100.00   10200.00  1.096404653956385E-09  3.272046354295992E-12 10014609
 103   10200.00   10300.00  8.806341773989387E-10  2.700669547012407E-12 9493019
 104   10300.00   10400.00  7.078061147511993E-10  2.188335087140775E-12 8994771
 105   10400.00   10500.00  5.641016751473867E-10  1.730704233826902E-12 8513471
 106   10500.00   10600.00  4.491377962472127E-10  1.441627045088703E-12 8045132
 107   10600.00   10700.00  3.537448603896246E-10  1.119135169439443E-12 7588247
 108   10700.00   10800.00  2.757326720990290E-10  9.002453475267081E-13 7145830
 109   10800.00   10900.00  2.121367495283537E-10  6.891087061016580E-13 6724518
 110   10900.00   11000.00  1.614035509814806E-10  7.775407988328258E-13 6299906
 111   11000.00   11100.00  1.204305431552994E-10  4.086859646779646E-13 5900853
 112   11100.00   11200.00  8.817466094435077E-11  3.052799578199163E-13 5508557
 113   11200.00   11300.00  6.330024707418572E-11  2.301527807511643E-13 5129011
 114   11300.00   11400.00  4.446515153920542E-11  1.698982303573858E-13 4762063
 115   11400.00   11500.00  3.056242062679458E-11  1.168135312328137E-13 4403043
 116   11500.00   11600.00  2.043394102474575E-11  8.302044866183811E-14 4052862
 117   11600.00   11700.00  1.322537093771899E-11  6.171495157165522E-14 3714991
 118   11700.00   11800.00  8.229378807948828E-12  3.802073076053999E-14 3383831
 119   11800.00   11900.00  4.929611572170656E-12  2.350025110613227E-14 3071682
 120   11900.00   12000.00  2.896432623111127E-12  1.685339379033181E-14 2758945
 121   12000.00   12100.00  1.572977217636738E-12  9.209571363877826E-15 2459616
 122   12100.00   12200.00  8.110135069326009E-13  5.125053026678279E-15 2167554
 123   12200.00   12300.00  3.923656229611374E-13  2.717412080356150E-15 1886005
 124   12300.00   12400.00  1.734219918545799E-13  1.337938099337585E-15 1608311
 125   12400.00   12500.00  7.012789337447820E-14  6.502825916815039E-16 1340544
 126   12500.00   12600.00  2.445121172879554E-14  2.698805277681406E-16 1080332
 127   12600.00   12700.00  7.164350754698718E-15  8.464732385949241E-17 831860
 128   12700.00   12800.00  1.636627103615885E-15  2.401824515673057E-17 582919
 129   12800.00   12900.00  2.310511174234426E-16  4.500356945008334E-18 345947
 130   12900.00   13000.00  1.305587366286272E-17  5.078034508851280E-19 111881
# Underflow:                 0.0000000000000000E+00  0.0000000000000000E+00 0
# Overflow:                  0.0000000000000000E+00  0.0000000000000000E+00 0
#-------------------------------------------------------------------------------------
# Sum:                       9.8682013104437263E-03  1.1737010612347709E-06 817479000
#=====================================================================================
