# title = Missing Transverse Momentum
# xlabel = $p_{\text{T},\text{miss}}\,$[GeV]
# ylabel = $\frac{\text{d}\sigma}{\text{d}p_{\text{T},\text{miss}}}\,\left[\frac{\text{fb}}{\text{GeV}}\right]$
# xmin=  0.000E+00
# xmax=  8.000E+02
# ymin=  1.000E-06
# ymax=  1.000E-01
# kmin= -5.000E+01
# kmax=  1.000E+01
# logscale = true
# Renormalization and factorization scale scaled by: 1.0000000000
# Renormalization scaled by: .0000000000
# Number of generated events: 9164734443
#
#=====================================================================================
# No.       Left      Right                   Value                   Error Hits
#-------------------------------------------------------------------------------------
   1       0.00      20.00  0.000000000000000E+00  0.000000000000000E+00 0
   2      20.00      40.00  0.000000000000000E+00  0.000000000000000E+00 0
   3      40.00      60.00  5.961725599949640E-03  6.735278387145100E-06 2675595312
   4      60.00      80.00  4.989835135409727E-03  6.547462082195451E-06 2423758580
   5      80.00     100.00  3.558082558871791E-03  5.238258050894279E-06 1885706216
   6     100.00     120.00  2.364745817979013E-03  4.427719473237494E-06 1466975652
   7     120.00     140.00  1.553593683272307E-03  4.077032666055100E-06 1176606605
   8     140.00     160.00  1.045591030976799E-03  3.320055770309389E-06 967595982
   9     160.00     180.00  7.171897060124098E-04  2.665298493862837E-06 809780872
  10     180.00     200.00  5.065872046343758E-04  2.335744920886833E-06 686747257
  11     200.00     220.00  3.626267580605729E-04  1.774826507791405E-06 588233523
  12     220.00     240.00  2.592714700687385E-04  1.642864420337808E-06 508180840
  13     240.00     260.00  1.889719718059714E-04  1.259035481121811E-06 442286231
  14     260.00     280.00  1.429837808239955E-04  9.980369699227788E-07 387377287
  15     280.00     300.00  1.052738053855016E-04  1.039506590059062E-06 341306325
  16     300.00     320.00  7.928755907114691E-05  7.786472250055147E-07 302251783
  17     320.00     340.00  5.980053745601685E-05  6.186140408511221E-07 268953949
  18     340.00     360.00  4.604814325249236E-05  6.015146630544115E-07 240344316
  19     360.00     380.00  3.542420657007502E-05  4.287885409134856E-07 215581392
  20     380.00     400.00  2.692922645816641E-05  4.120901953847835E-07 194084732
  21     400.00     420.00  2.104032014819190E-05  4.304649213635305E-07 175309481
  22     420.00     440.00  1.589217676447821E-05  3.794666813538282E-07 158813088
  23     440.00     460.00  1.243850221350633E-05  3.326065811794343E-07 144270018
  24     460.00     480.00  1.045128898657313E-05  1.955613306002298E-07 131393680
  25     480.00     500.00  8.047860666028659E-06  1.935819881639105E-07 119947161
  26     500.00     520.00  6.419138616999940E-06  2.149942006337469E-07 109751412
  27     520.00     540.00  5.266061179152581E-06  1.562507899793926E-07 100612503
  28     540.00     560.00  4.210077396192986E-06  1.565185743781316E-07 92423656
  29     560.00     580.00  3.590025653353057E-06  1.039339148788642E-07 85034784
  30     580.00     600.00  2.666466182130171E-06  1.226117908016384E-07 78382898
  31     600.00     620.00  2.090789966645436E-06  1.097004186487524E-07 72384131
  32     620.00     640.00  1.885762040972411E-06  8.951521234828915E-08 66922309
  33     640.00     660.00  1.519777003200728E-06  5.934167243221316E-08 61958388
  34     660.00     680.00  1.269743663902031E-06  4.976243795743522E-08 57459211
  35     680.00     700.00  9.463604446807249E-07  5.919941845604617E-08 53342355
  36     700.00     720.00  8.893957660099019E-07  4.012955685581374E-08 49581541
  37     720.00     740.00  6.269424687278777E-07  5.137677704997268E-08 46134613
  38     740.00     760.00  5.825138450147488E-07  3.380741685622665E-08 42981508
  39     760.00     780.00  4.450596203954590E-07  4.979477693286149E-08 40067272
  40     780.00     800.00  3.150025803217188E-07  4.154997499675162E-08 37413660
  41     800.00     820.00  3.226652379613773E-07  2.658114363092425E-08 34953945
  42     820.00     840.00  2.705431831909710E-07  2.497559542125829E-08 32697890
  43     840.00     860.00  2.060205426428774E-07  2.797632431313150E-08 30598389
  44     860.00     880.00  1.796190243247278E-07  2.048371951432688E-08 28662250
  45     880.00     900.00  1.440115072743729E-07  1.829755332919550E-08 26873744
  46     900.00     920.00  1.479817462122875E-07  3.228073092847874E-08 25218826
  47     920.00     940.00  1.173619840641288E-07  1.504823862137509E-08 23681103
  48     940.00     960.00  1.013446052054120E-07  1.074263019113037E-08 22256865
  49     960.00     980.00  8.088885505063451E-08  1.012954842604433E-08 20922502
  50     980.00    1000.00  8.185203358555119E-08  6.893764887340925E-09 19673251
  51    1000.00    1020.00  6.108281384094233E-08  7.102659495167587E-09 18534205
  52    1020.00    1040.00  2.556312990056156E-08  2.511609055817356E-08 17459595
  53    1040.00    1060.00  2.060184315486927E-08  1.117835539046466E-08 16456206
  54    1060.00    1080.00  3.591892291368980E-08  4.918358053453102E-09 15522994
  55    1080.00    1100.00  3.625677063966434E-08  3.258482880241025E-09 14642014
  56    1100.00    1120.00  2.612786845209189E-08  4.587937748725055E-09 13826072
  57    1120.00    1140.00  2.118137093098275E-08  5.480855473223019E-09 13066726
  58    1140.00    1160.00  4.742516871069221E-09  1.817070008523751E-08 12349543
  59    1160.00    1180.00  1.832438277188749E-08  2.655104634363639E-09 11678681
  60    1180.00    1200.00  1.634887836113355E-08  2.607303612895018E-09 11047098
  61    1200.00    1220.00  1.556127492301581E-08  1.939885863359947E-09 10443302
  62    1220.00    1240.00  8.179008178503451E-09  4.761000594173171E-09 9896835
  63    1240.00    1260.00  6.908986547770964E-09  3.731042946106873E-09 9370226
  64    1260.00    1280.00  8.812543618884657E-09  1.852245862337059E-09 8875272
  65    1280.00    1300.00  4.861332980284946E-09  2.913477317363573E-09 8416195
  66    1300.00    1320.00  4.843257155762142E-09  1.586323400241314E-09 7981776
  67    1320.00    1340.00  4.479046263239456E-09  1.508480839090897E-09 7570258
  68    1340.00    1360.00  3.798952298330258E-09  1.299532388048663E-09 7181222
  69    1360.00    1380.00  1.052414991122114E-09  2.656489301324363E-09 6816429
  70    1380.00    1400.00  3.897821456994739E-09  7.037599964502074E-10 6476393
  71    1400.00    1420.00  3.346387454993218E-09  5.787682825372200E-10 6152465
  72    1420.00    1440.00  2.114918531629259E-09  7.458038268004595E-10 5844432
  73    1440.00    1460.00  1.845384589459172E-09  8.877226949003415E-10 5557071
  74    1460.00    1480.00  2.466703477592566E-09  4.449193480670805E-10 5279837
  75    1480.00    1500.00  2.611299789768694E-09  2.712829849840359E-10 5019341
  76    1500.00    1520.00  1.692918176895118E-09  6.000855884104942E-10 4777951
  77    1520.00    1540.00  1.082883189921717E-09  6.117074630232718E-10 4542664
  78    1540.00    1560.00  9.221474785345413E-10  4.723391297522698E-10 4321712
  79    1560.00    1580.00  4.600655510155479E-10  5.497453954338676E-10 4113763
  80    1580.00    1600.00  7.499446793198696E-10  2.769097167640394E-10 3916600
  81    1600.00    1620.00  1.125821988406178E-09  1.992446136518655E-10 3728959
  82    1620.00    1640.00  2.442760941456073E-10  3.256543865619881E-10 3556606
  83    1640.00    1660.00  7.465088457399128E-10  1.578723353536586E-10 3388344
  84    1660.00    1680.00  7.088143735015091E-10  1.597439268814344E-10 3225226
  85    1680.00    1700.00  5.471229432310273E-10  1.531978418173358E-10 3073865
  86    1700.00    1720.00  2.957769429167128E-10  2.210738921923849E-10 2929772
  87    1720.00    1740.00  1.445001609244745E-10  2.854243531693633E-10 2795990
  88    1740.00    1760.00  2.247582901395798E-10  1.921809421214555E-10 2666829
  89    1760.00    1780.00  1.802997297878976E-10  1.870997209643714E-10 2539933
  90    1780.00    1800.00  1.376600241919194E-10  1.576114677330774E-10 2427356
  91    1800.00    1820.00  2.997183588254900E-10  1.001375433641629E-10 2313647
  92    1820.00    1840.00 -2.359743311826345E-10  3.086760818785373E-10 2204552
  93    1840.00    1860.00  2.827056353718072E-10  3.741756167340704E-11 2110947
  94    1860.00    1880.00  2.053670592496123E-10  4.666421860483901E-11 2008523
  95    1880.00    1900.00  2.772330456490154E-10  2.895854468556114E-11 1920023
  96    1900.00    1920.00  2.030568530185506E-10  3.230457369924234E-11 1831846
  97    1920.00    1940.00  5.611054786164807E-11  7.256092941604409E-11 1750338
  98    1940.00    1960.00  3.017379802802850E-11  7.498411803485379E-11 1671880
  99    1960.00    1980.00  1.094333692959944E-10  3.266769874457249E-11 1595757
 100    1980.00    2000.00  2.411357471526770E-11  4.948398661040002E-11 1527426
 101    2000.00    2020.00 -1.932947060924530E-11  1.196713625363919E-10 1456593
 102    2020.00    2040.00  8.435212675405180E-11  2.610461749497399E-11 1395626
 103    2040.00    2060.00  4.392033392949512E-11  5.193339008657508E-11 1332853
 104    2060.00    2080.00  3.873932550057905E-11  2.892897615059230E-11 1271593
 105    2080.00    2100.00 -1.582041489414243E-11  5.167569203604147E-11 1216249
 106    2100.00    2120.00  1.708542853251375E-11  2.756344203976423E-11 1162121
 107    2120.00    2140.00  2.050348456786125E-11  1.950015494609625E-11 1109419
 108    2140.00    2160.00  4.546554985253625E-11  9.045711166879539E-12 1061328
 109    2160.00    2180.00  1.041135438733891E-11  1.417962275975821E-11 1014747
 110    2180.00    2200.00 -2.051978470119397E-11  2.436046850220713E-11 971275
 111    2200.00    2220.00  3.650416506743150E-11  9.476075824758542E-12 929500
 112    2220.00    2240.00  1.608705452681397E-11  1.460997009364585E-11 888592
 113    2240.00    2260.00  1.989599583169979E-11  1.199638434441316E-11 849338
 114    2260.00    2280.00  8.886619825240865E-12  1.405408602706091E-11 812340
 115    2280.00    2300.00 -6.658218666268704E-12  2.416348520238427E-11 777764
 116    2300.00    2320.00  5.121970645888745E-12  1.275427599639819E-11 742788
 117    2320.00    2340.00  1.439021743213901E-11  6.677880129725414E-12 712242
 118    2340.00    2360.00  9.578624711308811E-12  8.124830664250718E-12 680333
 119    2360.00    2380.00  1.569090678381529E-11  3.877112081285007E-12 651616
 120    2380.00    2400.00  1.411928859005967E-11  3.933092714499599E-12 622878
 121    2400.00    2420.00 -5.699840709058228E-12  1.331716264099587E-11 595933
 122    2420.00    2440.00  5.115025235453597E-12  4.476194273976658E-12 569738
 123    2440.00    2460.00  6.599088362035401E-12  4.528506752474446E-12 545265
 124    2460.00    2480.00  7.907494371326036E-12  2.125427524317490E-12 522970
 125    2480.00    2500.00  7.645618484609994E-12  2.031721367436299E-12 499726
 126    2500.00    2520.00  3.624081536065047E-12  2.661703138789893E-12 478377
 127    2520.00    2540.00 -3.885854322950936E-12  9.352527012555626E-12 458238
 128    2540.00    2560.00  5.098603101483213E-12  1.570553145581681E-12 438314
 129    2560.00    2580.00  2.015404981254622E-12  2.820999217545903E-12 418655
 130    2580.00    2600.00  2.994276471721958E-12  2.048699688896377E-12 401786
 131    2600.00    2620.00  5.229065176141496E-12  1.147313704797152E-12 384131
 132    2620.00    2640.00 -3.883044452811226E-13  2.381396927157630E-12 366838
 133    2640.00    2660.00 -9.226913442861513E-13  2.608310583616627E-12 351852
 134    2660.00    2680.00  2.204005542592883E-12  1.383538489499706E-12 337423
 135    2680.00    2700.00 -5.420242459653004E-12  5.259582344738153E-12 323355
 136    2700.00    2720.00  3.479841059537779E-12  4.216568887602075E-13 308362
 137    2720.00    2740.00  6.595564746808022E-13  1.574131996728563E-12 295024
 138    2740.00    2760.00 -6.504810787131195E-13  2.256427282397481E-12 283175
 139    2760.00    2780.00 -2.250416558480811E-13  1.939510362635050E-12 270717
 140    2780.00    2800.00  1.684336884366767E-12  5.349852584975972E-13 259476
 141    2800.00    2820.00 -2.322523274093318E-12  2.595602326143964E-12 249469
 142    2820.00    2840.00 -7.732601149431439E-13  1.135250973808464E-12 237006
 143    2840.00    2860.00  2.657738003124319E-13  1.139316239317044E-12 226990
 144    2860.00    2880.00  1.074194118121478E-12  6.577606968673385E-13 217059
 145    2880.00    2900.00  3.896606372499916E-13  4.337264380509142E-13 208078
 146    2900.00    2920.00  8.786529461541429E-13  2.906789386720233E-13 199542
 147    2920.00    2940.00  9.041985355722214E-13  2.344600492102994E-13 190486
 148    2940.00    2960.00 -8.764568223766804E-13  1.136596835029696E-12 182588
 149    2960.00    2980.00  7.152942891161879E-13  1.613006487474975E-13 174166
 150    2980.00    3000.00  8.109539778921960E-13  1.962631948895773E-13 166575
 151    3000.00    3020.00  2.705937494043631E-14  5.499711612059930E-13 159701
 152    3020.00    3040.00  4.295469145552738E-13  3.040329952480501E-13 152474
 153    3040.00    3060.00 -3.731879792266993E-13  3.694675929815460E-13 146140
 154    3060.00    3080.00  1.233956367741839E-13  4.151563456901088E-13 139295
 155    3080.00    3100.00  2.367228127122514E-13  2.241254616421077E-13 133719
 156    3100.00    3120.00  2.075167587285743E-13  2.792022004764364E-13 128303
 157    3120.00    3140.00  3.879980933207900E-13  1.695178565336289E-13 122433
 158    3140.00    3160.00  7.463787802950655E-14  3.767953073048190E-13 117422
 159    3160.00    3180.00 -2.664781876239251E-14  2.195660756593237E-13 112007
 160    3180.00    3200.00  2.183630538647935E-13  6.674513401700900E-14 106952
 161    3200.00    3220.00  1.880061627119358E-13  8.655319697538200E-14 102802
 162    3220.00    3240.00  2.431039419325090E-13  7.829234497408271E-14 97515
 163    3240.00    3260.00 -1.620988968111804E-13  2.957798240788922E-13 93399
 164    3260.00    3280.00 -5.594071362368235E-13  6.466473108969077E-13 89361
 165    3280.00    3300.00  2.297910866840747E-13  2.550565317316181E-14 85538
 166    3300.00    3320.00  1.689817855819650E-13  3.314463257094445E-14 81787
 167    3320.00    3340.00  5.319964370429191E-14  5.636464968193833E-14 77616
 168    3340.00    3360.00 -1.434506716488247E-13  2.501194115751130E-13 75057
 169    3360.00    3380.00 -4.586050783977667E-14  2.046041211811254E-13 71908
 170    3380.00    3400.00  8.650813495341398E-14  5.421314524399877E-14 68303
 171    3400.00    3420.00  3.259677699719933E-14  5.871209691597927E-14 65065
 172    3420.00    3440.00 -3.200613708085925E-14  5.825347338195701E-14 62502
 173    3440.00    3460.00  4.183173310343396E-14  6.218191032476431E-14 59149
 174    3460.00    3480.00 -2.624954310609330E-15  6.758156837946438E-14 56623
 175    3480.00    3500.00  6.598667655215733E-14  1.810894463291655E-14 54457
 176    3500.00    3520.00  3.704506927523116E-14  3.993914653900304E-14 51782
 177    3520.00    3540.00 -1.380244993317470E-14  6.058351503321276E-14 49172
 178    3540.00    3560.00  3.023753929552795E-13  2.423708346337029E-13 47170
 179    3560.00    3580.00  6.062821207174898E-14  5.899441349845431E-15 45221
 180    3580.00    3600.00  4.900117975000288E-14  1.090014735123015E-14 43060
 181    3600.00    3620.00 -1.922304179552585E-14  3.929055287090733E-14 40969
 182    3620.00    3640.00  4.181977070802011E-14  7.002653184806131E-15 39099
 183    3640.00    3660.00  2.352508734307892E-14  1.815771758081838E-14 37069
 184    3660.00    3680.00  3.518944779686129E-14  5.184911241772446E-15 35969
 185    3680.00    3700.00  2.918612446672219E-14  7.224814354153746E-15 34155
 186    3700.00    3720.00  2.555405514417651E-14  2.754563968182023E-15 32278
 187    3720.00    3740.00 -2.204558052864426E-14  4.194094180957649E-14 30737
 188    3740.00    3760.00 -8.180762814117775E-14  1.097832025873151E-13 29277
 189    3760.00    3780.00 -6.693526128847337E-15  2.285106078276304E-14 27962
 190    3780.00    3800.00 -4.541113645558777E-13  4.737923948409204E-13 26622
 191    3800.00    3820.00 -1.438891658307960E-14  2.625286324236600E-14 25496
 192    3820.00    3840.00  1.016910338581279E-14  5.946267977989094E-15 24300
 193    3840.00    3860.00  1.570158004529559E-14  3.835184509738951E-15 23263
 194    3860.00    3880.00  1.495573789921930E-14  2.692396503433562E-15 21910
 195    3880.00    3900.00  9.483357384638129E-15  2.192444668392537E-15 20959
 196    3900.00    3920.00  1.005662134994381E-14  1.782561492423587E-15 19696
 197    3920.00    3940.00  9.721664054727590E-15  1.209306638768974E-15 18898
 198    3940.00    3960.00  2.280775329451329E-15  4.227933572422798E-15 17862
 199    3960.00    3980.00  7.103687863841406E-15  9.621122534731859E-16 17241
 200    3980.00    4000.00  9.572910768631073E-15  9.203043338464272E-16 16182
 201    4000.00    4020.00  4.251950065724654E-15  2.155111914980065E-15 15380
 202    4020.00    4040.00 -1.858393601727825E-13  1.911250858107139E-13 14624
 203    4040.00    4060.00  4.189274238604675E-15  1.606943259686713E-15 14039
 204    4060.00    4080.00  4.780696833223416E-15  6.211945183228148E-16 13160
 205    4080.00    4100.00  5.935997078797632E-15  5.257351235724107E-16 12500
 206    4100.00    4120.00  4.552662517244933E-15  1.075252209683395E-15 11827
 207    4120.00    4140.00  4.746139214731858E-15  7.627462465685593E-16 11322
 208    4140.00    4160.00  3.967655154906168E-15  1.897241862561138E-15 10729
 209    4160.00    4180.00  3.814590358466706E-15  4.784068607990325E-16 10183
 210    4180.00    4200.00  3.738550185967394E-15  5.964478148390718E-16 9674
 211    4200.00    4220.00  2.482061445141437E-15  2.771681392398516E-16 9062
 212    4220.00    4240.00  2.717286714647266E-15  4.000042231918866E-16 8673
 213    4240.00    4260.00  6.010234548983103E-15  3.947278631500425E-15 8251
 214    4260.00    4280.00  1.715646011665460E-16  1.963988823312850E-15 7753
 215    4280.00    4300.00  2.078589108555071E-15  7.566357863555892E-16 7376
 216    4300.00    4320.00  2.005888312336393E-15  2.934284312860728E-16 6916
 217    4320.00    4340.00  3.181180516361713E-16  8.351269609805515E-16 6748
 218    4340.00    4360.00  1.933507595447652E-15  3.043823210040866E-16 6193
 219    4360.00    4380.00 -7.904417602586101E-16  1.704371194127057E-15 5894
 220    4380.00    4400.00  1.379154519824783E-15  5.015222528142809E-16 5630
 221    4400.00    4420.00  8.349153028620382E-17  1.471524142752215E-15 5255
 222    4420.00    4440.00  1.017097440599676E-15  1.815581606452656E-16 5048
 223    4440.00    4460.00  9.196331805401973E-16  1.589450061227482E-16 4632
 224    4460.00    4480.00  1.099363159718173E-15  2.277380947592001E-16 4475
 225    4480.00    4500.00  8.516406698618371E-16  1.963414042201310E-16 4080
 226    4500.00    4520.00  8.071986735838699E-16  1.586263249910782E-16 4082
 227    4520.00    4540.00  5.414818985427814E-16  3.200949802566090E-16 3747
 228    4540.00    4560.00  3.234185833785537E-16  8.020542294753006E-17 3513
 229    4560.00    4580.00  2.041500395294069E-16  2.246960943668006E-16 3324
 230    4580.00    4600.00  2.241705508610181E-16  1.462671206096230E-16 3043
 231    4600.00    4620.00  4.278442848912115E-16  7.362132193200940E-17 2941
 232    4620.00    4640.00  3.001601355890251E-16  9.754645398671177E-17 2767
 233    4640.00    4660.00 -7.546141433303788E-16  1.042066788193832E-15 2521
 234    4660.00    4680.00  3.928707968387762E-16  1.245900005606093E-16 2447
 235    4680.00    4700.00  2.212926374523135E-16  6.974691079413025E-17 2310
 236    4700.00    4720.00  2.445331560339439E-16  4.472421531925592E-17 2123
 237    4720.00    4740.00 -4.018455887261598E-16  6.410241450804872E-16 1971
 238    4740.00    4760.00  1.327037694100519E-16  2.910909731827601E-17 1846
 239    4760.00    4780.00  1.639078561929056E-16  3.741042603071055E-17 1712
 240    4780.00    4800.00 -5.359086596727838E-16  5.826705240009559E-16 1624
 241    4800.00    4820.00  1.148265977540983E-16  3.558331020369365E-17 1472
 242    4820.00    4840.00  6.421534724018486E-17  1.440394828216557E-17 1472
 243    4840.00    4860.00  9.458338111609613E-17  2.590077125575574E-17 1330
 244    4860.00    4880.00  9.611086758257192E-17  2.839226352556553E-17 1282
 245    4880.00    4900.00  6.435507003470133E-17  2.721200420634448E-17 1189
 246    4900.00    4920.00  4.582519763446986E-17  1.763595166030277E-17 1091
 247    4920.00    4940.00  6.666928553385612E-17  1.953568627453777E-17 1049
 248    4940.00    4960.00  3.254760233495619E-17  1.037485590915173E-17 927
 249    4960.00    4980.00  3.314685388626103E-17  1.223448815409835E-17 848
 250    4980.00    5000.00  4.956137498336529E-17  1.242331257217039E-17 828
 251    5000.00    5020.00  4.302875720283523E-17  1.469954396235523E-17 733
 252    5020.00    5040.00  3.230597753418064E-17  1.016770957788398E-17 711
 253    5040.00    5060.00  2.235821320560527E-17  1.369223603965526E-17 658
 254    5060.00    5080.00  1.159888425317654E-17  5.147814815883267E-18 652
 255    5080.00    5100.00  2.417924812974219E-17  7.230512409837575E-18 549
 256    5100.00    5120.00  1.122967483303601E-17  5.548446784603240E-18 473
 257    5120.00    5140.00 -1.322327430014848E-18  5.362280554616240E-18 432
 258    5140.00    5160.00  1.600100198885191E-17  4.385502765525978E-18 408
 259    5160.00    5180.00  8.271965606720375E-18  3.742932788240241E-18 375
 260    5180.00    5200.00  4.269499643517272E-18  1.291880817790382E-18 363
 261    5200.00    5220.00  4.248446498462153E-18  2.563108426982091E-18 316
 262    5220.00    5240.00  1.010668193036680E-17  5.620368475596502E-18 297
 263    5240.00    5260.00  3.782108744412726E-18  1.897212828420337E-18 243
 264    5260.00    5280.00  4.675288626736669E-18  2.196647828739588E-18 247
 265    5280.00    5300.00  2.507604365013123E-18  1.257525541585655E-18 219
 266    5300.00    5320.00  2.500633950837155E-18  1.802079949092181E-18 210
 267    5320.00    5340.00  1.978117820049064E-18  7.229553711483373E-19 173
 268    5340.00    5360.00 -1.487834268253440E-18  4.144177534798926E-18 170
 269    5360.00    5380.00  2.004341478051730E-18  1.371774977526980E-18 142
 270    5380.00    5400.00  7.550786212705012E-19  3.737008821915604E-19 146
 271    5400.00    5420.00 -1.292996375869558E-17  1.364650959788789E-17 124
 272    5420.00    5440.00  1.243431895331264E-18  6.669648738621688E-19 120
 273    5440.00    5460.00  2.854485157234068E-18  1.806843801001883E-18 109
 274    5460.00    5480.00  2.738272577315573E-19  1.708399206826882E-19 81
 275    5480.00    5500.00 -6.336171981339527E-19  1.074713419886754E-18 90
 276    5500.00    5520.00  5.353120102280748E-19  4.409333923462277E-19 67
 277    5520.00    5540.00  3.134081570443934E-19  2.893869999860590E-19 58
 278    5540.00    5560.00  5.891268784895231E-20  2.147468245882536E-20 53
 279    5560.00    5580.00 -2.127803983524141E-19  2.315440479588713E-19 64
 280    5580.00    5600.00  2.306729284924274E-20  5.250091718959657E-20 54
 281    5600.00    5620.00 -7.881184974079327E-21  7.700914485082083E-20 43
 282    5620.00    5640.00  2.743347070334357E-21  2.080617172652727E-21 29
 283    5640.00    5660.00  5.076449409614290E-20  3.837728373309365E-20 27
 284    5660.00    5680.00  9.730342192934537E-20  9.718769920586173E-20 26
 285    5680.00    5700.00  7.179770119730899E-21  6.872821996068750E-21 18
 286    5700.00    5720.00  9.678434517349177E-21  9.142689852149107E-21 21
 287    5720.00    5740.00 -8.831330172790327E-23  3.129067167613568E-22 19
 288    5740.00    5760.00 -5.122518669468723E-20  5.154789374660015E-20 9
 289    5760.00    5780.00  7.426261060716135E-21  6.168522906322249E-21 18
 290    5780.00    5800.00  2.447849359016844E-20  2.100185681420047E-20 14
 291    5800.00    5820.00  3.992102304727972E-23  2.859060938494657E-23 10
 292    5820.00    5840.00  2.266104327748195E-24  2.268064974105362E-24 4
 293    5840.00    5860.00 -4.342827379475408E-23  9.967651193431196E-23 9
 294    5860.00    5880.00  3.475553326864396E-22  2.042731132539045E-22 8
 295    5880.00    5900.00  1.750508933431671E-23  1.519541565252677E-23 8
 296    5900.00    5920.00 -2.295317084814276E-24  1.843685421219720E-24 4
 297    5920.00    5940.00  1.437450861217835E-25  1.506924145796908E-25 3
 298    5940.00    5960.00  1.295301130186997E-28  4.661298013350037E-27 4
 299    5960.00    5980.00  5.953118847318126E-33  5.953118846829974E-33 1
 300    5980.00    6000.00  5.883988433253835E-23  5.883988432952012E-23 1
 301    6000.00    6020.00  0.000000000000000E+00  0.000000000000000E+00 0
 302    6020.00    6040.00  0.000000000000000E+00  0.000000000000000E+00 0
 303    6040.00    6060.00 -2.227485319820941E-25  2.227485319756389E-25 1
 304    6060.00    6080.00  0.000000000000000E+00  0.000000000000000E+00 0
 305    6080.00    6100.00  0.000000000000000E+00  0.000000000000000E+00 0
 306    6100.00    6120.00  0.000000000000000E+00  0.000000000000000E+00 0
 307    6120.00    6140.00  0.000000000000000E+00  0.000000000000000E+00 0
 308    6140.00    6160.00  0.000000000000000E+00  0.000000000000000E+00 0
 309    6160.00    6180.00  0.000000000000000E+00  0.000000000000000E+00 0
 310    6180.00    6200.00  0.000000000000000E+00  0.000000000000000E+00 0
 311    6200.00    6220.00  0.000000000000000E+00  0.000000000000000E+00 0
 312    6220.00    6240.00  0.000000000000000E+00  0.000000000000000E+00 0
 313    6240.00    6260.00  0.000000000000000E+00  0.000000000000000E+00 0
 314    6260.00    6280.00  0.000000000000000E+00  0.000000000000000E+00 0
 315    6280.00    6300.00  0.000000000000000E+00  0.000000000000000E+00 0
 316    6300.00    6320.00  0.000000000000000E+00  0.000000000000000E+00 0
 317    6320.00    6340.00  0.000000000000000E+00  0.000000000000000E+00 0
 318    6340.00    6360.00  0.000000000000000E+00  0.000000000000000E+00 0
 319    6360.00    6380.00  0.000000000000000E+00  0.000000000000000E+00 0
 320    6380.00    6400.00  0.000000000000000E+00  0.000000000000000E+00 0
 321    6400.00    6420.00  0.000000000000000E+00  0.000000000000000E+00 0
 322    6420.00    6440.00  0.000000000000000E+00  0.000000000000000E+00 0
 323    6440.00    6460.00  0.000000000000000E+00  0.000000000000000E+00 0
 324    6460.00    6480.00  0.000000000000000E+00  0.000000000000000E+00 0
 325    6480.00    6500.00  0.000000000000000E+00  0.000000000000000E+00 0
 326    6500.00    6520.00  0.000000000000000E+00  0.000000000000000E+00 0
 327    6520.00    6540.00  0.000000000000000E+00  0.000000000000000E+00 0
 328    6540.00    6560.00  0.000000000000000E+00  0.000000000000000E+00 0
 329    6560.00    6580.00  0.000000000000000E+00  0.000000000000000E+00 0
 330    6580.00    6600.00  0.000000000000000E+00  0.000000000000000E+00 0
 331    6600.00    6620.00  0.000000000000000E+00  0.000000000000000E+00 0
 332    6620.00    6640.00  0.000000000000000E+00  0.000000000000000E+00 0
 333    6640.00    6660.00  0.000000000000000E+00  0.000000000000000E+00 0
 334    6660.00    6680.00  0.000000000000000E+00  0.000000000000000E+00 0
 335    6680.00    6700.00  0.000000000000000E+00  0.000000000000000E+00 0
 336    6700.00    6720.00  0.000000000000000E+00  0.000000000000000E+00 0
 337    6720.00    6740.00  0.000000000000000E+00  0.000000000000000E+00 0
 338    6740.00    6760.00  0.000000000000000E+00  0.000000000000000E+00 0
 339    6760.00    6780.00  0.000000000000000E+00  0.000000000000000E+00 0
 340    6780.00    6800.00  0.000000000000000E+00  0.000000000000000E+00 0
 341    6800.00    6820.00  0.000000000000000E+00  0.000000000000000E+00 0
 342    6820.00    6840.00  0.000000000000000E+00  0.000000000000000E+00 0
 343    6840.00    6860.00  0.000000000000000E+00  0.000000000000000E+00 0
 344    6860.00    6880.00  0.000000000000000E+00  0.000000000000000E+00 0
 345    6880.00    6900.00  0.000000000000000E+00  0.000000000000000E+00 0
 346    6900.00    6920.00  0.000000000000000E+00  0.000000000000000E+00 0
 347    6920.00    6940.00  0.000000000000000E+00  0.000000000000000E+00 0
 348    6940.00    6960.00  0.000000000000000E+00  0.000000000000000E+00 0
 349    6960.00    6980.00  0.000000000000000E+00  0.000000000000000E+00 0
 350    6980.00    7000.00  0.000000000000000E+00  0.000000000000000E+00 0
 351    7000.00    7020.00  0.000000000000000E+00  0.000000000000000E+00 0
 352    7020.00    7040.00  0.000000000000000E+00  0.000000000000000E+00 0
 353    7040.00    7060.00  0.000000000000000E+00  0.000000000000000E+00 0
 354    7060.00    7080.00  0.000000000000000E+00  0.000000000000000E+00 0
 355    7080.00    7100.00  0.000000000000000E+00  0.000000000000000E+00 0
 356    7100.00    7120.00  0.000000000000000E+00  0.000000000000000E+00 0
 357    7120.00    7140.00  0.000000000000000E+00  0.000000000000000E+00 0
 358    7140.00    7160.00  0.000000000000000E+00  0.000000000000000E+00 0
 359    7160.00    7180.00  0.000000000000000E+00  0.000000000000000E+00 0
 360    7180.00    7200.00  0.000000000000000E+00  0.000000000000000E+00 0
 361    7200.00    7220.00  0.000000000000000E+00  0.000000000000000E+00 0
 362    7220.00    7240.00  0.000000000000000E+00  0.000000000000000E+00 0
 363    7240.00    7260.00  0.000000000000000E+00  0.000000000000000E+00 0
 364    7260.00    7280.00  0.000000000000000E+00  0.000000000000000E+00 0
 365    7280.00    7300.00  0.000000000000000E+00  0.000000000000000E+00 0
 366    7300.00    7320.00  0.000000000000000E+00  0.000000000000000E+00 0
 367    7320.00    7340.00  0.000000000000000E+00  0.000000000000000E+00 0
 368    7340.00    7360.00  0.000000000000000E+00  0.000000000000000E+00 0
 369    7360.00    7380.00  0.000000000000000E+00  0.000000000000000E+00 0
 370    7380.00    7400.00  0.000000000000000E+00  0.000000000000000E+00 0
 371    7400.00    7420.00  0.000000000000000E+00  0.000000000000000E+00 0
 372    7420.00    7440.00  0.000000000000000E+00  0.000000000000000E+00 0
 373    7440.00    7460.00  0.000000000000000E+00  0.000000000000000E+00 0
 374    7460.00    7480.00  0.000000000000000E+00  0.000000000000000E+00 0
 375    7480.00    7500.00  0.000000000000000E+00  0.000000000000000E+00 0
 376    7500.00    7520.00  0.000000000000000E+00  0.000000000000000E+00 0
 377    7520.00    7540.00  0.000000000000000E+00  0.000000000000000E+00 0
 378    7540.00    7560.00  0.000000000000000E+00  0.000000000000000E+00 0
 379    7560.00    7580.00  0.000000000000000E+00  0.000000000000000E+00 0
 380    7580.00    7600.00  0.000000000000000E+00  0.000000000000000E+00 0
 381    7600.00    7620.00  0.000000000000000E+00  0.000000000000000E+00 0
 382    7620.00    7640.00  0.000000000000000E+00  0.000000000000000E+00 0
 383    7640.00    7660.00  0.000000000000000E+00  0.000000000000000E+00 0
 384    7660.00    7680.00  0.000000000000000E+00  0.000000000000000E+00 0
 385    7680.00    7700.00  0.000000000000000E+00  0.000000000000000E+00 0
 386    7700.00    7720.00  0.000000000000000E+00  0.000000000000000E+00 0
 387    7720.00    7740.00  0.000000000000000E+00  0.000000000000000E+00 0
 388    7740.00    7760.00  0.000000000000000E+00  0.000000000000000E+00 0
 389    7760.00    7780.00  0.000000000000000E+00  0.000000000000000E+00 0
 390    7780.00    7800.00  0.000000000000000E+00  0.000000000000000E+00 0
 391    7800.00    7820.00  0.000000000000000E+00  0.000000000000000E+00 0
 392    7820.00    7840.00  0.000000000000000E+00  0.000000000000000E+00 0
 393    7840.00    7860.00  0.000000000000000E+00  0.000000000000000E+00 0
 394    7860.00    7880.00  0.000000000000000E+00  0.000000000000000E+00 0
 395    7880.00    7900.00  0.000000000000000E+00  0.000000000000000E+00 0
 396    7900.00    7920.00  0.000000000000000E+00  0.000000000000000E+00 0
 397    7920.00    7940.00  0.000000000000000E+00  0.000000000000000E+00 0
 398    7940.00    7960.00  0.000000000000000E+00  0.000000000000000E+00 0
 399    7960.00    7980.00  0.000000000000000E+00  0.000000000000000E+00 0
 400    7980.00    8000.00  0.000000000000000E+00  0.000000000000000E+00 0
 401    8000.00    8020.00  0.000000000000000E+00  0.000000000000000E+00 0
 402    8020.00    8040.00  0.000000000000000E+00  0.000000000000000E+00 0
 403    8040.00    8060.00  0.000000000000000E+00  0.000000000000000E+00 0
 404    8060.00    8080.00  0.000000000000000E+00  0.000000000000000E+00 0
 405    8080.00    8100.00  0.000000000000000E+00  0.000000000000000E+00 0
 406    8100.00    8120.00  0.000000000000000E+00  0.000000000000000E+00 0
 407    8120.00    8140.00  0.000000000000000E+00  0.000000000000000E+00 0
 408    8140.00    8160.00  0.000000000000000E+00  0.000000000000000E+00 0
 409    8160.00    8180.00  0.000000000000000E+00  0.000000000000000E+00 0
 410    8180.00    8200.00  0.000000000000000E+00  0.000000000000000E+00 0
 411    8200.00    8220.00  0.000000000000000E+00  0.000000000000000E+00 0
 412    8220.00    8240.00  0.000000000000000E+00  0.000000000000000E+00 0
 413    8240.00    8260.00  0.000000000000000E+00  0.000000000000000E+00 0
 414    8260.00    8280.00  0.000000000000000E+00  0.000000000000000E+00 0
 415    8280.00    8300.00  0.000000000000000E+00  0.000000000000000E+00 0
 416    8300.00    8320.00  0.000000000000000E+00  0.000000000000000E+00 0
 417    8320.00    8340.00  0.000000000000000E+00  0.000000000000000E+00 0
 418    8340.00    8360.00  0.000000000000000E+00  0.000000000000000E+00 0
 419    8360.00    8380.00  0.000000000000000E+00  0.000000000000000E+00 0
 420    8380.00    8400.00  0.000000000000000E+00  0.000000000000000E+00 0
 421    8400.00    8420.00  0.000000000000000E+00  0.000000000000000E+00 0
 422    8420.00    8440.00  0.000000000000000E+00  0.000000000000000E+00 0
 423    8440.00    8460.00  0.000000000000000E+00  0.000000000000000E+00 0
 424    8460.00    8480.00  0.000000000000000E+00  0.000000000000000E+00 0
 425    8480.00    8500.00  0.000000000000000E+00  0.000000000000000E+00 0
 426    8500.00    8520.00  0.000000000000000E+00  0.000000000000000E+00 0
 427    8520.00    8540.00  0.000000000000000E+00  0.000000000000000E+00 0
 428    8540.00    8560.00  0.000000000000000E+00  0.000000000000000E+00 0
 429    8560.00    8580.00  0.000000000000000E+00  0.000000000000000E+00 0
 430    8580.00    8600.00  0.000000000000000E+00  0.000000000000000E+00 0
 431    8600.00    8620.00  0.000000000000000E+00  0.000000000000000E+00 0
 432    8620.00    8640.00  0.000000000000000E+00  0.000000000000000E+00 0
 433    8640.00    8660.00  0.000000000000000E+00  0.000000000000000E+00 0
 434    8660.00    8680.00  0.000000000000000E+00  0.000000000000000E+00 0
 435    8680.00    8700.00  0.000000000000000E+00  0.000000000000000E+00 0
 436    8700.00    8720.00  0.000000000000000E+00  0.000000000000000E+00 0
 437    8720.00    8740.00  0.000000000000000E+00  0.000000000000000E+00 0
 438    8740.00    8760.00  0.000000000000000E+00  0.000000000000000E+00 0
 439    8760.00    8780.00  0.000000000000000E+00  0.000000000000000E+00 0
 440    8780.00    8800.00  0.000000000000000E+00  0.000000000000000E+00 0
 441    8800.00    8820.00  0.000000000000000E+00  0.000000000000000E+00 0
 442    8820.00    8840.00  0.000000000000000E+00  0.000000000000000E+00 0
 443    8840.00    8860.00  0.000000000000000E+00  0.000000000000000E+00 0
 444    8860.00    8880.00  0.000000000000000E+00  0.000000000000000E+00 0
 445    8880.00    8900.00  0.000000000000000E+00  0.000000000000000E+00 0
 446    8900.00    8920.00  0.000000000000000E+00  0.000000000000000E+00 0
 447    8920.00    8940.00  0.000000000000000E+00  0.000000000000000E+00 0
 448    8940.00    8960.00  0.000000000000000E+00  0.000000000000000E+00 0
 449    8960.00    8980.00  0.000000000000000E+00  0.000000000000000E+00 0
 450    8980.00    9000.00  0.000000000000000E+00  0.000000000000000E+00 0
 451    9000.00    9020.00  0.000000000000000E+00  0.000000000000000E+00 0
 452    9020.00    9040.00  0.000000000000000E+00  0.000000000000000E+00 0
 453    9040.00    9060.00  0.000000000000000E+00  0.000000000000000E+00 0
 454    9060.00    9080.00  0.000000000000000E+00  0.000000000000000E+00 0
 455    9080.00    9100.00  0.000000000000000E+00  0.000000000000000E+00 0
 456    9100.00    9120.00  0.000000000000000E+00  0.000000000000000E+00 0
 457    9120.00    9140.00  0.000000000000000E+00  0.000000000000000E+00 0
 458    9140.00    9160.00  0.000000000000000E+00  0.000000000000000E+00 0
 459    9160.00    9180.00  0.000000000000000E+00  0.000000000000000E+00 0
 460    9180.00    9200.00  0.000000000000000E+00  0.000000000000000E+00 0
 461    9200.00    9220.00  0.000000000000000E+00  0.000000000000000E+00 0
 462    9220.00    9240.00  0.000000000000000E+00  0.000000000000000E+00 0
 463    9240.00    9260.00  0.000000000000000E+00  0.000000000000000E+00 0
 464    9260.00    9280.00  0.000000000000000E+00  0.000000000000000E+00 0
 465    9280.00    9300.00  0.000000000000000E+00  0.000000000000000E+00 0
 466    9300.00    9320.00  0.000000000000000E+00  0.000000000000000E+00 0
 467    9320.00    9340.00  0.000000000000000E+00  0.000000000000000E+00 0
 468    9340.00    9360.00  0.000000000000000E+00  0.000000000000000E+00 0
 469    9360.00    9380.00  0.000000000000000E+00  0.000000000000000E+00 0
 470    9380.00    9400.00  0.000000000000000E+00  0.000000000000000E+00 0
 471    9400.00    9420.00  0.000000000000000E+00  0.000000000000000E+00 0
 472    9420.00    9440.00  0.000000000000000E+00  0.000000000000000E+00 0
 473    9440.00    9460.00  0.000000000000000E+00  0.000000000000000E+00 0
 474    9460.00    9480.00  0.000000000000000E+00  0.000000000000000E+00 0
 475    9480.00    9500.00  0.000000000000000E+00  0.000000000000000E+00 0
 476    9500.00    9520.00  0.000000000000000E+00  0.000000000000000E+00 0
 477    9520.00    9540.00  0.000000000000000E+00  0.000000000000000E+00 0
 478    9540.00    9560.00  0.000000000000000E+00  0.000000000000000E+00 0
 479    9560.00    9580.00  0.000000000000000E+00  0.000000000000000E+00 0
 480    9580.00    9600.00  0.000000000000000E+00  0.000000000000000E+00 0
 481    9600.00    9620.00  0.000000000000000E+00  0.000000000000000E+00 0
 482    9620.00    9640.00  0.000000000000000E+00  0.000000000000000E+00 0
 483    9640.00    9660.00  0.000000000000000E+00  0.000000000000000E+00 0
 484    9660.00    9680.00  0.000000000000000E+00  0.000000000000000E+00 0
 485    9680.00    9700.00  0.000000000000000E+00  0.000000000000000E+00 0
 486    9700.00    9720.00  0.000000000000000E+00  0.000000000000000E+00 0
 487    9720.00    9740.00  0.000000000000000E+00  0.000000000000000E+00 0
 488    9740.00    9760.00  0.000000000000000E+00  0.000000000000000E+00 0
 489    9760.00    9780.00  0.000000000000000E+00  0.000000000000000E+00 0
 490    9780.00    9800.00  0.000000000000000E+00  0.000000000000000E+00 0
 491    9800.00    9820.00  0.000000000000000E+00  0.000000000000000E+00 0
 492    9820.00    9840.00  0.000000000000000E+00  0.000000000000000E+00 0
 493    9840.00    9860.00  0.000000000000000E+00  0.000000000000000E+00 0
 494    9860.00    9880.00  0.000000000000000E+00  0.000000000000000E+00 0
 495    9880.00    9900.00  0.000000000000000E+00  0.000000000000000E+00 0
 496    9900.00    9920.00  0.000000000000000E+00  0.000000000000000E+00 0
 497    9920.00    9940.00  0.000000000000000E+00  0.000000000000000E+00 0
 498    9940.00    9960.00  0.000000000000000E+00  0.000000000000000E+00 0
 499    9960.00    9980.00  0.000000000000000E+00  0.000000000000000E+00 0
 500    9980.00   10000.00  0.000000000000000E+00  0.000000000000000E+00 0
 501   10000.00   10020.00  0.000000000000000E+00  0.000000000000000E+00 0
 502   10020.00   10040.00  0.000000000000000E+00  0.000000000000000E+00 0
 503   10040.00   10060.00  0.000000000000000E+00  0.000000000000000E+00 0
 504   10060.00   10080.00  0.000000000000000E+00  0.000000000000000E+00 0
 505   10080.00   10100.00  0.000000000000000E+00  0.000000000000000E+00 0
 506   10100.00   10120.00  0.000000000000000E+00  0.000000000000000E+00 0
 507   10120.00   10140.00  0.000000000000000E+00  0.000000000000000E+00 0
 508   10140.00   10160.00  0.000000000000000E+00  0.000000000000000E+00 0
 509   10160.00   10180.00  0.000000000000000E+00  0.000000000000000E+00 0
 510   10180.00   10200.00  0.000000000000000E+00  0.000000000000000E+00 0
 511   10200.00   10220.00  0.000000000000000E+00  0.000000000000000E+00 0
 512   10220.00   10240.00  0.000000000000000E+00  0.000000000000000E+00 0
 513   10240.00   10260.00  0.000000000000000E+00  0.000000000000000E+00 0
 514   10260.00   10280.00  0.000000000000000E+00  0.000000000000000E+00 0
 515   10280.00   10300.00  0.000000000000000E+00  0.000000000000000E+00 0
 516   10300.00   10320.00  0.000000000000000E+00  0.000000000000000E+00 0
 517   10320.00   10340.00  0.000000000000000E+00  0.000000000000000E+00 0
 518   10340.00   10360.00  0.000000000000000E+00  0.000000000000000E+00 0
 519   10360.00   10380.00  0.000000000000000E+00  0.000000000000000E+00 0
 520   10380.00   10400.00  0.000000000000000E+00  0.000000000000000E+00 0
 521   10400.00   10420.00  0.000000000000000E+00  0.000000000000000E+00 0
 522   10420.00   10440.00  0.000000000000000E+00  0.000000000000000E+00 0
 523   10440.00   10460.00  0.000000000000000E+00  0.000000000000000E+00 0
 524   10460.00   10480.00  0.000000000000000E+00  0.000000000000000E+00 0
 525   10480.00   10500.00  0.000000000000000E+00  0.000000000000000E+00 0
 526   10500.00   10520.00  0.000000000000000E+00  0.000000000000000E+00 0
 527   10520.00   10540.00  0.000000000000000E+00  0.000000000000000E+00 0
 528   10540.00   10560.00  0.000000000000000E+00  0.000000000000000E+00 0
 529   10560.00   10580.00  0.000000000000000E+00  0.000000000000000E+00 0
 530   10580.00   10600.00  0.000000000000000E+00  0.000000000000000E+00 0
 531   10600.00   10620.00  0.000000000000000E+00  0.000000000000000E+00 0
 532   10620.00   10640.00  0.000000000000000E+00  0.000000000000000E+00 0
 533   10640.00   10660.00  0.000000000000000E+00  0.000000000000000E+00 0
 534   10660.00   10680.00  0.000000000000000E+00  0.000000000000000E+00 0
 535   10680.00   10700.00  0.000000000000000E+00  0.000000000000000E+00 0
 536   10700.00   10720.00  0.000000000000000E+00  0.000000000000000E+00 0
 537   10720.00   10740.00  0.000000000000000E+00  0.000000000000000E+00 0
 538   10740.00   10760.00  0.000000000000000E+00  0.000000000000000E+00 0
 539   10760.00   10780.00  0.000000000000000E+00  0.000000000000000E+00 0
 540   10780.00   10800.00  0.000000000000000E+00  0.000000000000000E+00 0
 541   10800.00   10820.00  0.000000000000000E+00  0.000000000000000E+00 0
 542   10820.00   10840.00  0.000000000000000E+00  0.000000000000000E+00 0
 543   10840.00   10860.00  0.000000000000000E+00  0.000000000000000E+00 0
 544   10860.00   10880.00  0.000000000000000E+00  0.000000000000000E+00 0
 545   10880.00   10900.00  0.000000000000000E+00  0.000000000000000E+00 0
 546   10900.00   10920.00  0.000000000000000E+00  0.000000000000000E+00 0
 547   10920.00   10940.00  0.000000000000000E+00  0.000000000000000E+00 0
 548   10940.00   10960.00  0.000000000000000E+00  0.000000000000000E+00 0
 549   10960.00   10980.00  0.000000000000000E+00  0.000000000000000E+00 0
 550   10980.00   11000.00  0.000000000000000E+00  0.000000000000000E+00 0
 551   11000.00   11020.00  0.000000000000000E+00  0.000000000000000E+00 0
 552   11020.00   11040.00  0.000000000000000E+00  0.000000000000000E+00 0
 553   11040.00   11060.00  0.000000000000000E+00  0.000000000000000E+00 0
 554   11060.00   11080.00  0.000000000000000E+00  0.000000000000000E+00 0
 555   11080.00   11100.00  0.000000000000000E+00  0.000000000000000E+00 0
 556   11100.00   11120.00  0.000000000000000E+00  0.000000000000000E+00 0
 557   11120.00   11140.00  0.000000000000000E+00  0.000000000000000E+00 0
 558   11140.00   11160.00  0.000000000000000E+00  0.000000000000000E+00 0
 559   11160.00   11180.00  0.000000000000000E+00  0.000000000000000E+00 0
 560   11180.00   11200.00  0.000000000000000E+00  0.000000000000000E+00 0
 561   11200.00   11220.00  0.000000000000000E+00  0.000000000000000E+00 0
 562   11220.00   11240.00  0.000000000000000E+00  0.000000000000000E+00 0
 563   11240.00   11260.00  0.000000000000000E+00  0.000000000000000E+00 0
 564   11260.00   11280.00  0.000000000000000E+00  0.000000000000000E+00 0
 565   11280.00   11300.00  0.000000000000000E+00  0.000000000000000E+00 0
 566   11300.00   11320.00  0.000000000000000E+00  0.000000000000000E+00 0
 567   11320.00   11340.00  0.000000000000000E+00  0.000000000000000E+00 0
 568   11340.00   11360.00  0.000000000000000E+00  0.000000000000000E+00 0
 569   11360.00   11380.00  0.000000000000000E+00  0.000000000000000E+00 0
 570   11380.00   11400.00  0.000000000000000E+00  0.000000000000000E+00 0
 571   11400.00   11420.00  0.000000000000000E+00  0.000000000000000E+00 0
 572   11420.00   11440.00  0.000000000000000E+00  0.000000000000000E+00 0
 573   11440.00   11460.00  0.000000000000000E+00  0.000000000000000E+00 0
 574   11460.00   11480.00  0.000000000000000E+00  0.000000000000000E+00 0
 575   11480.00   11500.00  0.000000000000000E+00  0.000000000000000E+00 0
 576   11500.00   11520.00  0.000000000000000E+00  0.000000000000000E+00 0
 577   11520.00   11540.00  0.000000000000000E+00  0.000000000000000E+00 0
 578   11540.00   11560.00  0.000000000000000E+00  0.000000000000000E+00 0
 579   11560.00   11580.00  0.000000000000000E+00  0.000000000000000E+00 0
 580   11580.00   11600.00  0.000000000000000E+00  0.000000000000000E+00 0
 581   11600.00   11620.00  0.000000000000000E+00  0.000000000000000E+00 0
 582   11620.00   11640.00  0.000000000000000E+00  0.000000000000000E+00 0
 583   11640.00   11660.00  0.000000000000000E+00  0.000000000000000E+00 0
 584   11660.00   11680.00  0.000000000000000E+00  0.000000000000000E+00 0
 585   11680.00   11700.00  0.000000000000000E+00  0.000000000000000E+00 0
 586   11700.00   11720.00  0.000000000000000E+00  0.000000000000000E+00 0
 587   11720.00   11740.00  0.000000000000000E+00  0.000000000000000E+00 0
 588   11740.00   11760.00  0.000000000000000E+00  0.000000000000000E+00 0
 589   11760.00   11780.00  0.000000000000000E+00  0.000000000000000E+00 0
 590   11780.00   11800.00  0.000000000000000E+00  0.000000000000000E+00 0
 591   11800.00   11820.00  0.000000000000000E+00  0.000000000000000E+00 0
 592   11820.00   11840.00  0.000000000000000E+00  0.000000000000000E+00 0
 593   11840.00   11860.00  0.000000000000000E+00  0.000000000000000E+00 0
 594   11860.00   11880.00  0.000000000000000E+00  0.000000000000000E+00 0
 595   11880.00   11900.00  0.000000000000000E+00  0.000000000000000E+00 0
 596   11900.00   11920.00  0.000000000000000E+00  0.000000000000000E+00 0
 597   11920.00   11940.00  0.000000000000000E+00  0.000000000000000E+00 0
 598   11940.00   11960.00  0.000000000000000E+00  0.000000000000000E+00 0
 599   11960.00   11980.00  0.000000000000000E+00  0.000000000000000E+00 0
 600   11980.00   12000.00  0.000000000000000E+00  0.000000000000000E+00 0
 601   12000.00   12020.00  0.000000000000000E+00  0.000000000000000E+00 0
 602   12020.00   12040.00  0.000000000000000E+00  0.000000000000000E+00 0
 603   12040.00   12060.00  0.000000000000000E+00  0.000000000000000E+00 0
 604   12060.00   12080.00  0.000000000000000E+00  0.000000000000000E+00 0
 605   12080.00   12100.00  0.000000000000000E+00  0.000000000000000E+00 0
 606   12100.00   12120.00  0.000000000000000E+00  0.000000000000000E+00 0
 607   12120.00   12140.00  0.000000000000000E+00  0.000000000000000E+00 0
 608   12140.00   12160.00  0.000000000000000E+00  0.000000000000000E+00 0
 609   12160.00   12180.00  0.000000000000000E+00  0.000000000000000E+00 0
 610   12180.00   12200.00  0.000000000000000E+00  0.000000000000000E+00 0
 611   12200.00   12220.00  0.000000000000000E+00  0.000000000000000E+00 0
 612   12220.00   12240.00  0.000000000000000E+00  0.000000000000000E+00 0
 613   12240.00   12260.00  0.000000000000000E+00  0.000000000000000E+00 0
 614   12260.00   12280.00  0.000000000000000E+00  0.000000000000000E+00 0
 615   12280.00   12300.00  0.000000000000000E+00  0.000000000000000E+00 0
 616   12300.00   12320.00  0.000000000000000E+00  0.000000000000000E+00 0
 617   12320.00   12340.00  0.000000000000000E+00  0.000000000000000E+00 0
 618   12340.00   12360.00  0.000000000000000E+00  0.000000000000000E+00 0
 619   12360.00   12380.00  0.000000000000000E+00  0.000000000000000E+00 0
 620   12380.00   12400.00  0.000000000000000E+00  0.000000000000000E+00 0
 621   12400.00   12420.00  0.000000000000000E+00  0.000000000000000E+00 0
 622   12420.00   12440.00  0.000000000000000E+00  0.000000000000000E+00 0
 623   12440.00   12460.00  0.000000000000000E+00  0.000000000000000E+00 0
 624   12460.00   12480.00  0.000000000000000E+00  0.000000000000000E+00 0
 625   12480.00   12500.00  0.000000000000000E+00  0.000000000000000E+00 0
 626   12500.00   12520.00  0.000000000000000E+00  0.000000000000000E+00 0
 627   12520.00   12540.00  0.000000000000000E+00  0.000000000000000E+00 0
 628   12540.00   12560.00  0.000000000000000E+00  0.000000000000000E+00 0
 629   12560.00   12580.00  0.000000000000000E+00  0.000000000000000E+00 0
 630   12580.00   12600.00  0.000000000000000E+00  0.000000000000000E+00 0
 631   12600.00   12620.00  0.000000000000000E+00  0.000000000000000E+00 0
 632   12620.00   12640.00  0.000000000000000E+00  0.000000000000000E+00 0
 633   12640.00   12660.00  0.000000000000000E+00  0.000000000000000E+00 0
 634   12660.00   12680.00  0.000000000000000E+00  0.000000000000000E+00 0
 635   12680.00   12700.00  0.000000000000000E+00  0.000000000000000E+00 0
 636   12700.00   12720.00  0.000000000000000E+00  0.000000000000000E+00 0
 637   12720.00   12740.00  0.000000000000000E+00  0.000000000000000E+00 0
 638   12740.00   12760.00  0.000000000000000E+00  0.000000000000000E+00 0
 639   12760.00   12780.00  0.000000000000000E+00  0.000000000000000E+00 0
 640   12780.00   12800.00  0.000000000000000E+00  0.000000000000000E+00 0
 641   12800.00   12820.00  0.000000000000000E+00  0.000000000000000E+00 0
 642   12820.00   12840.00  0.000000000000000E+00  0.000000000000000E+00 0
 643   12840.00   12860.00  0.000000000000000E+00  0.000000000000000E+00 0
 644   12860.00   12880.00  0.000000000000000E+00  0.000000000000000E+00 0
 645   12880.00   12900.00  0.000000000000000E+00  0.000000000000000E+00 0
 646   12900.00   12920.00  0.000000000000000E+00  0.000000000000000E+00 0
 647   12920.00   12940.00  0.000000000000000E+00  0.000000000000000E+00 0
 648   12940.00   12960.00  0.000000000000000E+00  0.000000000000000E+00 0
 649   12960.00   12980.00  0.000000000000000E+00  0.000000000000000E+00 0
 650   12980.00   13000.00  0.000000000000000E+00  0.000000000000000E+00 0
# Underflow:                 0.0000000000000000E+00  0.0000000000000000E+00 0
# Overflow:                  0.0000000000000000E+00  0.0000000000000000E+00 0
#-------------------------------------------------------------------------------------
# Sum:                       9.8678905928598157E-03  1.1784696445045032E-06 811479000
#=====================================================================================
