# title = Missing Transverse Momentum
# xlabel = $p_{\text{T},\text{miss}}\,$[GeV]
# ylabel = $\frac{\text{d}\sigma}{\text{d}p_{\text{T},\text{miss}}}\,\left[\frac{\text{fb}}{\text{GeV}}\right]$
# xmin=  0.000E+00
# xmax=  8.000E+02
# ymin=  1.000E-06
# ymax=  1.000E-01
# kmin= -5.000E+01
# kmax=  1.000E+01
# logscale = true
# Renormalization and factorization scale scaled by: 1.0000000000
# Renormalization scaled by: .0000000000
# Number of generated events: 9239286404
#
#=====================================================================================
# No.       Left      Right                   Value                   Error Hits
#-------------------------------------------------------------------------------------
   1       0.00      20.00  0.000000000000000E+00  0.000000000000000E+00 0
   2      20.00      40.00  0.000000000000000E+00  0.000000000000000E+00 0
   3      40.00      60.00  6.804563527056443E-03  8.499689356363351E-07 1775226233
   4      60.00      80.00  5.724770749912861E-03  7.466568493187496E-07 1597663624
   5      80.00     100.00  4.119772651873115E-03  6.054657644727054E-07 1229832243
   6     100.00     120.00  2.775817801682861E-03  4.736937413236168E-07 946736677
   7     120.00     140.00  1.858582052763172E-03  3.684570064256194E-07 753085190
   8     140.00     160.00  1.267584154475995E-03  2.889273339668523E-07 615291954
   9     160.00     180.00  8.837704897685742E-04  2.290966838424173E-07 512069272
  10     180.00     200.00  6.282885502571885E-04  1.835327841030323E-07 432098941
  11     200.00     220.00  4.539580226768680E-04  1.473108176050980E-07 368574280
  12     220.00     240.00  3.322981674301511E-04  1.202903417093042E-07 317227997
  13     240.00     260.00  2.461705713518117E-04  9.788665201554214E-08 275181664
  14     260.00     280.00  1.843658156392987E-04  8.007833049696836E-08 240317139
  15     280.00     300.00  1.393504447183098E-04  6.639854155478026E-08 211155225
  16     300.00     320.00  1.062093612441650E-04  5.470257439955047E-08 186545339
  17     320.00     340.00  8.158015594844861E-05  4.558552854421853E-08 165601951
  18     340.00     360.00  6.307080022237261E-05  3.932817694020059E-08 147682653
  19     360.00     380.00  4.915820171919330E-05  3.205872853868297E-08 132245402
  20     380.00     400.00  3.850652916324659E-05  2.717454201286236E-08 118831744
  21     400.00     420.00  3.034501942082057E-05  2.302629970796728E-08 107176854
  22     420.00     440.00  2.408331621391608E-05  1.954665233173820E-08 96942236
  23     440.00     460.00  1.918482203055663E-05  1.644050112905141E-08 87932826
  24     460.00     480.00  1.535837007207936E-05  1.426779431005842E-08 79983777
  25     480.00     500.00  1.236778270442912E-05  1.199114119471339E-08 72945843
  26     500.00     520.00  9.985643897450829E-06  1.160589232014726E-08 66658846
  27     520.00     540.00  8.107196257941267E-06  8.972630886020534E-09 61063879
  28     540.00     560.00  6.590395964547549E-06  7.918258024974953E-09 56028937
  29     560.00     580.00  5.396958955893848E-06  7.571884805931508E-09 51501442
  30     580.00     600.00  4.430928604256481E-06  6.329276983737397E-09 47436637
  31     600.00     620.00  3.642301327026997E-06  4.904293682750058E-09 43742237
  32     620.00     640.00  3.009359972069629E-06  4.226319466128195E-09 40421822
  33     640.00     660.00  2.499745343377986E-06  3.924789826329526E-09 37413725
  34     660.00     680.00  2.070138342960835E-06  3.297189271484101E-09 34667153
  35     680.00     700.00  1.727950741175973E-06  3.124179425157190E-09 32157138
  36     700.00     720.00  1.436967578525398E-06  2.558485918027671E-09 29872979
  37     720.00     740.00  1.203118956880291E-06  2.139646779953284E-09 27784849
  38     740.00     760.00  1.015230938435473E-06  1.959917069839073E-09 25872119
  39     760.00     780.00  8.510561663796279E-07  1.699095766462915E-09 24112388
  40     780.00     800.00  7.192439237752569E-07  1.526394510253428E-09 22501425
  41     800.00     820.00  6.048474492697342E-07  1.223628188309911E-09 21004327
  42     820.00     840.00  5.135599570502213E-07  1.156954068961444E-09 19644024
  43     840.00     860.00  4.352329438301961E-07  1.009170148969033E-09 18378829
  44     860.00     880.00  3.688219122078212E-07  8.930284629163566E-10 17204995
  45     880.00     900.00  3.135100467988392E-07  8.081001016899408E-10 16123419
  46     900.00     920.00  2.688198163965079E-07  6.880296053253659E-10 15121232
  47     920.00     940.00  2.293324552367236E-07  8.799728751350159E-10 14201511
  48     940.00     960.00  1.962414380572243E-07  5.539556578419265E-10 13339951
  49     960.00     980.00  1.680165186794044E-07  5.140016476179180E-10 12535099
  50     980.00    1000.00  1.442996422573443E-07  4.789217849256248E-10 11787057
  51    1000.00    1020.00  1.241746243553891E-07  4.112980592097999E-10 11104831
  52    1020.00    1040.00  1.065727751846556E-07  4.599582633599897E-10 10452905
  53    1040.00    1060.00  9.150422932155096E-08  3.036046545847862E-10 9847520
  54    1060.00    1080.00  7.921205584653253E-08  2.892299135061387E-10 9285551
  55    1080.00    1100.00  6.815317306101098E-08  2.697775057663476E-10 8756529
  56    1100.00    1120.00  5.854697715325687E-08  2.122714602384384E-10 8266163
  57    1120.00    1140.00  5.107381953854785E-08  2.092398381463458E-10 7809348
  58    1140.00    1160.00  4.437510792583942E-08  1.899909108682540E-10 7378489
  59    1160.00    1180.00  3.849245128414883E-08  1.510804591470070E-10 6979942
  60    1180.00    1200.00  3.326290447960141E-08  1.427809450316172E-10 6595369
  61    1200.00    1220.00  2.881946463031613E-08  1.148658204591390E-10 6242000
  62    1220.00    1240.00  2.540777007570724E-08  1.237801727339544E-10 5909437
  63    1240.00    1260.00  2.186863574231972E-08  9.762687689461284E-11 5592887
  64    1260.00    1280.00  1.918034300184783E-08  9.856257451650558E-11 5302750
  65    1280.00    1300.00  1.687407521966906E-08  1.870489296275349E-10 5021798
  66    1300.00    1320.00  1.478799202547036E-08  1.026146140495251E-10 4762047
  67    1320.00    1340.00  1.264400631828718E-08  5.918994787462514E-11 4518764
  68    1340.00    1360.00  1.113970433758331E-08  5.636587499675787E-11 4286590
  69    1360.00    1380.00  9.758492301235244E-09  5.531746520807764E-11 4069929
  70    1380.00    1400.00  8.503321960838879E-09  5.410733787145793E-11 3860923
  71    1400.00    1420.00  7.542655978336972E-09  4.298393676390673E-11 3669222
  72    1420.00    1440.00  6.610919411072330E-09  3.954482020418480E-11 3484839
  73    1440.00    1460.00  5.769529357955365E-09  3.019436042056505E-11 3314628
  74    1460.00    1480.00  5.041763976700859E-09  2.982426832323979E-11 3148907
  75    1480.00    1500.00  4.443200287127511E-09  2.941898576095495E-11 2991218
  76    1500.00    1520.00  3.936770541221425E-09  2.246327160253229E-11 2845061
  77    1520.00    1540.00  3.443739940099064E-09  2.008828680405025E-11 2707738
  78    1540.00    1560.00  3.022791298701200E-09  1.995337224778949E-11 2571750
  79    1560.00    1580.00  2.699551106834868E-09  1.812042756677271E-11 2450543
  80    1580.00    1600.00  2.375889990925197E-09  1.500739527768127E-11 2337291
  81    1600.00    1620.00  2.119631619356512E-09  2.229904393719094E-11 2223118
  82    1620.00    1640.00  1.861257013246971E-09  1.272457742446176E-11 2117585
  83    1640.00    1660.00  1.630150708402633E-09  1.060255579214464E-11 2018859
  84    1660.00    1680.00  1.435670848161536E-09  1.017119137060926E-11 1924755
  85    1680.00    1700.00  1.261866143897655E-09  9.286014707427639E-12 1832369
  86    1700.00    1720.00  1.134400509965232E-09  1.089067238644246E-11 1746143
  87    1720.00    1740.00  1.017805245469566E-09  1.487439118238052E-11 1664980
  88    1740.00    1760.00  8.855621656783665E-10  6.633960422946732E-12 1586813
  89    1760.00    1780.00  7.992923869244241E-10  1.646889419127660E-11 1515675
  90    1780.00    1800.00  7.009042767272556E-10  7.021159089411121E-12 1445636
  91    1800.00    1820.00  6.200851221215910E-10  5.319994558339016E-12 1377315
  92    1820.00    1840.00  5.510466474426015E-10  4.951924916872860E-12 1315271
  93    1840.00    1860.00  4.837649588399756E-10  3.959397459800537E-12 1255511
  94    1860.00    1880.00  4.330226882516738E-10  4.797121307946208E-12 1198854
  95    1880.00    1900.00  3.831695604844999E-10  3.700000048555860E-12 1145169
  96    1900.00    1920.00  3.444823279447573E-10  3.200598050708845E-12 1092408
  97    1920.00    1940.00  3.021680263700106E-10  2.885600121407056E-12 1043313
  98    1940.00    1960.00  2.709869626271502E-10  2.344972328136534E-12 998251
  99    1960.00    1980.00  2.437914019256421E-10  2.684500421476240E-12 951896
 100    1980.00    2000.00  2.149886049464897E-10  2.082854744964191E-12 908587
 101    2000.00    2020.00  1.925322321105625E-10  2.678717120117686E-12 868073
 102    2020.00    2040.00  1.702488886751525E-10  2.183828978949443E-12 829888
 103    2040.00    2060.00  1.586610103167782E-10  6.154484901680205E-12 791641
 104    2060.00    2080.00  1.355787725267023E-10  1.439130019413281E-12 759071
 105    2080.00    2100.00  1.198557968270305E-10  1.146284703229243E-12 724541
 106    2100.00    2120.00  1.073914249630545E-10  1.364433503571290E-12 691278
 107    2120.00    2140.00  9.519358284659805E-11  9.096269762041067E-13 663793
 108    2140.00    2160.00  8.603369460167811E-11  1.113425810721766E-12 634284
 109    2160.00    2180.00  7.630664075832709E-11  8.424395838154354E-13 606923
 110    2180.00    2200.00  6.875697265033487E-11  1.484108312249087E-12 578386
 111    2200.00    2220.00  6.024723589626917E-11  6.471466230890528E-13 553666
 112    2220.00    2240.00  5.820014064411776E-11  2.265428147968646E-12 530550
 113    2240.00    2260.00  5.018156221813698E-11  1.224824615584100E-12 506183
 114    2260.00    2280.00  4.477310517265434E-11  1.195621574203343E-12 485078
 115    2280.00    2300.00  4.035514294921942E-11  1.044525260043356E-12 463057
 116    2300.00    2320.00  3.661542460435549E-11  9.057232145157432E-13 444317
 117    2320.00    2340.00  3.223611884642024E-11  4.887334851689440E-13 423489
 118    2340.00    2360.00  2.901651182529306E-11  4.070175744868480E-13 405816
 119    2360.00    2380.00  2.645082378408731E-11  1.038487594233811E-12 389302
 120    2380.00    2400.00  2.273914871468808E-11  3.138593404478836E-13 371398
 121    2400.00    2420.00  2.039361904530823E-11  2.723267762423931E-13 355203
 122    2420.00    2440.00  1.804326055815856E-11  2.655701068312783E-13 340819
 123    2440.00    2460.00  1.679878765485875E-11  3.034627926629871E-13 325470
 124    2460.00    2480.00  1.525206003235984E-11  3.890252223589497E-13 311491
 125    2480.00    2500.00  1.370339316269871E-11  2.393875776472187E-13 297415
 126    2500.00    2520.00  1.216296336790872E-11  1.740968932292754E-13 284761
 127    2520.00    2540.00  1.078707657593887E-11  1.675885241132242E-13 273108
 128    2540.00    2560.00  9.602524771090360E-12  1.562886427367385E-13 260913
 129    2560.00    2580.00  8.797310204404475E-12  1.507699108508252E-13 249402
 130    2580.00    2600.00  7.806184521620003E-12  1.184118394021661E-13 240118
 131    2600.00    2620.00  7.048411602612502E-12  1.203679313114483E-13 229984
 132    2620.00    2640.00  6.244540990260406E-12  1.210353295353743E-13 218999
 133    2640.00    2660.00  5.908728308886643E-12  1.194511567329634E-13 210484
 134    2660.00    2680.00  5.373160200263925E-12  1.675240751108956E-13 201032
 135    2680.00    2700.00  4.534702037497446E-12  7.838014106676108E-14 191766
 136    2700.00    2720.00  4.272281758724906E-12  1.047454639548895E-13 184629
 137    2720.00    2740.00  3.846026567106012E-12  7.883076060288324E-14 175948
 138    2740.00    2760.00  3.651548434985745E-12  2.534443246230998E-13 169235
 139    2760.00    2780.00  3.225321243709266E-12  1.111884179089042E-13 162309
 140    2780.00    2800.00  2.768796864728470E-12  5.229409128524404E-14 155351
 141    2800.00    2820.00  2.477749032133635E-12  4.775828141905146E-14 148659
 142    2820.00    2840.00  2.359657692395999E-12  6.354396420976815E-14 141637
 143    2840.00    2860.00  1.984251952780716E-12  4.298539232810867E-14 135022
 144    2860.00    2880.00  1.828709932806075E-12  5.225549702951584E-14 130045
 145    2880.00    2900.00  1.641573041720778E-12  4.503344939327963E-14 124084
 146    2900.00    2920.00  1.606947509906990E-12  7.757286791097826E-14 118928
 147    2920.00    2940.00  1.376205792401925E-12  3.500829372548200E-14 114187
 148    2940.00    2960.00  1.184623284563868E-12  2.454946443380950E-14 109192
 149    2960.00    2980.00  1.052684312987414E-12  2.367900816941385E-14 104470
 150    2980.00    3000.00  1.039177363562481E-12  3.952470621139711E-14 99855
 151    3000.00    3020.00  8.740909853272854E-13  2.290428638695165E-14 95371
 152    3020.00    3040.00  8.051587725520973E-13  2.367332736574750E-14 91662
 153    3040.00    3060.00  7.193226866224813E-13  2.251423340956096E-14 87896
 154    3060.00    3080.00  6.990872590381261E-13  2.354878246060048E-14 83541
 155    3080.00    3100.00  6.200183976991684E-13  2.124409723180475E-14 80464
 156    3100.00    3120.00  5.434453618089224E-13  1.551755366738158E-14 76168
 157    3120.00    3140.00  4.775679518818775E-13  1.404760759846542E-14 73278
 158    3140.00    3160.00  4.688952918434140E-13  1.877264369936489E-14 70241
 159    3160.00    3180.00  4.686868257148986E-13  5.712680164078984E-14 66916
 160    3180.00    3200.00  3.750387609471427E-13  1.444404038291647E-14 64072
 161    3200.00    3220.00  3.421285207977866E-13  1.505730674915695E-14 61112
 162    3220.00    3240.00  3.099966406832415E-13  9.775029155767298E-15 58723
 163    3240.00    3260.00  2.819349665774282E-13  1.166198065416341E-14 56291
 164    3260.00    3280.00  2.374333724024519E-13  7.066592132051400E-15 53469
 165    3280.00    3300.00  2.363505656400138E-13  9.673586634367796E-15 51403
 166    3300.00    3320.00  1.965123986939788E-13  7.173215066379756E-15 48695
 167    3320.00    3340.00  1.848321103964671E-13  7.488350413821089E-15 46981
 168    3340.00    3360.00  1.724751924920618E-13  7.569303667661518E-15 44816
 169    3360.00    3380.00  1.578249169824884E-13  8.307279732172698E-15 42740
 170    3380.00    3400.00  1.285057170746969E-13  6.035991082185970E-15 40541
 171    3400.00    3420.00  1.213168924180360E-13  4.768728202845813E-15 39042
 172    3420.00    3440.00  1.182333807214296E-13  5.873359887513187E-15 37664
 173    3440.00    3460.00  1.110269476426695E-13  5.533236525248314E-15 35528
 174    3460.00    3480.00  9.986867204142663E-14  5.320887145024917E-15 34206
 175    3480.00    3500.00  9.504263511041478E-14  1.009332282723032E-14 32565
 176    3500.00    3520.00  7.008209496043643E-14  3.144305473509293E-15 30951
 177    3520.00    3540.00  7.485093619658959E-14  4.031841291673166E-15 30049
 178    3540.00    3560.00  6.004039756594338E-14  2.916822014779350E-15 28220
 179    3560.00    3580.00  5.447464278633216E-14  2.568700982995953E-15 27188
 180    3580.00    3600.00  5.661185739281438E-14  5.244359004861866E-15 25701
 181    3600.00    3620.00  4.311019646710233E-14  1.943769460193712E-15 24514
 182    3620.00    3640.00  4.159898382480403E-14  1.955047263224760E-15 23363
 183    3640.00    3660.00  4.199248690132434E-14  2.445277614104525E-15 22456
 184    3660.00    3680.00  3.789843477703446E-14  2.406488576288077E-15 21674
 185    3680.00    3700.00  3.365051824079912E-14  2.391613720842279E-15 20592
 186    3700.00    3720.00  3.305020984310624E-14  2.466066388054145E-15 19632
 187    3720.00    3740.00  2.817756238301781E-14  1.791691585755269E-15 18727
 188    3740.00    3760.00  2.755804246870070E-14  1.807430977923515E-15 17587
 189    3760.00    3780.00  2.002815110942210E-14  1.166737595973950E-15 16739
 190    3780.00    3800.00  2.055925628136173E-14  1.548167459078448E-15 16191
 191    3800.00    3820.00  1.985099167911112E-14  1.540692511526886E-15 15407
 192    3820.00    3840.00  1.638482696460398E-14  1.102405429594824E-15 14478
 193    3840.00    3860.00  1.592628221470911E-14  1.432578364284903E-15 13886
 194    3860.00    3880.00  1.449207175488983E-14  9.076317232436257E-16 13331
 195    3880.00    3900.00  1.232629639025428E-14  8.215200897043384E-16 12673
 196    3900.00    3920.00  1.168660749987113E-14  1.296369443633841E-15 12041
 197    3920.00    3940.00  1.052468521752064E-14  1.009027758845912E-15 11424
 198    3940.00    3960.00  1.039165566648862E-14  1.051203274593774E-15 10767
 199    3960.00    3980.00  8.632029118289225E-15  6.647553895931031E-16 10372
 200    3980.00    4000.00  6.985714119871087E-15  5.474892476878499E-16 9765
 201    4000.00    4020.00  5.945040321048969E-15  4.105221757171305E-16 9351
 202    4020.00    4040.00  6.098987674961493E-15  4.495605494693713E-16 8885
 203    4040.00    4060.00  5.813496384377613E-15  6.218870175343927E-16 8333
 204    4060.00    4080.00  5.944945819091445E-15  7.839873789699842E-16 7993
 205    4080.00    4100.00  4.654794613182115E-15  4.798735428677252E-16 7556
 206    4100.00    4120.00  4.579596484285223E-15  7.298506560860139E-16 7185
 207    4120.00    4140.00  4.331710869875989E-15  3.479418575875025E-16 6953
 208    4140.00    4160.00  3.543454650607568E-15  3.395326517721983E-16 6590
 209    4160.00    4180.00  3.190500473338741E-15  3.351642038808982E-16 6146
 210    4180.00    4200.00  3.229651109524821E-15  4.078777468592791E-16 5906
 211    4200.00    4220.00  3.852212009025951E-15  7.268819003601706E-16 5629
 212    4220.00    4240.00  3.231637913976079E-15  3.770293257993596E-16 5390
 213    4240.00    4260.00  1.971493849270242E-15  1.952079441768334E-16 4845
 214    4260.00    4280.00  2.018812524882107E-15  2.130059216315959E-16 4832
 215    4280.00    4300.00  2.285264640799091E-15  2.784865579884037E-16 4560
 216    4300.00    4320.00  1.727592550730400E-15  3.116783080424376E-16 4176
 217    4320.00    4340.00  1.515600520506237E-15  1.635958256829740E-16 3938
 218    4340.00    4360.00  1.108281633590202E-15  1.088399256971171E-16 3713
 219    4360.00    4380.00  1.204871622076848E-15  1.420807750602767E-16 3566
 220    4380.00    4400.00  8.719000180468138E-16  9.670240129772874E-17 3330
 221    4400.00    4420.00  8.675652266174313E-16  1.024345808225369E-16 3162
 222    4420.00    4440.00  1.099458732043509E-15  1.592081758859644E-16 2931
 223    4440.00    4460.00  9.884632311252412E-16  3.002552697718227E-16 2813
 224    4460.00    4480.00  5.300412008955911E-16  7.806851370126133E-17 2679
 225    4480.00    4500.00  6.508202093546845E-16  1.245787220651613E-16 2544
 226    4500.00    4520.00  7.175530249606363E-16  1.329975054655426E-16 2365
 227    4520.00    4540.00  4.280119213395647E-16  6.618589196286133E-17 2181
 228    4540.00    4560.00  6.042278140491276E-16  8.765949712371241E-17 2133
 229    4560.00    4580.00  3.170948954518975E-16  4.688999481684897E-17 2017
 230    4580.00    4600.00  3.465413456201132E-16  5.160520991846417E-17 1864
 231    4600.00    4620.00  4.382943856561028E-16  7.948859243339957E-17 1780
 232    4620.00    4640.00  3.324142626500546E-16  8.403911787669909E-17 1656
 233    4640.00    4660.00  2.305064429000424E-16  4.429510016933636E-17 1620
 234    4660.00    4680.00  1.868356031753043E-16  3.115116594894479E-17 1409
 235    4680.00    4700.00  1.961882591310670E-16  3.206822685622401E-17 1344
 236    4700.00    4720.00  2.639927015070696E-16  6.125669851364697E-17 1274
 237    4720.00    4740.00  3.729031217275249E-16  1.471932689773969E-16 1168
 238    4740.00    4760.00  1.441419746622658E-16  3.169648132253353E-17 1171
 239    4760.00    4780.00  1.627785422460589E-16  4.328184143241360E-17 1053
 240    4780.00    4800.00  1.180472981221394E-16  2.743314197052783E-17 972
 241    4800.00    4820.00  1.212361157441136E-16  3.195883906437400E-17 985
 242    4820.00    4840.00  7.097554626526936E-17  1.552354828589113E-17 816
 243    4840.00    4860.00  7.877621686313124E-17  2.312685121758024E-17 796
 244    4860.00    4880.00  1.839747930371842E-16  6.567239925503744E-17 756
 245    4880.00    4900.00  6.946034911797954E-17  2.338909357142857E-17 718
 246    4900.00    4920.00  4.670801153685850E-17  1.055265804116975E-17 661
 247    4920.00    4940.00  4.124915008571508E-17  9.140690292921765E-18 584
 248    4940.00    4960.00  4.128244347553552E-17  1.619256801993700E-17 539
 249    4960.00    4980.00  5.720840178999854E-17  2.147936332252656E-17 477
 250    4980.00    5000.00  5.302197431014597E-17  1.397133883895176E-17 520
 251    5000.00    5020.00  1.805221763637815E-17  5.518084931085256E-18 423
 252    5020.00    5040.00  2.852104104101471E-17  1.320446443054797E-17 455
 253    5040.00    5060.00  1.652243223723466E-17  5.292189440901680E-18 365
 254    5060.00    5080.00  1.463548261545337E-17  7.589105476875903E-18 315
 255    5080.00    5100.00  1.341274796973643E-17  4.114521665187899E-18 339
 256    5100.00    5120.00  2.567981344550739E-17  9.919003214924913E-18 296
 257    5120.00    5140.00  7.010780780817909E-18  3.144904878800867E-18 282
 258    5140.00    5160.00  6.333495735227664E-18  2.049247188346235E-18 252
 259    5160.00    5180.00  5.386131025763185E-18  1.583165075029917E-18 248
 260    5180.00    5200.00  1.640682149324508E-17  7.522273169513277E-18 214
 261    5200.00    5220.00  9.759084683531344E-18  3.754438120982394E-18 210
 262    5220.00    5240.00  5.350099685168682E-18  2.906357345355876E-18 187
 263    5240.00    5260.00  2.680359288387978E-17  1.507431724189764E-17 165
 264    5260.00    5280.00  4.997541307422351E-19  1.706437378991145E-19 141
 265    5280.00    5300.00  6.306002650797315E-18  4.909283040347810E-18 155
 266    5300.00    5320.00  1.382636621099480E-18  5.982316268586915E-19 134
 267    5320.00    5340.00  3.496636011108018E-18  2.054607642287983E-18 124
 268    5340.00    5360.00  8.305314876463819E-19  3.711001666380854E-19 97
 269    5360.00    5380.00  1.726559179283102E-18  1.460988934102113E-18 95
 270    5380.00    5400.00  5.232144306449192E-19  2.860859784456925E-19 86
 271    5400.00    5420.00  5.824983277623109E-19  4.666605940304209E-19 72
 272    5420.00    5440.00  6.946676056809397E-20  4.331634617443830E-20 64
 273    5440.00    5460.00  4.152294289994386E-19  2.421681153044531E-19 68
 274    5460.00    5480.00  3.523414420187111E-19  2.031344297786063E-19 49
 275    5480.00    5500.00  2.744041744478190E-18  2.527848363404288E-18 43
 276    5500.00    5520.00  3.812087550860459E-19  1.947626957920197E-19 44
 277    5520.00    5540.00  5.163975335755617E-18  5.037479951083660E-18 29
 278    5540.00    5560.00  1.569252473444358E-19  1.378356328770924E-19 35
 279    5560.00    5580.00  7.964213818654326E-20  5.785828067422157E-20 40
 280    5580.00    5600.00  2.017991634078494E-21  1.442034589759822E-21 18
 281    5600.00    5620.00  1.119567313252217E-20  9.769394402306436E-21 24
 282    5620.00    5640.00  1.975923294706293E-20  1.466533836024952E-20 21
 283    5640.00    5660.00  2.472133014281478E-19  2.436952171887973E-19 21
 284    5660.00    5680.00  4.658714916023169E-22  4.701940125855117E-22 17
 285    5680.00    5700.00  1.973034682436776E-21  1.547493042626074E-21 18
 286    5700.00    5720.00  1.238925444101664E-22  1.013753675372194E-22 4
 287    5720.00    5740.00  2.257982699141095E-21  2.162867826727243E-21 9
 288    5740.00    5760.00  1.167438680559532E-21  1.121592165756748E-21 6
 289    5760.00    5780.00  2.208029232985809E-21  1.356798321815194E-21 7
 290    5780.00    5800.00 -2.434648374505521E-23  3.047839211637208E-23 8
 291    5800.00    5820.00 -3.539234551860016E-25  7.299579701688200E-25 8
 292    5820.00    5840.00  3.695881863691251E-23  3.698464823097785E-23 2
 293    5840.00    5860.00  3.917375388226054E-25  3.917890474249995E-25 2
 294    5860.00    5880.00  1.247814034280329E-23  7.249894983907467E-24 5
 295    5880.00    5900.00  1.234625435163404E-22  1.235032843480925E-22 2
 296    5900.00    5920.00  2.843528322221648E-25  2.843528322121781E-25 1
 297    5920.00    5940.00 -4.742923174316554E-26  3.140940266053984E-25 2
 298    5940.00    5960.00  1.063357461456556E-23  1.064752419891796E-23 3
 299    5960.00    5980.00 -6.868579326353514E-28  6.868579326224629E-28 1
 300    5980.00    6000.00  1.856930651101172E-23  1.765155624373998E-23 2
 301    6000.00    6020.00  0.000000000000000E+00  0.000000000000000E+00 0
 302    6020.00    6040.00  0.000000000000000E+00  0.000000000000000E+00 0
 303    6040.00    6060.00 -1.288647597090800E-30  1.288647597066619E-30 1
 304    6060.00    6080.00  0.000000000000000E+00  0.000000000000000E+00 0
 305    6080.00    6100.00  8.261275473219370E-23  8.261275472798299E-23 1
 306    6100.00    6120.00  0.000000000000000E+00  0.000000000000000E+00 0
 307    6120.00    6140.00  2.429573588432956E-23  2.429573588357742E-23 1
 308    6140.00    6160.00  0.000000000000000E+00  0.000000000000000E+00 0
 309    6160.00    6180.00  0.000000000000000E+00  0.000000000000000E+00 0
 310    6180.00    6200.00  0.000000000000000E+00  0.000000000000000E+00 0
 311    6200.00    6220.00  0.000000000000000E+00  0.000000000000000E+00 0
 312    6220.00    6240.00  0.000000000000000E+00  0.000000000000000E+00 0
 313    6240.00    6260.00  0.000000000000000E+00  0.000000000000000E+00 0
 314    6260.00    6280.00  0.000000000000000E+00  0.000000000000000E+00 0
 315    6280.00    6300.00  0.000000000000000E+00  0.000000000000000E+00 0
 316    6300.00    6320.00  0.000000000000000E+00  0.000000000000000E+00 0
 317    6320.00    6340.00  0.000000000000000E+00  0.000000000000000E+00 0
 318    6340.00    6360.00  0.000000000000000E+00  0.000000000000000E+00 0
 319    6360.00    6380.00  0.000000000000000E+00  0.000000000000000E+00 0
 320    6380.00    6400.00  0.000000000000000E+00  0.000000000000000E+00 0
 321    6400.00    6420.00  0.000000000000000E+00  0.000000000000000E+00 0
 322    6420.00    6440.00  0.000000000000000E+00  0.000000000000000E+00 0
 323    6440.00    6460.00  0.000000000000000E+00  0.000000000000000E+00 0
 324    6460.00    6480.00  0.000000000000000E+00  0.000000000000000E+00 0
 325    6480.00    6500.00  0.000000000000000E+00  0.000000000000000E+00 0
 326    6500.00    6520.00  0.000000000000000E+00  0.000000000000000E+00 0
 327    6520.00    6540.00  0.000000000000000E+00  0.000000000000000E+00 0
 328    6540.00    6560.00  0.000000000000000E+00  0.000000000000000E+00 0
 329    6560.00    6580.00  0.000000000000000E+00  0.000000000000000E+00 0
 330    6580.00    6600.00  0.000000000000000E+00  0.000000000000000E+00 0
 331    6600.00    6620.00  0.000000000000000E+00  0.000000000000000E+00 0
 332    6620.00    6640.00  0.000000000000000E+00  0.000000000000000E+00 0
 333    6640.00    6660.00  0.000000000000000E+00  0.000000000000000E+00 0
 334    6660.00    6680.00  0.000000000000000E+00  0.000000000000000E+00 0
 335    6680.00    6700.00  0.000000000000000E+00  0.000000000000000E+00 0
 336    6700.00    6720.00  0.000000000000000E+00  0.000000000000000E+00 0
 337    6720.00    6740.00  0.000000000000000E+00  0.000000000000000E+00 0
 338    6740.00    6760.00  0.000000000000000E+00  0.000000000000000E+00 0
 339    6760.00    6780.00  0.000000000000000E+00  0.000000000000000E+00 0
 340    6780.00    6800.00  0.000000000000000E+00  0.000000000000000E+00 0
 341    6800.00    6820.00  0.000000000000000E+00  0.000000000000000E+00 0
 342    6820.00    6840.00  0.000000000000000E+00  0.000000000000000E+00 0
 343    6840.00    6860.00  0.000000000000000E+00  0.000000000000000E+00 0
 344    6860.00    6880.00  0.000000000000000E+00  0.000000000000000E+00 0
 345    6880.00    6900.00  0.000000000000000E+00  0.000000000000000E+00 0
 346    6900.00    6920.00  0.000000000000000E+00  0.000000000000000E+00 0
 347    6920.00    6940.00  0.000000000000000E+00  0.000000000000000E+00 0
 348    6940.00    6960.00  0.000000000000000E+00  0.000000000000000E+00 0
 349    6960.00    6980.00  0.000000000000000E+00  0.000000000000000E+00 0
 350    6980.00    7000.00  0.000000000000000E+00  0.000000000000000E+00 0
 351    7000.00    7020.00  0.000000000000000E+00  0.000000000000000E+00 0
 352    7020.00    7040.00  0.000000000000000E+00  0.000000000000000E+00 0
 353    7040.00    7060.00  0.000000000000000E+00  0.000000000000000E+00 0
 354    7060.00    7080.00  0.000000000000000E+00  0.000000000000000E+00 0
 355    7080.00    7100.00  0.000000000000000E+00  0.000000000000000E+00 0
 356    7100.00    7120.00  0.000000000000000E+00  0.000000000000000E+00 0
 357    7120.00    7140.00  0.000000000000000E+00  0.000000000000000E+00 0
 358    7140.00    7160.00  0.000000000000000E+00  0.000000000000000E+00 0
 359    7160.00    7180.00  0.000000000000000E+00  0.000000000000000E+00 0
 360    7180.00    7200.00  0.000000000000000E+00  0.000000000000000E+00 0
 361    7200.00    7220.00  0.000000000000000E+00  0.000000000000000E+00 0
 362    7220.00    7240.00  0.000000000000000E+00  0.000000000000000E+00 0
 363    7240.00    7260.00  0.000000000000000E+00  0.000000000000000E+00 0
 364    7260.00    7280.00  0.000000000000000E+00  0.000000000000000E+00 0
 365    7280.00    7300.00  0.000000000000000E+00  0.000000000000000E+00 0
 366    7300.00    7320.00  0.000000000000000E+00  0.000000000000000E+00 0
 367    7320.00    7340.00  0.000000000000000E+00  0.000000000000000E+00 0
 368    7340.00    7360.00  0.000000000000000E+00  0.000000000000000E+00 0
 369    7360.00    7380.00  0.000000000000000E+00  0.000000000000000E+00 0
 370    7380.00    7400.00  0.000000000000000E+00  0.000000000000000E+00 0
 371    7400.00    7420.00  0.000000000000000E+00  0.000000000000000E+00 0
 372    7420.00    7440.00  0.000000000000000E+00  0.000000000000000E+00 0
 373    7440.00    7460.00  0.000000000000000E+00  0.000000000000000E+00 0
 374    7460.00    7480.00  0.000000000000000E+00  0.000000000000000E+00 0
 375    7480.00    7500.00  0.000000000000000E+00  0.000000000000000E+00 0
 376    7500.00    7520.00  0.000000000000000E+00  0.000000000000000E+00 0
 377    7520.00    7540.00  0.000000000000000E+00  0.000000000000000E+00 0
 378    7540.00    7560.00  0.000000000000000E+00  0.000000000000000E+00 0
 379    7560.00    7580.00  0.000000000000000E+00  0.000000000000000E+00 0
 380    7580.00    7600.00  0.000000000000000E+00  0.000000000000000E+00 0
 381    7600.00    7620.00  0.000000000000000E+00  0.000000000000000E+00 0
 382    7620.00    7640.00  0.000000000000000E+00  0.000000000000000E+00 0
 383    7640.00    7660.00  0.000000000000000E+00  0.000000000000000E+00 0
 384    7660.00    7680.00  0.000000000000000E+00  0.000000000000000E+00 0
 385    7680.00    7700.00  0.000000000000000E+00  0.000000000000000E+00 0
 386    7700.00    7720.00  0.000000000000000E+00  0.000000000000000E+00 0
 387    7720.00    7740.00  0.000000000000000E+00  0.000000000000000E+00 0
 388    7740.00    7760.00  0.000000000000000E+00  0.000000000000000E+00 0
 389    7760.00    7780.00  0.000000000000000E+00  0.000000000000000E+00 0
 390    7780.00    7800.00  0.000000000000000E+00  0.000000000000000E+00 0
 391    7800.00    7820.00  0.000000000000000E+00  0.000000000000000E+00 0
 392    7820.00    7840.00  0.000000000000000E+00  0.000000000000000E+00 0
 393    7840.00    7860.00  0.000000000000000E+00  0.000000000000000E+00 0
 394    7860.00    7880.00  0.000000000000000E+00  0.000000000000000E+00 0
 395    7880.00    7900.00  0.000000000000000E+00  0.000000000000000E+00 0
 396    7900.00    7920.00  0.000000000000000E+00  0.000000000000000E+00 0
 397    7920.00    7940.00  0.000000000000000E+00  0.000000000000000E+00 0
 398    7940.00    7960.00  0.000000000000000E+00  0.000000000000000E+00 0
 399    7960.00    7980.00  0.000000000000000E+00  0.000000000000000E+00 0
 400    7980.00    8000.00  0.000000000000000E+00  0.000000000000000E+00 0
 401    8000.00    8020.00  0.000000000000000E+00  0.000000000000000E+00 0
 402    8020.00    8040.00  0.000000000000000E+00  0.000000000000000E+00 0
 403    8040.00    8060.00  0.000000000000000E+00  0.000000000000000E+00 0
 404    8060.00    8080.00  0.000000000000000E+00  0.000000000000000E+00 0
 405    8080.00    8100.00  0.000000000000000E+00  0.000000000000000E+00 0
 406    8100.00    8120.00  0.000000000000000E+00  0.000000000000000E+00 0
 407    8120.00    8140.00  0.000000000000000E+00  0.000000000000000E+00 0
 408    8140.00    8160.00  0.000000000000000E+00  0.000000000000000E+00 0
 409    8160.00    8180.00  0.000000000000000E+00  0.000000000000000E+00 0
 410    8180.00    8200.00  0.000000000000000E+00  0.000000000000000E+00 0
 411    8200.00    8220.00  0.000000000000000E+00  0.000000000000000E+00 0
 412    8220.00    8240.00  0.000000000000000E+00  0.000000000000000E+00 0
 413    8240.00    8260.00  0.000000000000000E+00  0.000000000000000E+00 0
 414    8260.00    8280.00  0.000000000000000E+00  0.000000000000000E+00 0
 415    8280.00    8300.00  0.000000000000000E+00  0.000000000000000E+00 0
 416    8300.00    8320.00  0.000000000000000E+00  0.000000000000000E+00 0
 417    8320.00    8340.00  0.000000000000000E+00  0.000000000000000E+00 0
 418    8340.00    8360.00  0.000000000000000E+00  0.000000000000000E+00 0
 419    8360.00    8380.00  0.000000000000000E+00  0.000000000000000E+00 0
 420    8380.00    8400.00  0.000000000000000E+00  0.000000000000000E+00 0
 421    8400.00    8420.00  0.000000000000000E+00  0.000000000000000E+00 0
 422    8420.00    8440.00  0.000000000000000E+00  0.000000000000000E+00 0
 423    8440.00    8460.00  0.000000000000000E+00  0.000000000000000E+00 0
 424    8460.00    8480.00  0.000000000000000E+00  0.000000000000000E+00 0
 425    8480.00    8500.00  0.000000000000000E+00  0.000000000000000E+00 0
 426    8500.00    8520.00  0.000000000000000E+00  0.000000000000000E+00 0
 427    8520.00    8540.00  0.000000000000000E+00  0.000000000000000E+00 0
 428    8540.00    8560.00  0.000000000000000E+00  0.000000000000000E+00 0
 429    8560.00    8580.00  0.000000000000000E+00  0.000000000000000E+00 0
 430    8580.00    8600.00  0.000000000000000E+00  0.000000000000000E+00 0
 431    8600.00    8620.00  0.000000000000000E+00  0.000000000000000E+00 0
 432    8620.00    8640.00  0.000000000000000E+00  0.000000000000000E+00 0
 433    8640.00    8660.00  0.000000000000000E+00  0.000000000000000E+00 0
 434    8660.00    8680.00  0.000000000000000E+00  0.000000000000000E+00 0
 435    8680.00    8700.00  0.000000000000000E+00  0.000000000000000E+00 0
 436    8700.00    8720.00  0.000000000000000E+00  0.000000000000000E+00 0
 437    8720.00    8740.00  0.000000000000000E+00  0.000000000000000E+00 0
 438    8740.00    8760.00  0.000000000000000E+00  0.000000000000000E+00 0
 439    8760.00    8780.00  0.000000000000000E+00  0.000000000000000E+00 0
 440    8780.00    8800.00  0.000000000000000E+00  0.000000000000000E+00 0
 441    8800.00    8820.00  0.000000000000000E+00  0.000000000000000E+00 0
 442    8820.00    8840.00  0.000000000000000E+00  0.000000000000000E+00 0
 443    8840.00    8860.00  0.000000000000000E+00  0.000000000000000E+00 0
 444    8860.00    8880.00  0.000000000000000E+00  0.000000000000000E+00 0
 445    8880.00    8900.00  0.000000000000000E+00  0.000000000000000E+00 0
 446    8900.00    8920.00  0.000000000000000E+00  0.000000000000000E+00 0
 447    8920.00    8940.00  0.000000000000000E+00  0.000000000000000E+00 0
 448    8940.00    8960.00  0.000000000000000E+00  0.000000000000000E+00 0
 449    8960.00    8980.00  0.000000000000000E+00  0.000000000000000E+00 0
 450    8980.00    9000.00  0.000000000000000E+00  0.000000000000000E+00 0
 451    9000.00    9020.00  0.000000000000000E+00  0.000000000000000E+00 0
 452    9020.00    9040.00  0.000000000000000E+00  0.000000000000000E+00 0
 453    9040.00    9060.00  0.000000000000000E+00  0.000000000000000E+00 0
 454    9060.00    9080.00  0.000000000000000E+00  0.000000000000000E+00 0
 455    9080.00    9100.00  0.000000000000000E+00  0.000000000000000E+00 0
 456    9100.00    9120.00  0.000000000000000E+00  0.000000000000000E+00 0
 457    9120.00    9140.00  0.000000000000000E+00  0.000000000000000E+00 0
 458    9140.00    9160.00  0.000000000000000E+00  0.000000000000000E+00 0
 459    9160.00    9180.00  0.000000000000000E+00  0.000000000000000E+00 0
 460    9180.00    9200.00  0.000000000000000E+00  0.000000000000000E+00 0
 461    9200.00    9220.00  0.000000000000000E+00  0.000000000000000E+00 0
 462    9220.00    9240.00  0.000000000000000E+00  0.000000000000000E+00 0
 463    9240.00    9260.00  0.000000000000000E+00  0.000000000000000E+00 0
 464    9260.00    9280.00  0.000000000000000E+00  0.000000000000000E+00 0
 465    9280.00    9300.00  0.000000000000000E+00  0.000000000000000E+00 0
 466    9300.00    9320.00  0.000000000000000E+00  0.000000000000000E+00 0
 467    9320.00    9340.00  0.000000000000000E+00  0.000000000000000E+00 0
 468    9340.00    9360.00  0.000000000000000E+00  0.000000000000000E+00 0
 469    9360.00    9380.00  0.000000000000000E+00  0.000000000000000E+00 0
 470    9380.00    9400.00  0.000000000000000E+00  0.000000000000000E+00 0
 471    9400.00    9420.00  0.000000000000000E+00  0.000000000000000E+00 0
 472    9420.00    9440.00  0.000000000000000E+00  0.000000000000000E+00 0
 473    9440.00    9460.00  0.000000000000000E+00  0.000000000000000E+00 0
 474    9460.00    9480.00  0.000000000000000E+00  0.000000000000000E+00 0
 475    9480.00    9500.00  0.000000000000000E+00  0.000000000000000E+00 0
 476    9500.00    9520.00  0.000000000000000E+00  0.000000000000000E+00 0
 477    9520.00    9540.00  0.000000000000000E+00  0.000000000000000E+00 0
 478    9540.00    9560.00  0.000000000000000E+00  0.000000000000000E+00 0
 479    9560.00    9580.00  0.000000000000000E+00  0.000000000000000E+00 0
 480    9580.00    9600.00  0.000000000000000E+00  0.000000000000000E+00 0
 481    9600.00    9620.00  0.000000000000000E+00  0.000000000000000E+00 0
 482    9620.00    9640.00  0.000000000000000E+00  0.000000000000000E+00 0
 483    9640.00    9660.00  0.000000000000000E+00  0.000000000000000E+00 0
 484    9660.00    9680.00  0.000000000000000E+00  0.000000000000000E+00 0
 485    9680.00    9700.00  0.000000000000000E+00  0.000000000000000E+00 0
 486    9700.00    9720.00  0.000000000000000E+00  0.000000000000000E+00 0
 487    9720.00    9740.00  0.000000000000000E+00  0.000000000000000E+00 0
 488    9740.00    9760.00  0.000000000000000E+00  0.000000000000000E+00 0
 489    9760.00    9780.00  0.000000000000000E+00  0.000000000000000E+00 0
 490    9780.00    9800.00  0.000000000000000E+00  0.000000000000000E+00 0
 491    9800.00    9820.00  0.000000000000000E+00  0.000000000000000E+00 0
 492    9820.00    9840.00  0.000000000000000E+00  0.000000000000000E+00 0
 493    9840.00    9860.00  0.000000000000000E+00  0.000000000000000E+00 0
 494    9860.00    9880.00  0.000000000000000E+00  0.000000000000000E+00 0
 495    9880.00    9900.00  0.000000000000000E+00  0.000000000000000E+00 0
 496    9900.00    9920.00  0.000000000000000E+00  0.000000000000000E+00 0
 497    9920.00    9940.00  0.000000000000000E+00  0.000000000000000E+00 0
 498    9940.00    9960.00  0.000000000000000E+00  0.000000000000000E+00 0
 499    9960.00    9980.00  0.000000000000000E+00  0.000000000000000E+00 0
 500    9980.00   10000.00  0.000000000000000E+00  0.000000000000000E+00 0
 501   10000.00   10020.00  0.000000000000000E+00  0.000000000000000E+00 0
 502   10020.00   10040.00  0.000000000000000E+00  0.000000000000000E+00 0
 503   10040.00   10060.00  0.000000000000000E+00  0.000000000000000E+00 0
 504   10060.00   10080.00  0.000000000000000E+00  0.000000000000000E+00 0
 505   10080.00   10100.00  0.000000000000000E+00  0.000000000000000E+00 0
 506   10100.00   10120.00  0.000000000000000E+00  0.000000000000000E+00 0
 507   10120.00   10140.00  0.000000000000000E+00  0.000000000000000E+00 0
 508   10140.00   10160.00  0.000000000000000E+00  0.000000000000000E+00 0
 509   10160.00   10180.00  0.000000000000000E+00  0.000000000000000E+00 0
 510   10180.00   10200.00  0.000000000000000E+00  0.000000000000000E+00 0
 511   10200.00   10220.00  0.000000000000000E+00  0.000000000000000E+00 0
 512   10220.00   10240.00  0.000000000000000E+00  0.000000000000000E+00 0
 513   10240.00   10260.00  0.000000000000000E+00  0.000000000000000E+00 0
 514   10260.00   10280.00  0.000000000000000E+00  0.000000000000000E+00 0
 515   10280.00   10300.00  0.000000000000000E+00  0.000000000000000E+00 0
 516   10300.00   10320.00  0.000000000000000E+00  0.000000000000000E+00 0
 517   10320.00   10340.00  0.000000000000000E+00  0.000000000000000E+00 0
 518   10340.00   10360.00  0.000000000000000E+00  0.000000000000000E+00 0
 519   10360.00   10380.00  0.000000000000000E+00  0.000000000000000E+00 0
 520   10380.00   10400.00  0.000000000000000E+00  0.000000000000000E+00 0
 521   10400.00   10420.00  0.000000000000000E+00  0.000000000000000E+00 0
 522   10420.00   10440.00  0.000000000000000E+00  0.000000000000000E+00 0
 523   10440.00   10460.00  0.000000000000000E+00  0.000000000000000E+00 0
 524   10460.00   10480.00  0.000000000000000E+00  0.000000000000000E+00 0
 525   10480.00   10500.00  0.000000000000000E+00  0.000000000000000E+00 0
 526   10500.00   10520.00  0.000000000000000E+00  0.000000000000000E+00 0
 527   10520.00   10540.00  0.000000000000000E+00  0.000000000000000E+00 0
 528   10540.00   10560.00  0.000000000000000E+00  0.000000000000000E+00 0
 529   10560.00   10580.00  0.000000000000000E+00  0.000000000000000E+00 0
 530   10580.00   10600.00  0.000000000000000E+00  0.000000000000000E+00 0
 531   10600.00   10620.00  0.000000000000000E+00  0.000000000000000E+00 0
 532   10620.00   10640.00  0.000000000000000E+00  0.000000000000000E+00 0
 533   10640.00   10660.00  0.000000000000000E+00  0.000000000000000E+00 0
 534   10660.00   10680.00  0.000000000000000E+00  0.000000000000000E+00 0
 535   10680.00   10700.00  0.000000000000000E+00  0.000000000000000E+00 0
 536   10700.00   10720.00  0.000000000000000E+00  0.000000000000000E+00 0
 537   10720.00   10740.00  0.000000000000000E+00  0.000000000000000E+00 0
 538   10740.00   10760.00  0.000000000000000E+00  0.000000000000000E+00 0
 539   10760.00   10780.00  0.000000000000000E+00  0.000000000000000E+00 0
 540   10780.00   10800.00  0.000000000000000E+00  0.000000000000000E+00 0
 541   10800.00   10820.00  0.000000000000000E+00  0.000000000000000E+00 0
 542   10820.00   10840.00  0.000000000000000E+00  0.000000000000000E+00 0
 543   10840.00   10860.00  0.000000000000000E+00  0.000000000000000E+00 0
 544   10860.00   10880.00  0.000000000000000E+00  0.000000000000000E+00 0
 545   10880.00   10900.00  0.000000000000000E+00  0.000000000000000E+00 0
 546   10900.00   10920.00  0.000000000000000E+00  0.000000000000000E+00 0
 547   10920.00   10940.00  0.000000000000000E+00  0.000000000000000E+00 0
 548   10940.00   10960.00  0.000000000000000E+00  0.000000000000000E+00 0
 549   10960.00   10980.00  0.000000000000000E+00  0.000000000000000E+00 0
 550   10980.00   11000.00  0.000000000000000E+00  0.000000000000000E+00 0
 551   11000.00   11020.00  0.000000000000000E+00  0.000000000000000E+00 0
 552   11020.00   11040.00  0.000000000000000E+00  0.000000000000000E+00 0
 553   11040.00   11060.00  0.000000000000000E+00  0.000000000000000E+00 0
 554   11060.00   11080.00  0.000000000000000E+00  0.000000000000000E+00 0
 555   11080.00   11100.00  0.000000000000000E+00  0.000000000000000E+00 0
 556   11100.00   11120.00  0.000000000000000E+00  0.000000000000000E+00 0
 557   11120.00   11140.00  0.000000000000000E+00  0.000000000000000E+00 0
 558   11140.00   11160.00  0.000000000000000E+00  0.000000000000000E+00 0
 559   11160.00   11180.00  0.000000000000000E+00  0.000000000000000E+00 0
 560   11180.00   11200.00  0.000000000000000E+00  0.000000000000000E+00 0
 561   11200.00   11220.00  0.000000000000000E+00  0.000000000000000E+00 0
 562   11220.00   11240.00  0.000000000000000E+00  0.000000000000000E+00 0
 563   11240.00   11260.00  0.000000000000000E+00  0.000000000000000E+00 0
 564   11260.00   11280.00  0.000000000000000E+00  0.000000000000000E+00 0
 565   11280.00   11300.00  0.000000000000000E+00  0.000000000000000E+00 0
 566   11300.00   11320.00  0.000000000000000E+00  0.000000000000000E+00 0
 567   11320.00   11340.00  0.000000000000000E+00  0.000000000000000E+00 0
 568   11340.00   11360.00  0.000000000000000E+00  0.000000000000000E+00 0
 569   11360.00   11380.00  0.000000000000000E+00  0.000000000000000E+00 0
 570   11380.00   11400.00  0.000000000000000E+00  0.000000000000000E+00 0
 571   11400.00   11420.00  0.000000000000000E+00  0.000000000000000E+00 0
 572   11420.00   11440.00  0.000000000000000E+00  0.000000000000000E+00 0
 573   11440.00   11460.00  0.000000000000000E+00  0.000000000000000E+00 0
 574   11460.00   11480.00  0.000000000000000E+00  0.000000000000000E+00 0
 575   11480.00   11500.00  0.000000000000000E+00  0.000000000000000E+00 0
 576   11500.00   11520.00  0.000000000000000E+00  0.000000000000000E+00 0
 577   11520.00   11540.00  0.000000000000000E+00  0.000000000000000E+00 0
 578   11540.00   11560.00  0.000000000000000E+00  0.000000000000000E+00 0
 579   11560.00   11580.00  0.000000000000000E+00  0.000000000000000E+00 0
 580   11580.00   11600.00  0.000000000000000E+00  0.000000000000000E+00 0
 581   11600.00   11620.00  0.000000000000000E+00  0.000000000000000E+00 0
 582   11620.00   11640.00  0.000000000000000E+00  0.000000000000000E+00 0
 583   11640.00   11660.00  0.000000000000000E+00  0.000000000000000E+00 0
 584   11660.00   11680.00  0.000000000000000E+00  0.000000000000000E+00 0
 585   11680.00   11700.00  0.000000000000000E+00  0.000000000000000E+00 0
 586   11700.00   11720.00  0.000000000000000E+00  0.000000000000000E+00 0
 587   11720.00   11740.00  0.000000000000000E+00  0.000000000000000E+00 0
 588   11740.00   11760.00  0.000000000000000E+00  0.000000000000000E+00 0
 589   11760.00   11780.00  0.000000000000000E+00  0.000000000000000E+00 0
 590   11780.00   11800.00  0.000000000000000E+00  0.000000000000000E+00 0
 591   11800.00   11820.00  0.000000000000000E+00  0.000000000000000E+00 0
 592   11820.00   11840.00  0.000000000000000E+00  0.000000000000000E+00 0
 593   11840.00   11860.00  0.000000000000000E+00  0.000000000000000E+00 0
 594   11860.00   11880.00  0.000000000000000E+00  0.000000000000000E+00 0
 595   11880.00   11900.00  0.000000000000000E+00  0.000000000000000E+00 0
 596   11900.00   11920.00  0.000000000000000E+00  0.000000000000000E+00 0
 597   11920.00   11940.00  0.000000000000000E+00  0.000000000000000E+00 0
 598   11940.00   11960.00  0.000000000000000E+00  0.000000000000000E+00 0
 599   11960.00   11980.00  0.000000000000000E+00  0.000000000000000E+00 0
 600   11980.00   12000.00  0.000000000000000E+00  0.000000000000000E+00 0
 601   12000.00   12020.00  0.000000000000000E+00  0.000000000000000E+00 0
 602   12020.00   12040.00  0.000000000000000E+00  0.000000000000000E+00 0
 603   12040.00   12060.00  0.000000000000000E+00  0.000000000000000E+00 0
 604   12060.00   12080.00  0.000000000000000E+00  0.000000000000000E+00 0
 605   12080.00   12100.00  0.000000000000000E+00  0.000000000000000E+00 0
 606   12100.00   12120.00  0.000000000000000E+00  0.000000000000000E+00 0
 607   12120.00   12140.00  0.000000000000000E+00  0.000000000000000E+00 0
 608   12140.00   12160.00  0.000000000000000E+00  0.000000000000000E+00 0
 609   12160.00   12180.00  0.000000000000000E+00  0.000000000000000E+00 0
 610   12180.00   12200.00  0.000000000000000E+00  0.000000000000000E+00 0
 611   12200.00   12220.00  0.000000000000000E+00  0.000000000000000E+00 0
 612   12220.00   12240.00  0.000000000000000E+00  0.000000000000000E+00 0
 613   12240.00   12260.00  0.000000000000000E+00  0.000000000000000E+00 0
 614   12260.00   12280.00  0.000000000000000E+00  0.000000000000000E+00 0
 615   12280.00   12300.00  0.000000000000000E+00  0.000000000000000E+00 0
 616   12300.00   12320.00  0.000000000000000E+00  0.000000000000000E+00 0
 617   12320.00   12340.00  0.000000000000000E+00  0.000000000000000E+00 0
 618   12340.00   12360.00  0.000000000000000E+00  0.000000000000000E+00 0
 619   12360.00   12380.00  0.000000000000000E+00  0.000000000000000E+00 0
 620   12380.00   12400.00  0.000000000000000E+00  0.000000000000000E+00 0
 621   12400.00   12420.00  0.000000000000000E+00  0.000000000000000E+00 0
 622   12420.00   12440.00  0.000000000000000E+00  0.000000000000000E+00 0
 623   12440.00   12460.00  0.000000000000000E+00  0.000000000000000E+00 0
 624   12460.00   12480.00  0.000000000000000E+00  0.000000000000000E+00 0
 625   12480.00   12500.00  0.000000000000000E+00  0.000000000000000E+00 0
 626   12500.00   12520.00  0.000000000000000E+00  0.000000000000000E+00 0
 627   12520.00   12540.00  0.000000000000000E+00  0.000000000000000E+00 0
 628   12540.00   12560.00  0.000000000000000E+00  0.000000000000000E+00 0
 629   12560.00   12580.00  0.000000000000000E+00  0.000000000000000E+00 0
 630   12580.00   12600.00  0.000000000000000E+00  0.000000000000000E+00 0
 631   12600.00   12620.00  0.000000000000000E+00  0.000000000000000E+00 0
 632   12620.00   12640.00  0.000000000000000E+00  0.000000000000000E+00 0
 633   12640.00   12660.00  0.000000000000000E+00  0.000000000000000E+00 0
 634   12660.00   12680.00  0.000000000000000E+00  0.000000000000000E+00 0
 635   12680.00   12700.00  0.000000000000000E+00  0.000000000000000E+00 0
 636   12700.00   12720.00  0.000000000000000E+00  0.000000000000000E+00 0
 637   12720.00   12740.00  0.000000000000000E+00  0.000000000000000E+00 0
 638   12740.00   12760.00  0.000000000000000E+00  0.000000000000000E+00 0
 639   12760.00   12780.00  0.000000000000000E+00  0.000000000000000E+00 0
 640   12780.00   12800.00  0.000000000000000E+00  0.000000000000000E+00 0
 641   12800.00   12820.00  0.000000000000000E+00  0.000000000000000E+00 0
 642   12820.00   12840.00  0.000000000000000E+00  0.000000000000000E+00 0
 643   12840.00   12860.00  0.000000000000000E+00  0.000000000000000E+00 0
 644   12860.00   12880.00  0.000000000000000E+00  0.000000000000000E+00 0
 645   12880.00   12900.00  0.000000000000000E+00  0.000000000000000E+00 0
 646   12900.00   12920.00  0.000000000000000E+00  0.000000000000000E+00 0
 647   12920.00   12940.00  0.000000000000000E+00  0.000000000000000E+00 0
 648   12940.00   12960.00  0.000000000000000E+00  0.000000000000000E+00 0
 649   12960.00   12980.00  0.000000000000000E+00  0.000000000000000E+00 0
 650   12980.00   13000.00  0.000000000000000E+00  0.000000000000000E+00 0
# Underflow:                 0.0000000000000000E+00  0.0000000000000000E+00 0
# Overflow:                  0.0000000000000000E+00  0.0000000000000000E+00 0
#-------------------------------------------------------------------------------------
# Sum:                       9.8682013104428729E-03  1.1733405307085478E-06 817479000
#=====================================================================================
