# title = Transverse Momentum anti--Muon-Positron
# xlabel = $p_{\text{T},\mu^+\text{e}^+}\,$[GeV]
# ylabel = $\frac{\text{d}\sigma}{\text{d}p_{\text{T},\mu^+\text{e}^+}}\,\left[\frac{\text{fb}}{\text{GeV}}\right]$
# xmin=  0.000E+00
# xmax=  8.000E+02
# ymin=  1.000E-06
# ymax=  1.000E-02
# kmin= -5.000E+01
# kmax=  1.000E+01
# logscale = true
# Renormalization and factorization scale scaled by: 1.0000000000
# Renormalization scaled by: .0000000000
# Number of generated events: 9239286404
#
#=====================================================================================
# No.       Left      Right                   Value                   Error Hits
#-------------------------------------------------------------------------------------
   1       0.00      20.00  9.151830957112835E-04  2.558132890263974E-07 302067786
   2      20.00      40.00  2.326304439241604E-03  4.195243049114435E-07 746953156
   3      40.00      60.00  3.482742487712011E-03  5.196911802634583E-07 1156197635
   4      60.00      80.00  3.873895919814485E-03  5.654613506170054E-07 1278974048
   5      80.00     100.00  3.451694290299380E-03  5.593851907645198E-07 1078075679
   6     100.00     120.00  2.752517204043001E-03  5.162683695020628E-07 880858915
   7     120.00     140.00  2.094448744788346E-03  4.595035857287897E-07 727780674
   8     140.00     160.00  1.571640407295025E-03  3.989037732718522E-07 608288042
   9     160.00     180.00  1.184324760264934E-03  3.445431168754416E-07 513921402
  10     180.00     200.00  9.017693759077623E-04  2.956623546186324E-07 438288733
  11     200.00     220.00  6.934997998247958E-04  2.534161069919433E-07 376808689
  12     220.00     240.00  5.376406648487385E-04  2.182930819286643E-07 326237798
  13     240.00     260.00  4.199958211766667E-04  1.885878505978284E-07 284178749
  14     260.00     280.00  3.300626363143954E-04  1.632496745694813E-07 248939117
  15     280.00     300.00  2.607822692506520E-04  1.414339768659009E-07 219231739
  16     300.00     320.00  2.072179522244237E-04  1.225659570269451E-07 193964810
  17     320.00     340.00  1.654011233288852E-04  1.066457650517409E-07 172409196
  18     340.00     360.00  1.327885223416115E-04  9.239136979245041E-08 153900812
  19     360.00     380.00  1.070959233960586E-04  8.050075659570545E-08 137836790
  20     380.00     400.00  8.675085353197713E-05  7.048457405900115E-08 123966275
  21     400.00     420.00  7.071642085949290E-05  6.206087514684301E-08 111807438
  22     420.00     440.00  5.777300028235075E-05  5.396474153623260E-08 101144684
  23     440.00     460.00  4.738221871400061E-05  4.716166944586990E-08 91759231
  24     460.00     480.00  3.900835059947105E-05  4.281147747730334E-08 83477246
  25     480.00     500.00  3.227104027520522E-05  3.675032921236197E-08 76093561
  26     500.00     520.00  2.680442141231022E-05  3.242209410817508E-08 69523768
  27     520.00     540.00  2.226039687977024E-05  2.846831942813612E-08 63662643
  28     540.00     560.00  1.865678232552875E-05  2.552473111726323E-08 58409384
  29     560.00     580.00  1.558128149244742E-05  2.234802260213149E-08 53696024
  30     580.00     600.00  1.313282132061139E-05  2.007982151154416E-08 49415937
  31     600.00     620.00  1.103472886718372E-05  1.761360041820639E-08 45584217
  32     620.00     640.00  9.318975512852227E-06  1.584474343146943E-08 42092678
  33     640.00     660.00  7.914431392796291E-06  1.405686539812767E-08 38945127
  34     660.00     680.00  6.726439461906426E-06  1.286740563534429E-08 36066272
  35     680.00     700.00  5.717433337383156E-06  1.127975688066640E-08 33446186
  36     700.00     720.00  4.861695473809093E-06  9.957247660864254E-09 31062445
  37     720.00     740.00  4.169565762749337E-06  8.916175809173443E-09 28879154
  38     740.00     760.00  3.568202571282309E-06  8.030787052258120E-09 26877712
  39     760.00     780.00  3.071845261135101E-06  7.228604308587853E-09 25039639
  40     780.00     800.00  2.635269508836621E-06  6.545051582876156E-09 23352907
  41     800.00     820.00  2.264689142064315E-06  5.735210513262281E-09 21803051
  42     820.00     840.00  1.955876630189600E-06  5.239107839196777E-09 20369522
  43     840.00     860.00  1.700681813589069E-06  4.979734181670995E-09 19056790
  44     860.00     880.00  1.467834885503636E-06  4.337173147847061E-09 17836824
  45     880.00     900.00  1.272796745775174E-06  3.859182329304439E-09 16711578
  46     900.00     920.00  1.105743688069600E-06  3.497052494616103E-09 15665677
  47     920.00     940.00  9.610518081910022E-07  3.115941731676643E-09 14699623
  48     940.00     960.00  8.383100195965850E-07  2.913626581579623E-09 13809234
  49     960.00     980.00  7.328645500349900E-07  2.520526820922842E-09 12970523
  50     980.00    1000.00  6.339946077593658E-07  2.277616600887334E-09 12203415
  51    1000.00    1020.00  5.587606921398470E-07  2.099973176659016E-09 11479511
  52    1020.00    1040.00  4.897128355035687E-07  1.911327987328899E-09 10805687
  53    1040.00    1060.00  4.273191452571067E-07  1.687020162864295E-09 10177381
  54    1060.00    1080.00  3.754885179039163E-07  1.578717063129707E-09 9597426
  55    1080.00    1100.00  3.305397244595550E-07  1.382727385821516E-09 9050888
  56    1100.00    1120.00  2.892730455409217E-07  1.246514594838683E-09 8541408
  57    1120.00    1140.00  2.550679966712082E-07  1.122011597793859E-09 8066006
  58    1140.00    1160.00  2.261119699724243E-07  1.106756880519159E-09 7614992
  59    1160.00    1180.00  1.982199796269787E-07  9.504223874346530E-10 7200839
  60    1180.00    1200.00  1.757593589811393E-07  8.967035573010174E-10 6812073
  61    1200.00    1220.00  1.553017583449142E-07  7.967925597271963E-10 6441723
  62    1220.00    1240.00  1.350825933102432E-07  6.817902590892565E-10 6098071
  63    1240.00    1260.00  1.216858028754805E-07  6.544851425956642E-10 5768750
  64    1260.00    1280.00  1.071318012513301E-07  7.411255824716794E-10 5465889
  65    1280.00    1300.00  9.529281919413267E-08  5.523867639858615E-10 5179148
  66    1300.00    1320.00  8.397678937474846E-08  4.887733707377209E-10 4908420
  67    1320.00    1340.00  7.418068530610260E-08  4.383040267713781E-10 4654372
  68    1340.00    1360.00  6.615501257700356E-08  4.204584961959466E-10 4417989
  69    1360.00    1380.00  5.769268166263547E-08  3.483633502087754E-10 4190937
  70    1380.00    1400.00  5.256921184575125E-08  3.331708421364045E-10 3979599
  71    1400.00    1420.00  4.661816264760140E-08  3.072498306546408E-10 3776376
  72    1420.00    1440.00  4.175763191333742E-08  2.846885673526580E-10 3588348
  73    1440.00    1460.00  3.768723129977218E-08  2.971887196197338E-10 3409338
  74    1460.00    1480.00  3.300649235075991E-08  2.413856860589249E-10 3240817
  75    1480.00    1500.00  2.931573410350493E-08  2.165453948607173E-10 3083136
  76    1500.00    1520.00  2.653448145584285E-08  2.069565495457615E-10 2930608
  77    1520.00    1540.00  2.338175015990437E-08  1.799565025542305E-10 2786899
  78    1540.00    1560.00  2.077990037203078E-08  1.614502054534980E-10 2652204
  79    1560.00    1580.00  1.868673258048510E-08  1.531389537304054E-10 2526901
  80    1580.00    1600.00  1.702836279040654E-08  1.446051781130646E-10 2401492
  81    1600.00    1620.00  1.513713645069997E-08  1.309977714325766E-10 2284906
  82    1620.00    1640.00  1.355931191660627E-08  1.170217979782245E-10 2176261
  83    1640.00    1660.00  1.199335139328307E-08  1.100701247161019E-10 2072506
  84    1660.00    1680.00  1.086265121649042E-08  1.010246565504444E-10 1976050
  85    1680.00    1700.00  9.699146924678692E-09  9.170549658377712E-11 1882556
  86    1700.00    1720.00  8.799801390962523E-09  8.574907757992259E-11 1794683
  87    1720.00    1740.00  7.832715225600790E-09  7.800747689660871E-11 1713074
  88    1740.00    1760.00  6.999516639099393E-09  6.349398026243844E-11 1632890
  89    1760.00    1780.00  6.298021946282855E-09  6.510617954239366E-11 1557652
  90    1780.00    1800.00  5.623955354187285E-09  5.921883044814080E-11 1484102
  91    1800.00    1820.00  5.152450195010949E-09  5.367418993093593E-11 1414924
  92    1820.00    1840.00  4.583268103721426E-09  4.971518533490890E-11 1350936
  93    1840.00    1860.00  4.121161045069861E-09  4.495540670095397E-11 1290936
  94    1860.00    1880.00  3.663608632887165E-09  4.041527982241212E-11 1232693
  95    1880.00    1900.00  3.274398452433620E-09  3.917920276757753E-11 1173628
  96    1900.00    1920.00  3.017791997605284E-09  4.304032617987031E-11 1121492
  97    1920.00    1940.00  2.695947253088402E-09  3.271244433023189E-11 1071837
  98    1940.00    1960.00  2.407125347273876E-09  2.869451635183996E-11 1023876
  99    1960.00    1980.00  2.202170799211426E-09  2.752397169383129E-11 978313
 100    1980.00    2000.00  1.982718556089892E-09  2.488593530106074E-11 932847
 101    2000.00    2020.00  1.767724370667228E-09  2.308387908300307E-11 891860
 102    2020.00    2040.00  1.621108642517841E-09  2.244790433774780E-11 850015
 103    2040.00    2060.00  1.454681087072856E-09  2.302014939771408E-11 814372
 104    2060.00    2080.00  1.313499362927770E-09  1.871213146591949E-11 776309
 105    2080.00    2100.00  1.168198087248995E-09  2.238355099494138E-11 743522
 106    2100.00    2120.00  1.049808823480056E-09  1.502284213258727E-11 711832
 107    2120.00    2140.00  9.769257672421110E-10  1.494412124024240E-11 680711
 108    2140.00    2160.00  8.824538773123116E-10  1.375775783033907E-11 649892
 109    2160.00    2180.00  7.943039865543939E-10  1.233433172275398E-11 621155
 110    2180.00    2200.00  7.129611045367760E-10  1.103050257319078E-11 594476
 111    2200.00    2220.00  6.435104170348638E-10  1.047496537990422E-11 567779
 112    2220.00    2240.00  5.920640947432812E-10  1.383160499919067E-11 543763
 113    2240.00    2260.00  5.249234543519583E-10  1.020781509479987E-11 519049
 114    2260.00    2280.00  4.848609368767728E-10  8.068406205244316E-12 496575
 115    2280.00    2300.00  4.398778048654967E-10  7.371194290618272E-12 474955
 116    2300.00    2320.00  3.898699325745991E-10  6.991223890622115E-12 454688
 117    2320.00    2340.00  3.582053769245164E-10  6.142080549935759E-12 434582
 118    2340.00    2360.00  3.185762397428264E-10  6.763735316808611E-12 415078
 119    2360.00    2380.00  2.949045028457130E-10  5.794142132214228E-12 398780
 120    2380.00    2400.00  2.613073656695930E-10  4.592101830927728E-12 380482
 121    2400.00    2420.00  2.308179454635611E-10  4.364828156549953E-12 363773
 122    2420.00    2440.00  2.114876766163086E-10  4.419664733187671E-12 348680
 123    2440.00    2460.00  1.978229961144316E-10  4.953581287744826E-12 334242
 124    2460.00    2480.00  1.693357781960631E-10  3.138506683996815E-12 319144
 125    2480.00    2500.00  1.600112679579034E-10  3.501610656508551E-12 305336
 126    2500.00    2520.00  1.399108711545886E-10  2.665980473587267E-12 292799
 127    2520.00    2540.00  1.348640268871799E-10  2.960893747448345E-12 279990
 128    2540.00    2560.00  1.199033365374931E-10  3.555653706885154E-12 267818
 129    2560.00    2580.00  1.024362588217376E-10  2.125938315548220E-12 256504
 130    2580.00    2600.00  9.771586719845223E-11  2.101440444694322E-12 245865
 131    2600.00    2620.00  8.515189076320923E-11  2.083828956019624E-12 235890
 132    2620.00    2640.00  7.939157322507427E-11  1.721523257042676E-12 224928
 133    2640.00    2660.00  7.275511606248658E-11  2.242348275275956E-12 215393
 134    2660.00    2680.00  6.471470953375080E-11  1.629414711277312E-12 205705
 135    2680.00    2700.00  6.097122866699430E-11  1.768159031547120E-12 197637
 136    2700.00    2720.00  5.687856159701856E-11  1.576143560981407E-12 189111
 137    2720.00    2740.00  5.060911683333015E-11  2.193202709752882E-12 180585
 138    2740.00    2760.00  4.365780070578223E-11  1.157170078802447E-12 172826
 139    2760.00    2780.00  3.813155021439264E-11  9.777513069055240E-13 165534
 140    2780.00    2800.00  3.677020397863648E-11  9.417259795686298E-13 158329
 141    2800.00    2820.00  3.270405034251910E-11  8.270448765486968E-13 152245
 142    2820.00    2840.00  2.875670178062594E-11  7.844683301283961E-13 145408
 143    2840.00    2860.00  2.700660943758905E-11  8.667601892572952E-13 138543
 144    2860.00    2880.00  2.435782354734281E-11  7.475872123396977E-13 132789
 145    2880.00    2900.00  2.197957014624554E-11  6.353510403285390E-13 126876
 146    2900.00    2920.00  1.940682010856551E-11  6.680997793614079E-13 121365
 147    2920.00    2940.00  1.823472714062078E-11  5.316794141821558E-13 116233
 148    2940.00    2960.00  1.523576132197586E-11  4.099080548682904E-13 110878
 149    2960.00    2980.00  1.391421807808150E-11  4.261310691092205E-13 106944
 150    2980.00    3000.00  1.311391729187097E-11  3.827518075023815E-13 101834
 151    3000.00    3020.00  1.249556147940988E-11  4.559884383369148E-13 97283
 152    3020.00    3040.00  1.138994077393550E-11  4.230236399824346E-13 93589
 153    3040.00    3060.00  1.000205075321582E-11  4.579588137770750E-13 89375
 154    3060.00    3080.00  9.323854226778929E-12  3.655946091981464E-13 85258
 155    3080.00    3100.00  7.957589137291624E-12  2.998439655868142E-13 81911
 156    3100.00    3120.00  7.241033197997977E-12  2.747368872803264E-13 78046
 157    3120.00    3140.00  6.756519017816343E-12  2.378882482287188E-13 75342
 158    3140.00    3160.00  6.145536565237906E-12  2.270082655893294E-13 71966
 159    3160.00    3180.00  5.441267315379036E-12  2.060905648755464E-13 68651
 160    3180.00    3200.00  4.882456831994243E-12  2.920220564108212E-13 65635
 161    3200.00    3220.00  4.779692671027756E-12  2.488090514294699E-13 62913
 162    3220.00    3240.00  3.899845662244553E-12  1.470265795209806E-13 60024
 163    3240.00    3260.00  3.849270531715195E-12  1.535406458869852E-13 57369
 164    3260.00    3280.00  3.379714826127260E-12  1.502251307405026E-13 54762
 165    3280.00    3300.00  2.953780232704414E-12  1.171157057590743E-13 52015
 166    3300.00    3320.00  2.671451610721814E-12  1.217781086840330E-13 50575
 167    3320.00    3340.00  2.318268785247962E-12  9.257743296335564E-14 48139
 168    3340.00    3360.00  2.283994115043475E-12  9.639576755719834E-14 45896
 169    3360.00    3380.00  2.120981474969491E-12  1.299482298585242E-13 43541
 170    3380.00    3400.00  1.756941878379287E-12  7.768750572076814E-14 41914
 171    3400.00    3420.00  1.603536769325062E-12  8.561325397614922E-14 39745
 172    3420.00    3440.00  1.445541930172674E-12  8.583703500236268E-14 38266
 173    3440.00    3460.00  1.466402134737318E-12  1.012080534496848E-13 36726
 174    3460.00    3480.00  1.184195787473682E-12  5.756690826520966E-14 34731
 175    3480.00    3500.00  1.159148377439197E-12  6.455477113012658E-14 33245
 176    3500.00    3520.00  9.373528453417906E-13  3.934622122764530E-14 31864
 177    3520.00    3540.00  1.007914872989651E-12  1.468152445972570E-13 30218
 178    3540.00    3560.00  7.983376647389893E-13  4.214420583361502E-14 28923
 179    3560.00    3580.00  7.144629467493222E-13  4.905888634700870E-14 27101
 180    3580.00    3600.00  7.279851897141997E-13  4.285374657950049E-14 26583
 181    3600.00    3620.00  5.328423168644120E-13  2.591169763736369E-14 25435
 182    3620.00    3640.00  5.582733123586551E-13  3.199051445359426E-14 24130
 183    3640.00    3660.00  4.789095058626171E-13  2.569806757439532E-14 23089
 184    3660.00    3680.00  4.634196304863054E-13  2.810669543286303E-14 21932
 185    3680.00    3700.00  3.894382734535910E-13  2.189367429858140E-14 21159
 186    3700.00    3720.00  5.062113685974731E-13  1.777923805441503E-13 19771
 187    3720.00    3740.00  3.124111519937895E-13  1.774299347104190E-14 18819
 188    3740.00    3760.00  2.827872888772235E-13  1.978331776779971E-14 18354
 189    3760.00    3780.00  2.299947154530178E-13  1.221071655843101E-14 17362
 190    3780.00    3800.00  2.426190823099634E-13  2.267596354257999E-14 16360
 191    3800.00    3820.00  2.357467110631576E-13  1.658030940852832E-14 15792
 192    3820.00    3840.00  1.700035529632627E-13  1.040322521588360E-14 15106
 193    3840.00    3860.00  1.592460656269240E-13  1.505256906667109E-14 14235
 194    3860.00    3880.00  1.572346301987418E-13  1.381603329142220E-14 13319
 195    3880.00    3900.00  1.291084113672844E-13  9.566458495387586E-15 13011
 196    3900.00    3920.00  1.170113955906564E-13  8.415129468002666E-15 12211
 197    3920.00    3940.00  1.294629790098745E-13  1.434921786753718E-14 11727
 198    3940.00    3960.00  9.354321130486093E-14  7.280100332940997E-15 11248
 199    3960.00    3980.00  8.403185015643683E-14  7.145672385376016E-15 10551
 200    3980.00    4000.00  7.992513758230890E-14  7.121474703131557E-15 10116
 201    4000.00    4020.00  5.451513313547916E-14  3.915614721809706E-15 9422
 202    4020.00    4040.00  6.329159030531635E-14  5.316651419688135E-15 9131
 203    4040.00    4060.00  5.574351145080967E-14  4.059645126171250E-15 8617
 204    4060.00    4080.00  5.410264847355881E-14  6.054921270013404E-15 8180
 205    4080.00    4100.00  3.647149589861998E-14  3.568587420091426E-15 7892
 206    4100.00    4120.00  3.759748251146857E-14  3.188368956601748E-15 7346
 207    4120.00    4140.00  3.008426678409053E-14  2.567800344478839E-15 6823
 208    4140.00    4160.00  2.912570846262171E-14  3.776078631707588E-15 6785
 209    4160.00    4180.00  2.621350951113631E-14  2.348251605259322E-15 6336
 210    4180.00    4200.00  2.425617240756405E-14  2.451235589839358E-15 6122
 211    4200.00    4220.00  2.188024419390054E-14  2.645071803077911E-15 5793
 212    4220.00    4240.00  1.718255759240363E-14  1.648414492828041E-15 5376
 213    4240.00    4260.00  1.731969045616943E-14  2.179984135219292E-15 5052
 214    4260.00    4280.00  1.539769022320375E-14  1.875401515069955E-15 4842
 215    4280.00    4300.00  1.517989712498877E-14  1.749620275396277E-15 4635
 216    4300.00    4320.00  1.142559610956011E-14  1.497686038355780E-15 4322
 217    4320.00    4340.00  9.800320136113953E-15  1.198961525533752E-15 4058
 218    4340.00    4360.00  8.462586825653112E-15  1.013499841282792E-15 3878
 219    4360.00    4380.00  7.812657207763540E-15  9.076578278577648E-16 3745
 220    4380.00    4400.00  7.782901720283954E-15  1.087464025081573E-15 3503
 221    4400.00    4420.00  8.104174993425732E-15  1.192615085973428E-15 3200
 222    4420.00    4440.00  6.516084091590827E-15  2.339350134271053E-15 3058
 223    4440.00    4460.00  4.185042945060895E-15  5.185967251945457E-16 2934
 224    4460.00    4480.00  3.458849339002783E-15  5.338887977750123E-16 2819
 225    4480.00    4500.00  3.631725016877600E-15  4.400573105889905E-16 2569
 226    4500.00    4520.00  3.508717122682100E-15  5.271692304242543E-16 2498
 227    4520.00    4540.00  2.244848928705833E-15  4.659023626923837E-16 2348
 228    4540.00    4560.00  2.388900341177190E-15  3.268011571308947E-16 2193
 229    4560.00    4580.00  2.196400973838674E-15  3.990989777027900E-16 2035
 230    4580.00    4600.00  1.634543122194651E-15  2.574130063619395E-16 1911
 231    4600.00    4620.00  2.326150287234987E-15  5.407759874359315E-16 1728
 232    4620.00    4640.00  1.694723264423663E-15  3.151683281654656E-16 1735
 233    4640.00    4660.00  1.185535990823693E-15  1.656584130138198E-16 1593
 234    4660.00    4680.00  1.168671422103773E-15  2.299843223135168E-16 1535
 235    4680.00    4700.00  8.067085200368282E-16  1.240183396842706E-16 1386
 236    4700.00    4720.00  6.588613344393519E-16  9.912108539197876E-17 1354
 237    4720.00    4740.00  7.048135533770363E-16  1.385496243550588E-16 1172
 238    4740.00    4760.00  6.399135763722704E-16  1.379610236398167E-16 1119
 239    4760.00    4780.00  5.989522982472681E-16  1.212094622576090E-16 1120
 240    4780.00    4800.00  5.320807342414896E-16  1.278576010962986E-16 978
 241    4800.00    4820.00  3.304576362140489E-16  5.902943598890167E-17 975
 242    4820.00    4840.00  4.025874638468001E-16  9.886645093393651E-17 858
 243    4840.00    4860.00  1.841159552939859E-16  3.296824420137438E-17 832
 244    4860.00    4880.00  2.352882394675797E-16  6.019333334437265E-17 792
 245    4880.00    4900.00  1.813041230038935E-16  4.265267525200382E-17 686
 246    4900.00    4920.00  2.062512608062932E-16  4.626441043303080E-17 724
 247    4920.00    4940.00  1.561557943463989E-16  4.101212235965678E-17 616
 248    4940.00    4960.00  1.762986425356159E-16  4.751703608798549E-17 600
 249    4960.00    4980.00  9.088468365546754E-17  1.683606076137374E-17 536
 250    4980.00    5000.00  6.676833264476750E-17  1.538009243632574E-17 470
 251    5000.00    5020.00  5.800132033799756E-17  1.487029101637821E-17 457
 252    5020.00    5040.00  5.220882609738609E-17  1.053387944592413E-17 428
 253    5040.00    5060.00  4.219611327663275E-17  9.561038373398307E-18 405
 254    5060.00    5080.00  2.883092556418953E-17  5.924508776465892E-18 351
 255    5080.00    5100.00  2.849893342518689E-17  7.292117011419906E-18 341
 256    5100.00    5120.00  3.589765423072322E-17  1.016556818777710E-17 304
 257    5120.00    5140.00  2.371508581148552E-17  8.410905723033046E-18 278
 258    5140.00    5160.00  2.459637171461362E-17  7.720619447257617E-18 252
 259    5160.00    5180.00  2.009860769675674E-17  6.864464867923559E-18 255
 260    5180.00    5200.00  8.983881393757462E-18  2.286930086790730E-18 241
 261    5200.00    5220.00  1.134002217922021E-17  4.207465794795941E-18 218
 262    5220.00    5240.00  5.712514961027328E-18  2.327735102098076E-18 180
 263    5240.00    5260.00  5.908448038871759E-18  2.178414514864483E-18 188
 264    5260.00    5280.00  1.053108086009378E-17  7.461238069963779E-18 146
 265    5280.00    5300.00  5.459241465827947E-18  2.419481994666515E-18 138
 266    5300.00    5320.00  2.216469647686889E-18  9.346257279704433E-19 144
 267    5320.00    5340.00  2.655216340613502E-18  1.669296548483131E-18 125
 268    5340.00    5360.00  2.079038089126710E-18  7.488134052609095E-19 110
 269    5360.00    5380.00  2.064660449152131E-18  7.648474816862868E-19 98
 270    5380.00    5400.00  1.813289898812842E-18  9.449897761357601E-19 102
 271    5400.00    5420.00  6.197131602175542E-19  2.821753276388756E-19 92
 272    5420.00    5440.00  7.788262441487336E-19  3.544697664660791E-19 72
 273    5440.00    5460.00  1.766512119689025E-19  1.363673270525453E-19 63
 274    5460.00    5480.00  7.425962759968261E-19  2.760641264101682E-19 57
 275    5480.00    5500.00  4.234620650892482E-19  1.875046915135723E-19 48
 276    5500.00    5520.00  7.238702835637654E-19  6.311339034461117E-19 42
 277    5520.00    5540.00  1.159083909637289E-19  8.719008863014210E-20 43
 278    5540.00    5560.00  1.028419601776138E-19  5.771010737079918E-20 30
 279    5560.00    5580.00  8.192028694359767E-20  6.772151323292321E-20 30
 280    5580.00    5600.00  1.298587908841721E-20  8.684962945637314E-21 23
 281    5600.00    5620.00  1.583050599769333E-19  1.125329854027927E-19 28
 282    5620.00    5640.00  4.746981518968390E-20  3.773213195593121E-20 18
 283    5640.00    5660.00  1.815871837356424E-20  1.567125784427468E-20 20
 284    5660.00    5680.00  4.441177010874312E-20  4.434730962952608E-20 12
 285    5680.00    5700.00 -1.223342704466179E-21  1.649551533005538E-21 15
 286    5700.00    5720.00  2.955455760102924E-20  1.740914312554202E-20 11
 287    5720.00    5740.00  2.166990831621489E-20  2.212564895450007E-20 14
 288    5740.00    5760.00 -1.000942487098122E-22  9.764803480389023E-23 7
 289    5760.00    5780.00  1.452182336721244E-22  9.854743901351336E-23 8
 290    5780.00    5800.00  8.409934620660340E-21  7.237096246582231E-21 11
 291    5800.00    5820.00  1.445705865521396E-23  1.266645193745881E-23 2
 292    5820.00    5840.00  1.438869871366225E-21  1.434558598437887E-21 5
 293    5840.00    5860.00  8.558215550943332E-22  8.467749177077006E-22 4
 294    5860.00    5880.00  5.501760154943968E-21  5.240785188127960E-21 4
 295    5880.00    5900.00 -4.376286742328327E-22  4.565873028912350E-22 4
 296    5900.00    5920.00  9.506099434490553E-23  7.461785893628291E-23 4
 297    5920.00    5940.00  0.000000000000000E+00  0.000000000000000E+00 0
 298    5940.00    5960.00  0.000000000000000E+00  0.000000000000000E+00 0
 299    5960.00    5980.00 -3.578679737904778E-24  3.578679737775631E-24 1
 300    5980.00    6000.00  3.057239738625736E-23  3.057239738531283E-23 1
 301    6000.00    6020.00 -2.343530460194903E-23  2.343530460110329E-23 1
 302    6020.00    6040.00  0.000000000000000E+00  0.000000000000000E+00 0
 303    6040.00    6060.00  0.000000000000000E+00  0.000000000000000E+00 0
 304    6060.00    6080.00  0.000000000000000E+00  0.000000000000000E+00 0
 305    6080.00    6100.00  0.000000000000000E+00  0.000000000000000E+00 0
 306    6100.00    6120.00  0.000000000000000E+00  0.000000000000000E+00 0
 307    6120.00    6140.00  0.000000000000000E+00  0.000000000000000E+00 0
 308    6140.00    6160.00  0.000000000000000E+00  0.000000000000000E+00 0
 309    6160.00    6180.00  0.000000000000000E+00  0.000000000000000E+00 0
 310    6180.00    6200.00  0.000000000000000E+00  0.000000000000000E+00 0
 311    6200.00    6220.00  0.000000000000000E+00  0.000000000000000E+00 0
 312    6220.00    6240.00  0.000000000000000E+00  0.000000000000000E+00 0
 313    6240.00    6260.00  0.000000000000000E+00  0.000000000000000E+00 0
 314    6260.00    6280.00  0.000000000000000E+00  0.000000000000000E+00 0
 315    6280.00    6300.00  0.000000000000000E+00  0.000000000000000E+00 0
 316    6300.00    6320.00  0.000000000000000E+00  0.000000000000000E+00 0
 317    6320.00    6340.00  0.000000000000000E+00  0.000000000000000E+00 0
 318    6340.00    6360.00  0.000000000000000E+00  0.000000000000000E+00 0
 319    6360.00    6380.00  0.000000000000000E+00  0.000000000000000E+00 0
 320    6380.00    6400.00  0.000000000000000E+00  0.000000000000000E+00 0
 321    6400.00    6420.00  0.000000000000000E+00  0.000000000000000E+00 0
 322    6420.00    6440.00  0.000000000000000E+00  0.000000000000000E+00 0
 323    6440.00    6460.00  0.000000000000000E+00  0.000000000000000E+00 0
 324    6460.00    6480.00  0.000000000000000E+00  0.000000000000000E+00 0
 325    6480.00    6500.00  0.000000000000000E+00  0.000000000000000E+00 0
 326    6500.00    6520.00  0.000000000000000E+00  0.000000000000000E+00 0
 327    6520.00    6540.00  0.000000000000000E+00  0.000000000000000E+00 0
 328    6540.00    6560.00  0.000000000000000E+00  0.000000000000000E+00 0
 329    6560.00    6580.00  0.000000000000000E+00  0.000000000000000E+00 0
 330    6580.00    6600.00  0.000000000000000E+00  0.000000000000000E+00 0
 331    6600.00    6620.00  0.000000000000000E+00  0.000000000000000E+00 0
 332    6620.00    6640.00  0.000000000000000E+00  0.000000000000000E+00 0
 333    6640.00    6660.00  0.000000000000000E+00  0.000000000000000E+00 0
 334    6660.00    6680.00  0.000000000000000E+00  0.000000000000000E+00 0
 335    6680.00    6700.00  0.000000000000000E+00  0.000000000000000E+00 0
 336    6700.00    6720.00  0.000000000000000E+00  0.000000000000000E+00 0
 337    6720.00    6740.00  0.000000000000000E+00  0.000000000000000E+00 0
 338    6740.00    6760.00  0.000000000000000E+00  0.000000000000000E+00 0
 339    6760.00    6780.00  0.000000000000000E+00  0.000000000000000E+00 0
 340    6780.00    6800.00  0.000000000000000E+00  0.000000000000000E+00 0
 341    6800.00    6820.00  0.000000000000000E+00  0.000000000000000E+00 0
 342    6820.00    6840.00  0.000000000000000E+00  0.000000000000000E+00 0
 343    6840.00    6860.00  0.000000000000000E+00  0.000000000000000E+00 0
 344    6860.00    6880.00  0.000000000000000E+00  0.000000000000000E+00 0
 345    6880.00    6900.00  0.000000000000000E+00  0.000000000000000E+00 0
 346    6900.00    6920.00  0.000000000000000E+00  0.000000000000000E+00 0
 347    6920.00    6940.00  0.000000000000000E+00  0.000000000000000E+00 0
 348    6940.00    6960.00  0.000000000000000E+00  0.000000000000000E+00 0
 349    6960.00    6980.00  0.000000000000000E+00  0.000000000000000E+00 0
 350    6980.00    7000.00  0.000000000000000E+00  0.000000000000000E+00 0
 351    7000.00    7020.00  0.000000000000000E+00  0.000000000000000E+00 0
 352    7020.00    7040.00  0.000000000000000E+00  0.000000000000000E+00 0
 353    7040.00    7060.00  0.000000000000000E+00  0.000000000000000E+00 0
 354    7060.00    7080.00  0.000000000000000E+00  0.000000000000000E+00 0
 355    7080.00    7100.00  0.000000000000000E+00  0.000000000000000E+00 0
 356    7100.00    7120.00  0.000000000000000E+00  0.000000000000000E+00 0
 357    7120.00    7140.00  0.000000000000000E+00  0.000000000000000E+00 0
 358    7140.00    7160.00  0.000000000000000E+00  0.000000000000000E+00 0
 359    7160.00    7180.00  0.000000000000000E+00  0.000000000000000E+00 0
 360    7180.00    7200.00  0.000000000000000E+00  0.000000000000000E+00 0
 361    7200.00    7220.00  0.000000000000000E+00  0.000000000000000E+00 0
 362    7220.00    7240.00  0.000000000000000E+00  0.000000000000000E+00 0
 363    7240.00    7260.00  0.000000000000000E+00  0.000000000000000E+00 0
 364    7260.00    7280.00  0.000000000000000E+00  0.000000000000000E+00 0
 365    7280.00    7300.00  0.000000000000000E+00  0.000000000000000E+00 0
 366    7300.00    7320.00  0.000000000000000E+00  0.000000000000000E+00 0
 367    7320.00    7340.00  0.000000000000000E+00  0.000000000000000E+00 0
 368    7340.00    7360.00  0.000000000000000E+00  0.000000000000000E+00 0
 369    7360.00    7380.00  0.000000000000000E+00  0.000000000000000E+00 0
 370    7380.00    7400.00  0.000000000000000E+00  0.000000000000000E+00 0
 371    7400.00    7420.00  0.000000000000000E+00  0.000000000000000E+00 0
 372    7420.00    7440.00  0.000000000000000E+00  0.000000000000000E+00 0
 373    7440.00    7460.00  0.000000000000000E+00  0.000000000000000E+00 0
 374    7460.00    7480.00  0.000000000000000E+00  0.000000000000000E+00 0
 375    7480.00    7500.00  0.000000000000000E+00  0.000000000000000E+00 0
 376    7500.00    7520.00  0.000000000000000E+00  0.000000000000000E+00 0
 377    7520.00    7540.00  0.000000000000000E+00  0.000000000000000E+00 0
 378    7540.00    7560.00  0.000000000000000E+00  0.000000000000000E+00 0
 379    7560.00    7580.00  0.000000000000000E+00  0.000000000000000E+00 0
 380    7580.00    7600.00  0.000000000000000E+00  0.000000000000000E+00 0
 381    7600.00    7620.00  0.000000000000000E+00  0.000000000000000E+00 0
 382    7620.00    7640.00  0.000000000000000E+00  0.000000000000000E+00 0
 383    7640.00    7660.00  0.000000000000000E+00  0.000000000000000E+00 0
 384    7660.00    7680.00  0.000000000000000E+00  0.000000000000000E+00 0
 385    7680.00    7700.00  0.000000000000000E+00  0.000000000000000E+00 0
 386    7700.00    7720.00  0.000000000000000E+00  0.000000000000000E+00 0
 387    7720.00    7740.00  0.000000000000000E+00  0.000000000000000E+00 0
 388    7740.00    7760.00  0.000000000000000E+00  0.000000000000000E+00 0
 389    7760.00    7780.00  0.000000000000000E+00  0.000000000000000E+00 0
 390    7780.00    7800.00  0.000000000000000E+00  0.000000000000000E+00 0
 391    7800.00    7820.00  0.000000000000000E+00  0.000000000000000E+00 0
 392    7820.00    7840.00  0.000000000000000E+00  0.000000000000000E+00 0
 393    7840.00    7860.00  0.000000000000000E+00  0.000000000000000E+00 0
 394    7860.00    7880.00  0.000000000000000E+00  0.000000000000000E+00 0
 395    7880.00    7900.00  0.000000000000000E+00  0.000000000000000E+00 0
 396    7900.00    7920.00  0.000000000000000E+00  0.000000000000000E+00 0
 397    7920.00    7940.00  0.000000000000000E+00  0.000000000000000E+00 0
 398    7940.00    7960.00  0.000000000000000E+00  0.000000000000000E+00 0
 399    7960.00    7980.00  0.000000000000000E+00  0.000000000000000E+00 0
 400    7980.00    8000.00  0.000000000000000E+00  0.000000000000000E+00 0
 401    8000.00    8020.00  0.000000000000000E+00  0.000000000000000E+00 0
 402    8020.00    8040.00  0.000000000000000E+00  0.000000000000000E+00 0
 403    8040.00    8060.00  0.000000000000000E+00  0.000000000000000E+00 0
 404    8060.00    8080.00  0.000000000000000E+00  0.000000000000000E+00 0
 405    8080.00    8100.00  0.000000000000000E+00  0.000000000000000E+00 0
 406    8100.00    8120.00  0.000000000000000E+00  0.000000000000000E+00 0
 407    8120.00    8140.00  0.000000000000000E+00  0.000000000000000E+00 0
 408    8140.00    8160.00  0.000000000000000E+00  0.000000000000000E+00 0
 409    8160.00    8180.00  0.000000000000000E+00  0.000000000000000E+00 0
 410    8180.00    8200.00  0.000000000000000E+00  0.000000000000000E+00 0
 411    8200.00    8220.00  0.000000000000000E+00  0.000000000000000E+00 0
 412    8220.00    8240.00  0.000000000000000E+00  0.000000000000000E+00 0
 413    8240.00    8260.00  0.000000000000000E+00  0.000000000000000E+00 0
 414    8260.00    8280.00  0.000000000000000E+00  0.000000000000000E+00 0
 415    8280.00    8300.00  0.000000000000000E+00  0.000000000000000E+00 0
 416    8300.00    8320.00  0.000000000000000E+00  0.000000000000000E+00 0
 417    8320.00    8340.00  0.000000000000000E+00  0.000000000000000E+00 0
 418    8340.00    8360.00  0.000000000000000E+00  0.000000000000000E+00 0
 419    8360.00    8380.00  0.000000000000000E+00  0.000000000000000E+00 0
 420    8380.00    8400.00  0.000000000000000E+00  0.000000000000000E+00 0
 421    8400.00    8420.00  0.000000000000000E+00  0.000000000000000E+00 0
 422    8420.00    8440.00  0.000000000000000E+00  0.000000000000000E+00 0
 423    8440.00    8460.00  0.000000000000000E+00  0.000000000000000E+00 0
 424    8460.00    8480.00  0.000000000000000E+00  0.000000000000000E+00 0
 425    8480.00    8500.00  0.000000000000000E+00  0.000000000000000E+00 0
 426    8500.00    8520.00  0.000000000000000E+00  0.000000000000000E+00 0
 427    8520.00    8540.00  0.000000000000000E+00  0.000000000000000E+00 0
 428    8540.00    8560.00  0.000000000000000E+00  0.000000000000000E+00 0
 429    8560.00    8580.00  0.000000000000000E+00  0.000000000000000E+00 0
 430    8580.00    8600.00  0.000000000000000E+00  0.000000000000000E+00 0
 431    8600.00    8620.00  0.000000000000000E+00  0.000000000000000E+00 0
 432    8620.00    8640.00  0.000000000000000E+00  0.000000000000000E+00 0
 433    8640.00    8660.00  0.000000000000000E+00  0.000000000000000E+00 0
 434    8660.00    8680.00  0.000000000000000E+00  0.000000000000000E+00 0
 435    8680.00    8700.00  0.000000000000000E+00  0.000000000000000E+00 0
 436    8700.00    8720.00  0.000000000000000E+00  0.000000000000000E+00 0
 437    8720.00    8740.00  0.000000000000000E+00  0.000000000000000E+00 0
 438    8740.00    8760.00  0.000000000000000E+00  0.000000000000000E+00 0
 439    8760.00    8780.00  0.000000000000000E+00  0.000000000000000E+00 0
 440    8780.00    8800.00  0.000000000000000E+00  0.000000000000000E+00 0
 441    8800.00    8820.00  0.000000000000000E+00  0.000000000000000E+00 0
 442    8820.00    8840.00  0.000000000000000E+00  0.000000000000000E+00 0
 443    8840.00    8860.00  0.000000000000000E+00  0.000000000000000E+00 0
 444    8860.00    8880.00  0.000000000000000E+00  0.000000000000000E+00 0
 445    8880.00    8900.00  0.000000000000000E+00  0.000000000000000E+00 0
 446    8900.00    8920.00  0.000000000000000E+00  0.000000000000000E+00 0
 447    8920.00    8940.00  0.000000000000000E+00  0.000000000000000E+00 0
 448    8940.00    8960.00  0.000000000000000E+00  0.000000000000000E+00 0
 449    8960.00    8980.00  0.000000000000000E+00  0.000000000000000E+00 0
 450    8980.00    9000.00  0.000000000000000E+00  0.000000000000000E+00 0
 451    9000.00    9020.00  0.000000000000000E+00  0.000000000000000E+00 0
 452    9020.00    9040.00  0.000000000000000E+00  0.000000000000000E+00 0
 453    9040.00    9060.00  0.000000000000000E+00  0.000000000000000E+00 0
 454    9060.00    9080.00  0.000000000000000E+00  0.000000000000000E+00 0
 455    9080.00    9100.00  0.000000000000000E+00  0.000000000000000E+00 0
 456    9100.00    9120.00  0.000000000000000E+00  0.000000000000000E+00 0
 457    9120.00    9140.00  0.000000000000000E+00  0.000000000000000E+00 0
 458    9140.00    9160.00  0.000000000000000E+00  0.000000000000000E+00 0
 459    9160.00    9180.00  0.000000000000000E+00  0.000000000000000E+00 0
 460    9180.00    9200.00  0.000000000000000E+00  0.000000000000000E+00 0
 461    9200.00    9220.00  0.000000000000000E+00  0.000000000000000E+00 0
 462    9220.00    9240.00  0.000000000000000E+00  0.000000000000000E+00 0
 463    9240.00    9260.00  0.000000000000000E+00  0.000000000000000E+00 0
 464    9260.00    9280.00  0.000000000000000E+00  0.000000000000000E+00 0
 465    9280.00    9300.00  0.000000000000000E+00  0.000000000000000E+00 0
 466    9300.00    9320.00  0.000000000000000E+00  0.000000000000000E+00 0
 467    9320.00    9340.00  0.000000000000000E+00  0.000000000000000E+00 0
 468    9340.00    9360.00  0.000000000000000E+00  0.000000000000000E+00 0
 469    9360.00    9380.00  0.000000000000000E+00  0.000000000000000E+00 0
 470    9380.00    9400.00  0.000000000000000E+00  0.000000000000000E+00 0
 471    9400.00    9420.00  0.000000000000000E+00  0.000000000000000E+00 0
 472    9420.00    9440.00  0.000000000000000E+00  0.000000000000000E+00 0
 473    9440.00    9460.00  0.000000000000000E+00  0.000000000000000E+00 0
 474    9460.00    9480.00  0.000000000000000E+00  0.000000000000000E+00 0
 475    9480.00    9500.00  0.000000000000000E+00  0.000000000000000E+00 0
 476    9500.00    9520.00  0.000000000000000E+00  0.000000000000000E+00 0
 477    9520.00    9540.00  0.000000000000000E+00  0.000000000000000E+00 0
 478    9540.00    9560.00  0.000000000000000E+00  0.000000000000000E+00 0
 479    9560.00    9580.00  0.000000000000000E+00  0.000000000000000E+00 0
 480    9580.00    9600.00  0.000000000000000E+00  0.000000000000000E+00 0
 481    9600.00    9620.00  0.000000000000000E+00  0.000000000000000E+00 0
 482    9620.00    9640.00  0.000000000000000E+00  0.000000000000000E+00 0
 483    9640.00    9660.00  0.000000000000000E+00  0.000000000000000E+00 0
 484    9660.00    9680.00  0.000000000000000E+00  0.000000000000000E+00 0
 485    9680.00    9700.00  0.000000000000000E+00  0.000000000000000E+00 0
 486    9700.00    9720.00  0.000000000000000E+00  0.000000000000000E+00 0
 487    9720.00    9740.00  0.000000000000000E+00  0.000000000000000E+00 0
 488    9740.00    9760.00  0.000000000000000E+00  0.000000000000000E+00 0
 489    9760.00    9780.00  0.000000000000000E+00  0.000000000000000E+00 0
 490    9780.00    9800.00  0.000000000000000E+00  0.000000000000000E+00 0
 491    9800.00    9820.00  0.000000000000000E+00  0.000000000000000E+00 0
 492    9820.00    9840.00  0.000000000000000E+00  0.000000000000000E+00 0
 493    9840.00    9860.00  0.000000000000000E+00  0.000000000000000E+00 0
 494    9860.00    9880.00  0.000000000000000E+00  0.000000000000000E+00 0
 495    9880.00    9900.00  0.000000000000000E+00  0.000000000000000E+00 0
 496    9900.00    9920.00  0.000000000000000E+00  0.000000000000000E+00 0
 497    9920.00    9940.00  0.000000000000000E+00  0.000000000000000E+00 0
 498    9940.00    9960.00  0.000000000000000E+00  0.000000000000000E+00 0
 499    9960.00    9980.00  0.000000000000000E+00  0.000000000000000E+00 0
 500    9980.00   10000.00  0.000000000000000E+00  0.000000000000000E+00 0
 501   10000.00   10020.00  0.000000000000000E+00  0.000000000000000E+00 0
 502   10020.00   10040.00  0.000000000000000E+00  0.000000000000000E+00 0
 503   10040.00   10060.00  0.000000000000000E+00  0.000000000000000E+00 0
 504   10060.00   10080.00  0.000000000000000E+00  0.000000000000000E+00 0
 505   10080.00   10100.00  0.000000000000000E+00  0.000000000000000E+00 0
 506   10100.00   10120.00  0.000000000000000E+00  0.000000000000000E+00 0
 507   10120.00   10140.00  0.000000000000000E+00  0.000000000000000E+00 0
 508   10140.00   10160.00  0.000000000000000E+00  0.000000000000000E+00 0
 509   10160.00   10180.00  0.000000000000000E+00  0.000000000000000E+00 0
 510   10180.00   10200.00  0.000000000000000E+00  0.000000000000000E+00 0
 511   10200.00   10220.00  0.000000000000000E+00  0.000000000000000E+00 0
 512   10220.00   10240.00  0.000000000000000E+00  0.000000000000000E+00 0
 513   10240.00   10260.00  0.000000000000000E+00  0.000000000000000E+00 0
 514   10260.00   10280.00  0.000000000000000E+00  0.000000000000000E+00 0
 515   10280.00   10300.00  0.000000000000000E+00  0.000000000000000E+00 0
 516   10300.00   10320.00  0.000000000000000E+00  0.000000000000000E+00 0
 517   10320.00   10340.00  0.000000000000000E+00  0.000000000000000E+00 0
 518   10340.00   10360.00  0.000000000000000E+00  0.000000000000000E+00 0
 519   10360.00   10380.00  0.000000000000000E+00  0.000000000000000E+00 0
 520   10380.00   10400.00  0.000000000000000E+00  0.000000000000000E+00 0
 521   10400.00   10420.00  0.000000000000000E+00  0.000000000000000E+00 0
 522   10420.00   10440.00  0.000000000000000E+00  0.000000000000000E+00 0
 523   10440.00   10460.00  0.000000000000000E+00  0.000000000000000E+00 0
 524   10460.00   10480.00  0.000000000000000E+00  0.000000000000000E+00 0
 525   10480.00   10500.00  0.000000000000000E+00  0.000000000000000E+00 0
 526   10500.00   10520.00  0.000000000000000E+00  0.000000000000000E+00 0
 527   10520.00   10540.00  0.000000000000000E+00  0.000000000000000E+00 0
 528   10540.00   10560.00  0.000000000000000E+00  0.000000000000000E+00 0
 529   10560.00   10580.00  0.000000000000000E+00  0.000000000000000E+00 0
 530   10580.00   10600.00  0.000000000000000E+00  0.000000000000000E+00 0
 531   10600.00   10620.00  0.000000000000000E+00  0.000000000000000E+00 0
 532   10620.00   10640.00  0.000000000000000E+00  0.000000000000000E+00 0
 533   10640.00   10660.00  0.000000000000000E+00  0.000000000000000E+00 0
 534   10660.00   10680.00  0.000000000000000E+00  0.000000000000000E+00 0
 535   10680.00   10700.00  0.000000000000000E+00  0.000000000000000E+00 0
 536   10700.00   10720.00  0.000000000000000E+00  0.000000000000000E+00 0
 537   10720.00   10740.00  0.000000000000000E+00  0.000000000000000E+00 0
 538   10740.00   10760.00  0.000000000000000E+00  0.000000000000000E+00 0
 539   10760.00   10780.00  0.000000000000000E+00  0.000000000000000E+00 0
 540   10780.00   10800.00  0.000000000000000E+00  0.000000000000000E+00 0
 541   10800.00   10820.00  0.000000000000000E+00  0.000000000000000E+00 0
 542   10820.00   10840.00  0.000000000000000E+00  0.000000000000000E+00 0
 543   10840.00   10860.00  0.000000000000000E+00  0.000000000000000E+00 0
 544   10860.00   10880.00  0.000000000000000E+00  0.000000000000000E+00 0
 545   10880.00   10900.00  0.000000000000000E+00  0.000000000000000E+00 0
 546   10900.00   10920.00  0.000000000000000E+00  0.000000000000000E+00 0
 547   10920.00   10940.00  0.000000000000000E+00  0.000000000000000E+00 0
 548   10940.00   10960.00  0.000000000000000E+00  0.000000000000000E+00 0
 549   10960.00   10980.00  0.000000000000000E+00  0.000000000000000E+00 0
 550   10980.00   11000.00  0.000000000000000E+00  0.000000000000000E+00 0
 551   11000.00   11020.00  0.000000000000000E+00  0.000000000000000E+00 0
 552   11020.00   11040.00  0.000000000000000E+00  0.000000000000000E+00 0
 553   11040.00   11060.00  0.000000000000000E+00  0.000000000000000E+00 0
 554   11060.00   11080.00  0.000000000000000E+00  0.000000000000000E+00 0
 555   11080.00   11100.00  0.000000000000000E+00  0.000000000000000E+00 0
 556   11100.00   11120.00  0.000000000000000E+00  0.000000000000000E+00 0
 557   11120.00   11140.00  0.000000000000000E+00  0.000000000000000E+00 0
 558   11140.00   11160.00  0.000000000000000E+00  0.000000000000000E+00 0
 559   11160.00   11180.00  0.000000000000000E+00  0.000000000000000E+00 0
 560   11180.00   11200.00  0.000000000000000E+00  0.000000000000000E+00 0
 561   11200.00   11220.00  0.000000000000000E+00  0.000000000000000E+00 0
 562   11220.00   11240.00  0.000000000000000E+00  0.000000000000000E+00 0
 563   11240.00   11260.00  0.000000000000000E+00  0.000000000000000E+00 0
 564   11260.00   11280.00  0.000000000000000E+00  0.000000000000000E+00 0
 565   11280.00   11300.00  0.000000000000000E+00  0.000000000000000E+00 0
 566   11300.00   11320.00  0.000000000000000E+00  0.000000000000000E+00 0
 567   11320.00   11340.00  0.000000000000000E+00  0.000000000000000E+00 0
 568   11340.00   11360.00  0.000000000000000E+00  0.000000000000000E+00 0
 569   11360.00   11380.00  0.000000000000000E+00  0.000000000000000E+00 0
 570   11380.00   11400.00  0.000000000000000E+00  0.000000000000000E+00 0
 571   11400.00   11420.00  0.000000000000000E+00  0.000000000000000E+00 0
 572   11420.00   11440.00  0.000000000000000E+00  0.000000000000000E+00 0
 573   11440.00   11460.00  0.000000000000000E+00  0.000000000000000E+00 0
 574   11460.00   11480.00  0.000000000000000E+00  0.000000000000000E+00 0
 575   11480.00   11500.00  0.000000000000000E+00  0.000000000000000E+00 0
 576   11500.00   11520.00  0.000000000000000E+00  0.000000000000000E+00 0
 577   11520.00   11540.00  0.000000000000000E+00  0.000000000000000E+00 0
 578   11540.00   11560.00  0.000000000000000E+00  0.000000000000000E+00 0
 579   11560.00   11580.00  0.000000000000000E+00  0.000000000000000E+00 0
 580   11580.00   11600.00  0.000000000000000E+00  0.000000000000000E+00 0
 581   11600.00   11620.00  0.000000000000000E+00  0.000000000000000E+00 0
 582   11620.00   11640.00  0.000000000000000E+00  0.000000000000000E+00 0
 583   11640.00   11660.00  0.000000000000000E+00  0.000000000000000E+00 0
 584   11660.00   11680.00  0.000000000000000E+00  0.000000000000000E+00 0
 585   11680.00   11700.00  0.000000000000000E+00  0.000000000000000E+00 0
 586   11700.00   11720.00  0.000000000000000E+00  0.000000000000000E+00 0
 587   11720.00   11740.00  0.000000000000000E+00  0.000000000000000E+00 0
 588   11740.00   11760.00  0.000000000000000E+00  0.000000000000000E+00 0
 589   11760.00   11780.00  0.000000000000000E+00  0.000000000000000E+00 0
 590   11780.00   11800.00  0.000000000000000E+00  0.000000000000000E+00 0
 591   11800.00   11820.00  0.000000000000000E+00  0.000000000000000E+00 0
 592   11820.00   11840.00  0.000000000000000E+00  0.000000000000000E+00 0
 593   11840.00   11860.00  0.000000000000000E+00  0.000000000000000E+00 0
 594   11860.00   11880.00  0.000000000000000E+00  0.000000000000000E+00 0
 595   11880.00   11900.00  0.000000000000000E+00  0.000000000000000E+00 0
 596   11900.00   11920.00  0.000000000000000E+00  0.000000000000000E+00 0
 597   11920.00   11940.00  0.000000000000000E+00  0.000000000000000E+00 0
 598   11940.00   11960.00  0.000000000000000E+00  0.000000000000000E+00 0
 599   11960.00   11980.00  0.000000000000000E+00  0.000000000000000E+00 0
 600   11980.00   12000.00  0.000000000000000E+00  0.000000000000000E+00 0
 601   12000.00   12020.00  0.000000000000000E+00  0.000000000000000E+00 0
 602   12020.00   12040.00  0.000000000000000E+00  0.000000000000000E+00 0
 603   12040.00   12060.00  0.000000000000000E+00  0.000000000000000E+00 0
 604   12060.00   12080.00  0.000000000000000E+00  0.000000000000000E+00 0
 605   12080.00   12100.00  0.000000000000000E+00  0.000000000000000E+00 0
 606   12100.00   12120.00  0.000000000000000E+00  0.000000000000000E+00 0
 607   12120.00   12140.00  0.000000000000000E+00  0.000000000000000E+00 0
 608   12140.00   12160.00  0.000000000000000E+00  0.000000000000000E+00 0
 609   12160.00   12180.00  0.000000000000000E+00  0.000000000000000E+00 0
 610   12180.00   12200.00  0.000000000000000E+00  0.000000000000000E+00 0
 611   12200.00   12220.00  0.000000000000000E+00  0.000000000000000E+00 0
 612   12220.00   12240.00  0.000000000000000E+00  0.000000000000000E+00 0
 613   12240.00   12260.00  0.000000000000000E+00  0.000000000000000E+00 0
 614   12260.00   12280.00  0.000000000000000E+00  0.000000000000000E+00 0
 615   12280.00   12300.00  0.000000000000000E+00  0.000000000000000E+00 0
 616   12300.00   12320.00  0.000000000000000E+00  0.000000000000000E+00 0
 617   12320.00   12340.00  0.000000000000000E+00  0.000000000000000E+00 0
 618   12340.00   12360.00  0.000000000000000E+00  0.000000000000000E+00 0
 619   12360.00   12380.00  0.000000000000000E+00  0.000000000000000E+00 0
 620   12380.00   12400.00  0.000000000000000E+00  0.000000000000000E+00 0
 621   12400.00   12420.00  0.000000000000000E+00  0.000000000000000E+00 0
 622   12420.00   12440.00  0.000000000000000E+00  0.000000000000000E+00 0
 623   12440.00   12460.00  0.000000000000000E+00  0.000000000000000E+00 0
 624   12460.00   12480.00  0.000000000000000E+00  0.000000000000000E+00 0
 625   12480.00   12500.00  0.000000000000000E+00  0.000000000000000E+00 0
 626   12500.00   12520.00  0.000000000000000E+00  0.000000000000000E+00 0
 627   12520.00   12540.00  0.000000000000000E+00  0.000000000000000E+00 0
 628   12540.00   12560.00  0.000000000000000E+00  0.000000000000000E+00 0
 629   12560.00   12580.00  0.000000000000000E+00  0.000000000000000E+00 0
 630   12580.00   12600.00  0.000000000000000E+00  0.000000000000000E+00 0
 631   12600.00   12620.00  0.000000000000000E+00  0.000000000000000E+00 0
 632   12620.00   12640.00  0.000000000000000E+00  0.000000000000000E+00 0
 633   12640.00   12660.00  0.000000000000000E+00  0.000000000000000E+00 0
 634   12660.00   12680.00  0.000000000000000E+00  0.000000000000000E+00 0
 635   12680.00   12700.00  0.000000000000000E+00  0.000000000000000E+00 0
 636   12700.00   12720.00  0.000000000000000E+00  0.000000000000000E+00 0
 637   12720.00   12740.00  0.000000000000000E+00  0.000000000000000E+00 0
 638   12740.00   12760.00  0.000000000000000E+00  0.000000000000000E+00 0
 639   12760.00   12780.00  0.000000000000000E+00  0.000000000000000E+00 0
 640   12780.00   12800.00  0.000000000000000E+00  0.000000000000000E+00 0
 641   12800.00   12820.00  0.000000000000000E+00  0.000000000000000E+00 0
 642   12820.00   12840.00  0.000000000000000E+00  0.000000000000000E+00 0
 643   12840.00   12860.00  0.000000000000000E+00  0.000000000000000E+00 0
 644   12860.00   12880.00  0.000000000000000E+00  0.000000000000000E+00 0
 645   12880.00   12900.00  0.000000000000000E+00  0.000000000000000E+00 0
 646   12900.00   12920.00  0.000000000000000E+00  0.000000000000000E+00 0
 647   12920.00   12940.00  0.000000000000000E+00  0.000000000000000E+00 0
 648   12940.00   12960.00  0.000000000000000E+00  0.000000000000000E+00 0
 649   12960.00   12980.00  0.000000000000000E+00  0.000000000000000E+00 0
 650   12980.00   13000.00  0.000000000000000E+00  0.000000000000000E+00 0
# Underflow:                 0.0000000000000000E+00  0.0000000000000000E+00 0
# Overflow:                  0.0000000000000000E+00  0.0000000000000000E+00 0
#-------------------------------------------------------------------------------------
# Sum:                       9.8682013104435147E-03  1.1733881574313062E-06 817479000
#=====================================================================================
