# title = Invariant Mass j-j-positron System
# xlabel = $M_{\text{j}_1\text{j}_2\text{e}^+}\,$[GeV]
# ylabel = $\frac{\text{d}\sigma}{\text{d}M_{\text{j}_1\text{j}_2\text{e}^+}}\,\left[\frac{\text{fb}}{\text{GeV}}\right]$
# xmin=  0.000E+00
# xmax=  1.600E+03
# ymin=  1.000E-06
# ymax=  1.000E-02
# kmin= -2.000E+01
# kmax=  1.000E+01
# logscale = true
# Renormalization and factorization scale scaled by: 1.0000000000
# Renormalization scaled by: .0000000000
# Number of generated events: 9164734443
#
#=====================================================================================
# No.       Left      Right                   Value                   Error Hits
#-------------------------------------------------------------------------------------
   1       0.00      40.00  0.000000000000000E+00  0.000000000000000E+00 0
   2      40.00      80.00  0.000000000000000E+00  0.000000000000000E+00 0
   3      80.00     120.00  0.000000000000000E+00  0.000000000000000E+00 0
   4     120.00     160.00  0.000000000000000E+00  0.000000000000000E+00 0
   5     160.00     200.00  0.000000000000000E+00  0.000000000000000E+00 0
   6     200.00     240.00  0.000000000000000E+00  0.000000000000000E+00 0
   7     240.00     280.00  0.000000000000000E+00  0.000000000000000E+00 0
   8     280.00     320.00  0.000000000000000E+00  0.000000000000000E+00 0
   9     320.00     360.00  0.000000000000000E+00  0.000000000000000E+00 0
  10     360.00     400.00  0.000000000000000E+00  0.000000000000000E+00 0
  11     400.00     440.00  0.000000000000000E+00  0.000000000000000E+00 0
  12     440.00     480.00  0.000000000000000E+00  0.000000000000000E+00 0
  13     480.00     520.00  7.475779584440062E-08  4.145521584117664E-09 140259
  14     520.00     560.00  5.633016848680639E-05  1.242781648995141E-07 95130176
  15     560.00     600.00  1.726789094235133E-04  2.346275900168893E-07 250794744
  16     600.00     640.00  2.489222326075943E-04  3.105968729429721E-07 322334518
  17     640.00     680.00  2.953974507450524E-04  3.799331486180412E-07 359618012
  18     680.00     720.00  3.245996464770321E-04  4.157169614099368E-07 379828572
  19     720.00     760.00  3.419130333464053E-04  4.777974286060219E-07 390304181
  20     760.00     800.00  3.500835279960887E-04  5.229778799594589E-07 394696175
  21     800.00     840.00  3.538092134058036E-04  6.028290000843894E-07 395083325
  22     840.00     880.00  3.544680731287554E-04  5.969069290683486E-07 392772116
  23     880.00     920.00  3.517868280032934E-04  6.075438236028034E-07 388594010
  24     920.00     960.00  3.445526411160794E-04  7.610398432721328E-07 383090975
  25     960.00    1000.00  3.383110188981548E-04  7.254275486089390E-07 376700973
  26    1000.00    1040.00  3.291814512306044E-04  7.992801219858155E-07 369703736
  27    1040.00    1080.00  3.230885715536646E-04  7.043541790694164E-07 362276240
  28    1080.00    1120.00  3.111081765707557E-04  8.035452239451850E-07 354575494
  29    1120.00    1160.00  3.022776023617566E-04  8.258125447424112E-07 346695259
  30    1160.00    1200.00  2.906957255648842E-04  8.424342740046187E-07 338767662
  31    1200.00    1240.00  2.798891097452092E-04  8.545854337763983E-07 330813970
  32    1240.00    1280.00  2.693211267473052E-04  8.789000703275627E-07 322913791
  33    1280.00    1320.00  2.592283583855514E-04  1.017030469783167E-06 315084584
  34    1320.00    1360.00  2.475676627749411E-04  9.616537056785953E-07 307369633
  35    1360.00    1400.00  2.378187077081197E-04  8.557443287275847E-07 299780510
  36    1400.00    1440.00  2.279749991454691E-04  1.051233470168335E-06 292332148
  37    1440.00    1480.00  2.179869654078243E-04  1.031970237605060E-06 285047097
  38    1480.00    1520.00  2.072161478856231E-04  9.617002558027302E-07 277893223
  39    1520.00    1560.00  1.987936107348528E-04  9.863146009889463E-07 270986850
  40    1560.00    1600.00  1.893293638529791E-04  1.120158753187871E-06 264149188
  41    1600.00    1640.00  1.815828574698845E-04  1.046050297526385E-06 257527598
  42    1640.00    1680.00  1.739126094280881E-04  9.522654788624057E-07 251109681
  43    1680.00    1720.00  1.652235069847948E-04  1.071682630875176E-06 244857573
  44    1720.00    1760.00  1.571458075455144E-04  1.287219330262301E-06 238767538
  45    1760.00    1800.00  1.489467590589290E-04  1.244864768608017E-06 232806930
  46    1800.00    1840.00  1.421301340471133E-04  1.060841823752116E-06 227059654
  47    1840.00    1880.00  1.376944012587762E-04  8.422226366963475E-07 221476134
  48    1880.00    1920.00  1.299268065230319E-04  9.874953577282241E-07 216030183
  49    1920.00    1960.00  1.216230472971743E-04  1.156699166979088E-06 210778572
  50    1960.00    2000.00  1.176217284655013E-04  8.281645544192750E-07 205626224
  51    2000.00    2040.00  1.114271916852697E-04  8.594276827653608E-07 200608003
  52    2040.00    2080.00  1.051562766261178E-04  1.072401301995514E-06 195769293
  53    2080.00    2120.00  1.016724543792598E-04  7.560441038361304E-07 191091383
  54    2120.00    2160.00  9.533534635838835E-05  9.119518057696491E-07 186525146
  55    2160.00    2200.00  8.927120057192423E-05  1.080572644029171E-06 182103222
  56    2200.00    2240.00  8.871526708663209E-05  6.924964128338125E-07 177767697
  57    2240.00    2280.00  8.196124250612603E-05  8.857740786327805E-07 173595309
  58    2280.00    2320.00  7.846701677894709E-05  8.000344805828458E-07 169517633
  59    2320.00    2360.00  7.524269768756355E-05  8.374539813918574E-07 165552654
  60    2360.00    2400.00  7.042403693215525E-05  8.454007777460730E-07 161680267
  61    2400.00    2440.00  6.699633517340380E-05  8.231614778691593E-07 157946071
  62    2440.00    2480.00  6.303575145123377E-05  8.225267475758121E-07 154317508
  63    2480.00    2520.00  6.052322880074256E-05  7.210214624071810E-07 150789517
  64    2520.00    2560.00  5.675367086741388E-05  6.768816891838325E-07 147350606
  65    2560.00    2600.00  5.432947534691357E-05  7.326257459020785E-07 144017642
  66    2600.00    2640.00  5.040110941581969E-05  9.312947167022269E-07 140756054
  67    2640.00    2680.00  4.881603736278077E-05  7.873987531988083E-07 137603951
  68    2680.00    2720.00  4.559489365380917E-05  7.571696688323212E-07 134511641
  69    2720.00    2760.00  4.457141346793685E-05  5.227089184492130E-07 131514327
  70    2760.00    2800.00  4.132621487965346E-05  7.780659896447361E-07 128593320
  71    2800.00    2840.00  3.943208749339082E-05  5.752919065976797E-07 125765642
  72    2840.00    2880.00  3.590733083311941E-05  9.844482266414353E-07 122977583
  73    2880.00    2920.00  3.453358044884069E-05  6.737353818165393E-07 120307759
  74    2920.00    2960.00  3.372027410135229E-05  4.805387209520828E-07 117690140
  75    2960.00    3000.00  3.204872305069565E-05  4.923860456814680E-07 115142277
  76    3000.00    3040.00  2.970000236296601E-05  5.399976310579019E-07 112657221
  77    3040.00    3080.00  2.896658901333564E-05  5.156871057644155E-07 110195848
  78    3080.00    3120.00  2.617241525476272E-05  5.502101098875056E-07 107847111
  79    3120.00    3160.00  2.517711774380775E-05  6.694470735218987E-07 105548788
  80    3160.00    3200.00  2.488477107656741E-05  3.424771034126056E-07 103305120
  81    3200.00    3240.00  2.381276932544200E-05  5.667015130841998E-07 101107427
  82    3240.00    3280.00  2.139957268217644E-05  5.411176337303036E-07 98962388
  83    3280.00    3320.00  2.002988549025496E-05  8.349943868987948E-07 96891502
  84    3320.00    3360.00  1.830239770987556E-05  6.458318646881162E-07 94851334
  85    3360.00    3400.00  1.800425674432328E-05  4.715412969830674E-07 92886223
  86    3400.00    3440.00  1.717642431848574E-05  4.796743668665786E-07 90939673
  87    3440.00    3480.00  1.687613881297124E-05  3.134301139559392E-07 89036354
  88    3480.00    3520.00  1.589888444762563E-05  3.105685104332827E-07 87203975
  89    3520.00    3560.00  1.386486696268048E-05  5.895848751495284E-07 85411204
  90    3560.00    3600.00  1.418315470963432E-05  3.064485927041465E-07 83645503
  91    3600.00    3640.00  1.332239492439366E-05  3.121115587214029E-07 81939401
  92    3640.00    3680.00  1.213082354803655E-05  5.570656789314777E-07 80259719
  93    3680.00    3720.00  1.146269731331283E-05  3.146334424295157E-07 78609193
  94    3720.00    3760.00  1.136064085715044E-05  2.722577652397764E-07 77014197
  95    3760.00    3800.00  1.052444119049722E-05  2.540088515334665E-07 75451600
  96    3800.00    3840.00  9.716804333146795E-06  3.295407694433776E-07 73922244
  97    3840.00    3880.00  9.194446631334666E-06  3.003406873223675E-07 72440175
  98    3880.00    3920.00  9.394562408463925E-06  1.846008133850299E-07 70981537
  99    3920.00    3960.00  8.252806830909107E-06  2.559021276010662E-07 69552099
 100    3960.00    4000.00  7.766077038643582E-06  2.210681951438201E-07 68158120
 101    4000.00    4040.00  7.685494773821850E-06  1.970269960782910E-07 66801490
 102    4040.00    4080.00  7.536200356987036E-06  1.316567322042433E-07 65466856
 103    4080.00    4120.00  6.204828731122961E-06  3.048167843974206E-07 64170657
 104    4120.00    4160.00  6.440698965177224E-06  1.838883855362608E-07 62898141
 105    4160.00    4200.00  5.707329395427020E-06  2.476132408890118E-07 61646611
 106    4200.00    4240.00  5.689726109380104E-06  1.426829709399976E-07 60425646
 107    4240.00    4280.00  5.279049056107527E-06  1.630883105703468E-07 59232619
 108    4280.00    4320.00  5.199642685558065E-06  1.069620438285024E-07 58058277
 109    4320.00    4360.00  4.598764716279937E-06  2.225680214684782E-07 56918457
 110    4360.00    4400.00  4.239242619617361E-06  2.132890200546888E-07 55812434
 111    4400.00    4440.00  3.758292459185473E-06  3.538008795107129E-07 54703955
 112    4440.00    4480.00  4.117622611794569E-06  1.412206806614737E-07 53646816
 113    4480.00    4520.00  3.899788858325101E-06  9.733072362062753E-08 52584171
 114    4520.00    4560.00  3.730456384020419E-06  9.714638795001620E-08 51563833
 115    4560.00    4600.00  3.439174788221835E-06  1.446590228911460E-07 50564288
 116    4600.00    4640.00  3.438373095582440E-06  6.652721466554284E-08 49566549
 117    4640.00    4680.00  3.035472374897574E-06  9.386670238842024E-08 48592318
 118    4680.00    4720.00  2.617049231215034E-06  9.739432346260605E-08 47656663
 119    4720.00    4760.00  2.738145693719843E-06  8.186170571219938E-08 46725279
 120    4760.00    4800.00  2.482986111448997E-06  1.312406495701594E-07 45816546
 121    4800.00    4840.00  2.429272817135950E-06  7.340275593575873E-08 44939822
 122    4840.00    4880.00  1.886483947172109E-06  2.697470778014755E-07 44066109
 123    4880.00    4920.00  1.995673539025326E-06  1.354604384491872E-07 43222438
 124    4920.00    4960.00  1.987288547871639E-06  7.249944924766770E-08 42380697
 125    4960.00    5000.00  1.714397145573511E-06  1.164157869530774E-07 41559999
 126    5000.00    5040.00  1.769091018522265E-06  1.220516845420932E-07 40765306
 127    5040.00    5080.00  1.697896714741974E-06  5.530989669848943E-08 39971936
 128    5080.00    5120.00  1.595362158038650E-06  5.919190161430201E-08 39193423
 129    5120.00    5160.00  1.349359845958661E-06  8.116487732247160E-08 38443161
 130    5160.00    5200.00  1.379759464344106E-06  5.422120289763870E-08 37709252
 131    5200.00    5240.00  1.301698081201679E-06  7.022436809314285E-08 36974353
 132    5240.00    5280.00  1.153282834668682E-06  6.968851134741563E-08 36255230
 133    5280.00    5320.00  1.214479663552028E-06  3.488698575797246E-08 35560654
 134    5320.00    5360.00  1.019688612406130E-06  6.158516323450475E-08 34870398
 135    5360.00    5400.00  9.485313789746813E-07  6.591100822794548E-08 34192992
 136    5400.00    5440.00  9.066233985106428E-07  4.663478477993071E-08 33526082
 137    5440.00    5480.00  8.248124142305850E-07  5.198768443489799E-08 32885829
 138    5480.00    5520.00  8.791096247950008E-07  3.127617238965047E-08 32246139
 139    5520.00    5560.00  7.659428218265179E-07  3.613304569470804E-08 31637570
 140    5560.00    5600.00  6.973264421085709E-07  3.761122120698308E-08 31019990
 141    5600.00    5640.00  6.873657808835785E-07  2.481711266528352E-08 30431600
 142    5640.00    5680.00  6.340583816636089E-07  3.682087409517123E-08 29833392
 143    5680.00    5720.00  6.123205709421391E-07  2.687852888614877E-08 29252362
 144    5720.00    5760.00  4.879853703437092E-07  6.587628963710558E-08 28685395
 145    5760.00    5800.00  5.771263145913012E-07  1.890518430806241E-08 28137769
 146    5800.00    5840.00  5.629343640845792E-07  1.573176319699579E-08 27587207
 147    5840.00    5880.00  3.929007600846194E-07  4.590022794420613E-08 27051339
 148    5880.00    5920.00  3.890014440135452E-07  3.632743585361785E-08 26530707
 149    5920.00    5960.00  4.164543608566902E-07  2.144474703641996E-08 26020329
 150    5960.00    6000.00  3.701831691775195E-07  2.442830233363167E-08 25506617
 151    6000.00    6040.00  3.414133587937869E-07  2.200462776822007E-08 25006021
 152    6040.00    6080.00  3.326113447490949E-07  1.659910956624006E-08 24514131
 153    6080.00    6120.00  3.195538790952400E-07  2.055600700270125E-08 24047696
 154    6120.00    6160.00  2.919935841554902E-07  1.462226704531366E-08 23569192
 155    6160.00    6200.00  2.677360657835689E-07  2.729211118772841E-08 23101498
 156    6200.00    6240.00  2.593472932267579E-07  1.574454201018963E-08 22650888
 157    6240.00    6280.00  2.263613042625771E-07  3.344140618707067E-08 22203880
 158    6280.00    6320.00  2.158047758407864E-07  2.298457617985123E-08 21776930
 159    6320.00    6360.00  2.078189965323926E-07  1.742598156332251E-08 21338766
 160    6360.00    6400.00  2.028566466740509E-07  9.434674784570516E-09 20931568
 161    6400.00    6440.00  1.946234015091201E-07  1.332817596203091E-08 20502467
 162    6440.00    6480.00  1.780777339902118E-07  1.095119801895016E-08 20110643
 163    6480.00    6520.00  1.612035449605751E-07  1.745233078972564E-08 19707620
 164    6520.00    6560.00  1.521892482913425E-07  8.251862930902086E-09 19317925
 165    6560.00    6600.00  1.321829907426166E-07  1.712789165747966E-08 18925832
 166    6600.00    6640.00  1.292891586635888E-07  7.313395848636757E-09 18555673
 167    6640.00    6680.00  1.119550987933570E-07  1.063017722079030E-08 18185138
 168    6680.00    6720.00  1.078089770877719E-07  9.125556356668836E-09 17821174
 169    6720.00    6760.00  1.202669616386425E-07  4.288372644471665E-09 17460568
 170    6760.00    6800.00  9.709624749768982E-08  5.681298387947871E-09 17113344
 171    6800.00    6840.00  9.563794688383832E-08  8.070197200407048E-09 16775268
 172    6840.00    6880.00  8.290357979267390E-08  7.217588448249054E-09 16426190
 173    6880.00    6920.00  8.672463886836758E-08  4.244156134343616E-09 16092083
 174    6920.00    6960.00  8.007147280565971E-08  4.231099757899103E-09 15764443
 175    6960.00    7000.00  6.448310606039053E-08  5.993488319778711E-09 15444554
 176    7000.00    7040.00  5.927705429250826E-08  9.729001309709887E-09 15131372
 177    7040.00    7080.00  5.226047337643229E-08  1.152772514402669E-08 14817738
 178    7080.00    7120.00  5.261996826121123E-08  5.677551761490843E-09 14514188
 179    7120.00    7160.00  4.373543135868978E-08  7.690712387732892E-09 14212424
 180    7160.00    7200.00  5.510653443744134E-08  2.917468172717032E-09 13916595
 181    7200.00    7240.00  2.257815968275793E-09  4.346886216544938E-08 13634877
 182    7240.00    7280.00  4.766484713013786E-08  2.967723741553396E-09 13351344
 183    7280.00    7320.00  3.505525241983878E-08  6.004664608908620E-09 13070058
 184    7320.00    7360.00  2.872407889168872E-08  6.719167160962072E-09 12800273
 185    7360.00    7400.00  4.072808313014573E-08  3.552788131601863E-09 12529119
 186    7400.00    7440.00  3.590614682059505E-08  2.146603658764363E-09 12264039
 187    7440.00    7480.00  3.220606909686985E-08  3.083833544293070E-09 12003992
 188    7480.00    7520.00  2.741560116085374E-08  2.388877623682062E-09 11750017
 189    7520.00    7560.00  2.515576448386062E-08  2.761381389101612E-09 11491667
 190    7560.00    7600.00  2.722444464911312E-08  1.680965363662828E-09 11252550
 191    7600.00    7640.00  2.305194094948820E-08  2.551308608348090E-09 11008382
 192    7640.00    7680.00  2.223638070353813E-08  1.537716791941781E-09 10772048
 193    7680.00    7720.00  2.344561011230661E-08  9.611618077482955E-10 10540187
 194    7720.00    7760.00  2.155474706757312E-08  1.281050508403655E-09 10318413
 195    7760.00    7800.00  1.714719811910714E-08  1.831002199196938E-09 10079611
 196    7800.00    7840.00  1.691535529131863E-08  1.065617003005968E-09 9864478
 197    7840.00    7880.00  1.501328613651351E-08  1.149709139927075E-09 9645290
 198    7880.00    7920.00  1.572192433865174E-08  7.296968216060231E-10 9432127
 199    7920.00    7960.00  1.387974553188479E-08  9.077973370338093E-10 9223492
 200    7960.00    8000.00  1.231422353438959E-08  8.819589182845900E-10 9015452
 201    8000.00    8040.00  1.156073801813648E-08  8.521147659836346E-10 8815800
 202    8040.00    8080.00  1.028228820587831E-08  9.072834552295588E-10 8618105
 203    8080.00    8120.00  8.056459145794617E-09  3.035522581438278E-09 8423735
 204    8120.00    8160.00  9.110903336130096E-09  7.812127388601735E-10 8223762
 205    8160.00    8200.00  8.857470750630204E-09  1.360368862960891E-09 8038973
 206    8200.00    8240.00  9.342237990553427E-09  3.847732760785479E-10 7855388
 207    8240.00    8280.00  7.266858762376950E-09  7.018709914649628E-10 7674133
 208    8280.00    8320.00  5.994571526475476E-09  9.119494149819163E-10 7498232
 209    8320.00    8360.00  6.403569205280818E-09  7.786263754840599E-10 7321603
 210    8360.00    8400.00  5.108050668124253E-09  9.323649152628176E-10 7153383
 211    8400.00    8440.00  5.694775029146774E-09  6.742236780047767E-10 6972880
 212    8440.00    8480.00  5.025652914410420E-09  4.002023803833845E-10 6812582
 213    8480.00    8520.00  4.537374318592830E-09  4.535291635138145E-10 6647549
 214    8520.00    8560.00  1.341665201836983E-09  2.747992745460083E-09 6488716
 215    8560.00    8600.00  4.067945912917423E-09  3.399808250989508E-10 6331866
 216    8600.00    8640.00  3.820995964032103E-09  3.134248906898927E-10 6173240
 217    8640.00    8680.00  3.671550770825624E-09  2.954329403514040E-10 6022884
 218    8680.00    8720.00  2.765073147883122E-09  4.139183276816087E-10 5875289
 219    8720.00    8760.00  2.692146263672344E-09  4.746963489480955E-10 5729127
 220    8760.00    8800.00  2.011848374223828E-09  5.835200059186197E-10 5589773
 221    8800.00    8840.00  5.222723190496522E-10  2.067704551871166E-09 5446242
 222    8840.00    8880.00  2.250405966335115E-09  2.089666698322037E-10 5303890
 223    8880.00    8920.00  2.227399041958749E-09  1.539504919160463E-10 5168215
 224    8920.00    8960.00  2.027138409802334E-09  3.479946861047459E-10 5031832
 225    8960.00    9000.00  1.617836193275755E-09  2.963830882797738E-10 4903162
 226    9000.00    9040.00 -1.435646643746957E-10  1.674840408601828E-09 4772514
 227    9040.00    9080.00 -4.476170477527563E-10  2.023255123634909E-09 4650340
 228    9080.00    9120.00  1.024460868705023E-09  4.092071638312354E-10 4523636
 229    9120.00    9160.00  6.125267281669273E-10  8.159708598714616E-10 4400593
 230    9160.00    9200.00  1.167450706189518E-09  1.243233763849392E-10 4282029
 231    9200.00    9240.00  1.207019119084409E-09  9.156561366476054E-11 4167558
 232    9240.00    9280.00  1.202966210999309E-09  9.281340712514468E-11 4048419
 233    9280.00    9320.00  9.703741057809218E-10  8.851524091840696E-11 3940494
 234    9320.00    9360.00  8.180463859265608E-10  1.225977029327912E-10 3825377
 235    9360.00    9400.00  6.126013081387268E-10  1.470134145724266E-10 3720603
 236    9400.00    9440.00  7.105771066931526E-10  6.497728934122023E-11 3609522
 237    9440.00    9480.00  7.033859037573128E-10  5.159421027206500E-11 3510584
 238    9480.00    9520.00  4.485872661244378E-10  1.312787331503857E-10 3408090
 239    9520.00    9560.00  5.725847164065542E-10  6.690756286757764E-11 3307022
 240    9560.00    9600.00  4.811292998878591E-10  6.566431898258431E-11 3210620
 241    9600.00    9640.00  3.658343771141493E-10  1.349511071756316E-10 3114221
 242    9640.00    9680.00  4.533607295511520E-10  3.377349972553093E-11 3022107
 243    9680.00    9720.00  2.901421688789328E-10  7.836338863847973E-11 2928949
 244    9720.00    9760.00  2.825443306025086E-10  7.972918725078700E-11 2838686
 245    9760.00    9800.00  3.044533051262468E-10  4.242925010711641E-11 2746878
 246    9800.00    9840.00  3.259793512715688E-10  2.876107861825214E-11 2661191
 247    9840.00    9880.00  3.168077089799008E-10  2.339140504285086E-11 2576225
 248    9880.00    9920.00  1.883901163777337E-10  8.198709773401122E-11 2494500
 249    9920.00    9960.00  2.222284763379811E-10  2.407587863248921E-11 2411325
 250    9960.00   10000.00  2.586194121573371E-10  1.295443539652729E-11 2333777
 251   10000.00   10040.00  2.038917113988171E-10  2.273263210940089E-11 2257584
 252   10040.00   10080.00  1.225032126062366E-10  4.652593622433103E-11 2179652
 253   10080.00   10120.00  1.265957490092451E-10  2.566261181039552E-11 2106371
 254   10120.00   10160.00  1.532369121656618E-10  1.390252066067417E-11 2031215
 255   10160.00   10200.00  8.158180097278981E-11  4.600735215199703E-11 1959476
 256   10200.00   10240.00  1.222905860882592E-10  1.064079897259708E-11 1891586
 257   10240.00   10280.00  1.184096629681306E-10  6.376102993126001E-12 1821256
 258   10280.00   10320.00  8.604646266250701E-11  1.651501863958307E-11 1753335
 259   10320.00   10360.00  6.454939801353951E-11  1.773141566117931E-11 1690162
 260   10360.00   10400.00  6.751212176132030E-11  1.168071442079760E-11 1628336
 261   10400.00   10440.00  8.069711013671866E-11  5.221711995922016E-12 1564958
 262   10440.00   10480.00  4.650063936490209E-11  9.826226303343315E-12 1504733
 263   10480.00   10520.00  5.511481568705696E-11  5.672052675404957E-12 1445656
 264   10520.00   10560.00  5.706442679250842E-11  3.183006686162752E-12 1386322
 265   10560.00   10600.00  4.070506001856521E-11  8.530437928871753E-12 1329949
 266   10600.00   10640.00  4.187297397499902E-11  4.003334702449405E-12 1276557
 267   10640.00   10680.00  3.308778426037800E-11  4.253383771780380E-12 1222551
 268   10680.00   10720.00  2.851039360463509E-11  5.733240007412242E-12 1170910
 269   10720.00   10760.00  1.378482489218234E-11  1.069300883286732E-11 1119871
 270   10760.00   10800.00  6.337246559835636E-12  8.840388113646863E-12 1070519
 271   10800.00   10840.00  1.411355531873340E-11  4.582427378644853E-12 1024214
 272   10840.00   10880.00  2.101119703731470E-11  1.247800432117383E-12 976276
 273   10880.00   10920.00  1.034088818058770E-11  7.339925930904931E-12 930254
 274   10920.00   10960.00  1.009848031334324E-11  2.443189678746013E-12 886939
 275   10960.00   11000.00  9.305051280804179E-12  2.634514127108570E-12 844074
 276   11000.00   11040.00  5.831340931447807E-12  3.734035362028706E-12 801794
 277   11040.00   11080.00  7.204635092089149E-12  2.818970504392412E-12 761227
 278   11080.00   11120.00  7.032391458376541E-12  1.037299077098949E-12 723990
 279   11120.00   11160.00  3.322356341054815E-12  2.104700844446672E-12 685261
 280   11160.00   11200.00  5.290504902634183E-12  6.544901098855315E-13 649274
 281   11200.00   11240.00  4.064676762267675E-12  5.245196674696343E-13 612774
 282   11240.00   11280.00  4.223811506793089E-12  3.472799895341343E-13 579172
 283   11280.00   11320.00  1.246765380911495E-12  1.171218598054450E-12 546149
 284   11320.00   11360.00 -3.883533159318016E-14  1.462515256263253E-12 513768
 285   11360.00   11400.00  2.077167078945055E-12  2.626568969625212E-13 482312
 286   11400.00   11440.00  1.916751374862346E-12  2.067283124657124E-13 453091
 287   11440.00   11480.00  1.034726980637398E-12  2.799781795379157E-13 423863
 288   11480.00   11520.00  6.012122067977939E-13  3.540378276562319E-13 397338
 289   11520.00   11560.00  5.168355477564093E-13  3.385013296296480E-13 369826
 290   11560.00   11600.00  7.119248672169621E-13  1.164382357370302E-13 343952
 291   11600.00   11640.00  3.286245176047307E-13  2.244251840625561E-13 320889
 292   11640.00   11680.00  4.275170932173903E-13  1.042373982458808E-13 296340
 293   11680.00   11720.00  1.672182296130801E-13  1.101459908931250E-13 274005
 294   11720.00   11760.00  3.405265755929125E-13  2.491863823993895E-14 253306
 295   11760.00   11800.00  2.503627592511942E-13  1.534625712057816E-14 231797
 296   11800.00   11840.00  1.438667539556143E-13  6.188646759220605E-14 213162
 297   11840.00   11880.00  1.069120025783598E-13  3.019535965989442E-14 195641
 298   11880.00   11920.00  9.467603516375625E-14  2.957273352707453E-14 177637
 299   11920.00   11960.00  7.867675193278454E-14  2.174837654465577E-14 160105
 300   11960.00   12000.00  5.058592859412620E-14  1.639264345587476E-14 144685
 301   12000.00   12040.00  4.791164251142573E-14  6.490417748889380E-15 129885
 302   12040.00   12080.00  8.353459368984592E-15  1.204032721387356E-14 116723
 303   12080.00   12120.00  8.140920355033979E-15  1.024290217904352E-14 103687
 304   12120.00   12160.00  1.043970553315433E-14  3.749801285061005E-15 91784
 305   12160.00   12200.00  1.198521295701197E-14  9.925215256972398E-16 80586
 306   12200.00   12240.00  4.408165555417341E-15  2.254587634452705E-15 70032
 307   12240.00   12280.00  5.767365092336066E-15  6.450095020987800E-16 60204
 308   12280.00   12320.00  2.588083798238936E-15  1.016136674440275E-15 51689
 309   12320.00   12360.00  8.509270440034404E-16  9.373473629974180E-16 43731
 310   12360.00   12400.00  1.153993147124202E-15  3.666751621527328E-16 36163
 311   12400.00   12440.00  8.639251893340106E-16  1.075023761562279E-16 30053
 312   12440.00   12480.00  3.835053421578549E-16  7.409161939465942E-17 24052
 313   12480.00   12520.00  2.535895104056630E-16  3.193705206904116E-17 19164
 314   12520.00   12560.00  1.184168772931493E-16  3.575659710977486E-17 14822
 315   12560.00   12600.00  7.360499273823057E-17  1.560265257183618E-17 11129
 316   12600.00   12640.00  3.121482059930688E-17  2.478199344345895E-18 8198
 317   12640.00   12680.00  5.166798020594945E-18  7.081387632730365E-18 5495
 318   12680.00   12720.00  5.718881094982030E-18  6.679577369169637E-19 3542
 319   12720.00   12760.00  1.500253025315570E-18  1.942728386418780E-19 2023
 320   12760.00   12800.00 -1.503247056248582E-19  3.898248359597649E-19 928
 321   12800.00   12840.00  4.491449196035911E-20  1.576256783089375E-20 336
 322   12840.00   12880.00  3.408767995776818E-22  6.690604743911249E-22 59
 323   12880.00   12920.00  2.833873185084847E-25  2.833873184940225E-25 1
 324   12920.00   12960.00  0.000000000000000E+00  0.000000000000000E+00 0
 325   12960.00   13000.00  0.000000000000000E+00  0.000000000000000E+00 0
# Underflow:                 0.0000000000000000E+00  0.0000000000000000E+00 0
# Overflow:                  0.0000000000000000E+00  0.0000000000000000E+00 0
#-------------------------------------------------------------------------------------
# Sum:                       9.8678905928618367E-03  1.1789638638178295E-06 811479000
#=====================================================================================
