# title = Invariant Mass Jet Pair
# xlabel = $M_{\text{j}_1\text{j}_2}\,$[GeV]
# ylabel = $\frac{\text{d}\sigma}{\text{d}M_{\text{j}_1\text{j}_2}}\,\left[\frac{\text{fb}}{\text{GeV}}\right]$
# xmin=  0.000E+00
# xmax=  1.600E+03
# ymin=  1.000E-06
# ymax=  1.000E-02
# kmin= -2.000E+01
# kmax=  1.000E+01
# logscale = true
# Renormalization and factorization scale scaled by: 1.0000000000
# Renormalization scaled by: .0000000000
# Number of generated events: 9164734443
#
#=====================================================================================
# No.       Left      Right                   Value                   Error Hits
#-------------------------------------------------------------------------------------
   1       0.00      50.00  0.000000000000000E+00  0.000000000000000E+00 0
   2      50.00     100.00  0.000000000000000E+00  0.000000000000000E+00 0
   3     100.00     150.00  0.000000000000000E+00  0.000000000000000E+00 0
   4     150.00     200.00  0.000000000000000E+00  0.000000000000000E+00 0
   5     200.00     250.00  0.000000000000000E+00  0.000000000000000E+00 0
   6     250.00     300.00  0.000000000000000E+00  0.000000000000000E+00 0
   7     300.00     350.00  0.000000000000000E+00  0.000000000000000E+00 0
   8     350.00     400.00  0.000000000000000E+00  0.000000000000000E+00 0
   9     400.00     450.00  0.000000000000000E+00  0.000000000000000E+00 0
  10     450.00     500.00  0.000000000000000E+00  0.000000000000000E+00 0
  11     500.00     550.00  3.942508233338234E-04  3.727089113980544E-07 631175383
  12     550.00     600.00  4.037490978586236E-04  4.818883377815429E-07 623203822
  13     600.00     650.00  4.075226913580085E-04  4.855683794758360E-07 610793982
  14     650.00     700.00  4.040950665146328E-04  5.934489708909983E-07 595423117
  15     700.00     750.00  3.962417514750000E-04  5.857488381681776E-07 578273079
  16     750.00     800.00  3.867584897796011E-04  6.431491182720706E-07 560030662
  17     800.00     850.00  3.739134130893886E-04  6.478307315044152E-07 541247641
  18     850.00     900.00  3.577850272087618E-04  7.451923001537688E-07 522293023
  19     900.00     950.00  3.415766391354745E-04  7.958742044219358E-07 503490929
  20     950.00    1000.00  3.277351894301262E-04  7.654328059604355E-07 484990436
  21    1000.00    1050.00  3.100038002981647E-04  9.390925662725613E-07 466979329
  22    1050.00    1100.00  2.949324365952180E-04  7.834873918499104E-07 449453562
  23    1100.00    1150.00  2.775841153165186E-04  9.698279071779391E-07 432540040
  24    1150.00    1200.00  2.610088903348240E-04  8.777524397262977E-07 416249412
  25    1200.00    1250.00  2.475052545063551E-04  1.066963411107000E-06 400588437
  26    1250.00    1300.00  2.349973099860560E-04  8.083664374005496E-07 385595920
  27    1300.00    1350.00  2.190865474213870E-04  8.931138176201270E-07 371168831
  28    1350.00    1400.00  2.062773132885253E-04  8.342747878227266E-07 357445284
  29    1400.00    1450.00  1.937705122382128E-04  8.908580874085016E-07 344205100
  30    1450.00    1500.00  1.814358578023822E-04  8.660584605832707E-07 331594642
  31    1500.00    1550.00  1.716735994231199E-04  8.204502541580508E-07 319500196
  32    1550.00    1600.00  1.600480562726148E-04  9.286809249769249E-07 307997881
  33    1600.00    1650.00  1.474193671138447E-04  1.234514957129933E-06 296995986
  34    1650.00    1700.00  1.420587036920625E-04  8.033089341442171E-07 286464675
  35    1700.00    1750.00  1.316475368084131E-04  8.901514038568469E-07 276363457
  36    1750.00    1800.00  1.242695506139678E-04  8.041379118242457E-07 266721163
  37    1800.00    1850.00  1.146585520780240E-04  9.381171853173333E-07 257496987
  38    1850.00    1900.00  1.080201095975913E-04  8.437917454597793E-07 248706734
  39    1900.00    1950.00  1.007996106363530E-04  8.112620425399010E-07 240233055
  40    1950.00    2000.00  9.443025550415181E-05  8.409441167568505E-07 232115521
  41    2000.00    2050.00  8.959959430717753E-05  6.733590200460336E-07 224373630
  42    2050.00    2100.00  8.359144857397921E-05  7.931581302807923E-07 216958637
  43    2100.00    2150.00  7.705488074448620E-05  7.451302291103074E-07 209837299
  44    2150.00    2200.00  7.158432104306904E-05  8.035386811255213E-07 202962680
  45    2200.00    2250.00  6.885865039496900E-05  6.568867724008325E-07 196410174
  46    2250.00    2300.00  6.374089222956871E-05  6.250864638542986E-07 190092378
  47    2300.00    2350.00  5.896886460096512E-05  6.610770481188896E-07 184052741
  48    2350.00    2400.00  5.556331802551744E-05  6.574973985167899E-07 178254238
  49    2400.00    2450.00  5.086759365248651E-05  7.654780780623274E-07 172676528
  50    2450.00    2500.00  4.824002042274893E-05  5.799478246421801E-07 167290047
  51    2500.00    2550.00  4.432553682793786E-05  7.528875469350178E-07 162145408
  52    2550.00    2600.00  4.168757824203955E-05  5.638570342278858E-07 157161674
  53    2600.00    2650.00  3.944432728184592E-05  6.057997026794021E-07 152353146
  54    2650.00    2700.00  3.706944064783765E-05  4.661759089125233E-07 147750327
  55    2700.00    2750.00  3.453580484995148E-05  6.346343837411281E-07 143306742
  56    2750.00    2800.00  3.157226662427511E-05  5.342103959785048E-07 139037428
  57    2800.00    2850.00  2.871407345306409E-05  5.771229976658248E-07 134908403
  58    2850.00    2900.00  2.715353180034843E-05  5.976045100099106E-07 130930251
  59    2900.00    2950.00  2.520348716662561E-05  7.358988301789082E-07 127088308
  60    2950.00    3000.00  2.502421849041330E-05  3.912119027336346E-07 123394332
  61    3000.00    3050.00  2.277551309990961E-05  3.351833280113460E-07 119808706
  62    3050.00    3100.00  2.155499854581664E-05  3.512238931118859E-07 116357865
  63    3100.00    3150.00  1.915566016682090E-05  4.242637593788103E-07 113040095
  64    3150.00    3200.00  1.810225457124830E-05  4.605127569655790E-07 109803635
  65    3200.00    3250.00  1.684627222976825E-05  4.971387646697600E-07 106668675
  66    3250.00    3300.00  1.581422086289109E-05  3.233981613107624E-07 103653013
  67    3300.00    3350.00  1.441167381821146E-05  4.282672787878379E-07 100746983
  68    3350.00    3400.00  1.416008117365113E-05  2.293179595484116E-07 97933041
  69    3400.00    3450.00  1.345875488800749E-05  1.999330255816620E-07 95207536
  70    3450.00    3500.00  1.178980476486582E-05  3.521324756176794E-07 92558063
  71    3500.00    3550.00  1.123843176896781E-05  2.502381418906576E-07 90014925
  72    3550.00    3600.00  1.037960553897512E-05  2.174751577473124E-07 87523984
  73    3600.00    3650.00  9.505299152278920E-06  2.448741236713953E-07 85148944
  74    3650.00    3700.00  8.888538614789688E-06  2.456076721394045E-07 82811502
  75    3700.00    3750.00  8.182174044107840E-06  2.384106037436924E-07 80546741
  76    3750.00    3800.00  7.991543758056928E-06  1.781214812535664E-07 78370297
  77    3800.00    3850.00  7.436597898626892E-06  1.733666326608511E-07 76257103
  78    3850.00    3900.00  6.587511891100312E-06  2.061855188364869E-07 74215988
  79    3900.00    3950.00  6.144884864715920E-06  1.809913756562956E-07 72229669
  80    3950.00    4000.00  5.774177792712858E-06  1.928434321090377E-07 70278314
  81    4000.00    4050.00  5.450820738814976E-06  2.193883490218250E-07 68393758
  82    4050.00    4100.00  4.788284008448196E-06  2.886563359467906E-07 66582180
  83    4100.00    4150.00  4.476111753035537E-06  1.406963209045784E-07 64800285
  84    4150.00    4200.00  4.063466238023895E-06  1.760160371843086E-07 63110034
  85    4200.00    4250.00  4.109083625679386E-06  9.939895376904000E-08 61429624
  86    4250.00    4300.00  3.825826878540583E-06  1.238530155216023E-07 59809555
  87    4300.00    4350.00  3.563318403647470E-06  1.038542870393411E-07 58247105
  88    4350.00    4400.00  3.509740947582114E-06  6.005182841938008E-08 56706098
  89    4400.00    4450.00  3.204939188047914E-06  6.682257015296210E-08 55215674
  90    4450.00    4500.00  2.931902168080330E-06  8.965263226131512E-08 53776424
  91    4500.00    4550.00  2.670030160673663E-06  6.576906620478295E-08 52377206
  92    4550.00    4600.00  2.546492011419125E-06  5.413029863937006E-08 50996917
  93    4600.00    4650.00  2.225784809254210E-06  6.375522818593130E-08 49674324
  94    4650.00    4700.00  2.120911245668926E-06  6.204195393909267E-08 48386557
  95    4700.00    4750.00  1.863856970550209E-06  7.173459845791750E-08 47120289
  96    4750.00    4800.00  1.715117119159021E-06  1.053170035377282E-07 45901119
  97    4800.00    4850.00  1.426133337249509E-06  2.186507377521866E-07 44725643
  98    4850.00    4900.00  1.488328721176129E-06  6.763476117564482E-08 43558452
  99    4900.00    4950.00  1.437332542508167E-06  4.867794648045313E-08 42427176
 100    4950.00    5000.00  1.379523780315092E-06  4.016432159409319E-08 41331271
 101    5000.00    5050.00  1.194173482881528E-06  5.642824826252230E-08 40260702
 102    5050.00    5100.00  1.172669278755136E-06  3.307632941146573E-08 39218743
 103    5100.00    5150.00  1.001306412949184E-06  5.645395418157009E-08 38209349
 104    5150.00    5200.00  9.627952432430533E-07  4.704351071388705E-08 37217490
 105    5200.00    5250.00  9.149344832827039E-07  3.133754303089748E-08 36258002
 106    5250.00    5300.00  7.818709732327662E-07  5.293826795398693E-08 35317437
 107    5300.00    5350.00  7.294307304974585E-07  3.324850935203298E-08 34406287
 108    5350.00    5400.00  7.379252965994268E-07  2.463969746545210E-08 33514808
 109    5400.00    5450.00  6.445513128966369E-07  3.015724653230188E-08 32651054
 110    5450.00    5500.00  6.166195950425107E-07  2.285122793788738E-08 31808801
 111    5500.00    5550.00  5.435296590346986E-07  3.639322031453952E-08 30988659
 112    5550.00    5600.00  4.569541990120397E-07  5.181059096182346E-08 30185156
 113    5600.00    5650.00  4.897468479382913E-07  1.851426102844019E-08 29399620
 114    5650.00    5700.00  4.458268060589513E-07  1.908908482682177E-08 28643460
 115    5700.00    5750.00  4.342752698030880E-07  1.571152338391376E-08 27895032
 116    5750.00    5800.00  3.714490929096103E-07  2.050665004491436E-08 27173103
 117    5800.00    5850.00  3.167530986968998E-07  2.387486643945683E-08 26455576
 118    5850.00    5900.00  2.855075150141395E-07  2.052010503298056E-08 25777387
 119    5900.00    5950.00  3.078969576616040E-07  1.195401109211874E-08 25097571
 120    5950.00    6000.00  2.567384719685448E-07  1.306785014484617E-08 24441515
 121    6000.00    6050.00  2.100891512607151E-07  2.873619482953119E-08 23800417
 122    6050.00    6100.00  2.140409444220520E-07  2.103882422660076E-08 23187550
 123    6100.00    6150.00  2.285457570987891E-07  6.310364940162593E-09 22573021
 124    6150.00    6200.00  1.774681997425826E-07  1.365031864125826E-08 21983100
 125    6200.00    6250.00  1.582725395495783E-07  1.672990483729246E-08 21403205
 126    6250.00    6300.00  1.710542948195555E-07  6.086112203096643E-09 20843490
 127    6300.00    6350.00  1.578313696801964E-07  9.667064720316367E-09 20288765
 128    6350.00    6400.00  1.596817967113697E-07  3.676368248335956E-09 19752729
 129    6400.00    6450.00  1.217892599902409E-07  7.130801297786672E-09 19228028
 130    6450.00    6500.00  1.191563265068056E-07  5.950967897024168E-09 18715909
 131    6500.00    6550.00  9.402788028499028E-08  8.619510993437851E-09 18221222
 132    6550.00    6600.00  9.415060764994826E-08  6.658418244021683E-09 17732532
 133    6600.00    6650.00  9.096066659785753E-08  4.873047971592646E-09 17250808
 134    6650.00    6700.00  8.178838829905902E-08  5.545820872501025E-09 16782809
 135    6700.00    6750.00  7.317418973585731E-08  4.430831866049599E-09 16336952
 136    6750.00    6800.00  7.234158922195306E-08  3.776598401906139E-09 15891281
 137    6800.00    6850.00  5.978749597587256E-08  3.979664336310582E-09 15460349
 138    6850.00    6900.00  5.172209706424095E-08  1.035825159822162E-08 15042851
 139    6900.00    6950.00  4.505566168979588E-08  6.587846881179958E-09 14637608
 140    6950.00    7000.00  4.815354181809134E-08  3.858651473717253E-09 14231081
 141    7000.00    7050.00  4.246628015667520E-08  3.832035483048348E-09 13837775
 142    7050.00    7100.00  4.211987828572851E-08  2.543410766036622E-09 13453015
 143    7100.00    7150.00  2.526159197378000E-09  3.473551138368294E-08 13088176
 144    7150.00    7200.00  3.968739401629590E-08  2.856971859009066E-09 12718646
 145    7200.00    7250.00  3.112222763521032E-08  1.812791875356815E-09 12364720
 146    7250.00    7300.00  2.837204793852603E-08  1.998454497312725E-09 12022299
 147    7300.00    7350.00  2.705211011155057E-08  1.560751291688792E-09 11681731
 148    7350.00    7400.00  2.564423601371526E-08  1.534583100259937E-09 11349540
 149    7400.00    7450.00  2.385232628911324E-08  1.194930283274859E-09 11022151
 150    7450.00    7500.00  1.829614359538532E-08  2.146722984532950E-09 10711670
 151    7500.00    7550.00  1.755698842768601E-08  1.518647908812307E-09 10403439
 152    7550.00    7600.00  1.663188224678466E-08  1.350288515419463E-09 10105878
 153    7600.00    7650.00  1.647330011134229E-08  1.509152209954722E-09 9809177
 154    7650.00    7700.00  1.534001470030182E-08  7.291243237689214E-10 9525926
 155    7700.00    7750.00  1.405947152701676E-08  6.849302977391137E-10 9247108
 156    7750.00    7800.00  1.243550798721067E-08  7.169756377492034E-10 8974070
 157    7800.00    7850.00  1.125845529038776E-08  6.621328953958157E-10 8705789
 158    7850.00    7900.00  9.961706564641765E-09  6.103851107499152E-10 8448458
 159    7900.00    7950.00  6.827421992421108E-09  2.439592496659567E-09 8190936
 160    7950.00    8000.00  8.722319872776528E-09  5.946995756320726E-10 7944983
 161    8000.00    8050.00  7.814672911310427E-09  4.352705469365876E-10 7710165
 162    8050.00    8100.00  7.371653043417238E-09  4.225078998267069E-10 7474029
 163    8100.00    8150.00  5.894530723571814E-09  1.091441506280616E-09 7242788
 164    8150.00    8200.00  4.317374085873510E-09  1.741495548397958E-09 7019512
 165    8200.00    8250.00  4.651300883335439E-09  5.670403423104016E-10 6803109
 166    8250.00    8300.00  5.158993816440450E-09  2.560220676327154E-10 6588154
 167    8300.00    8350.00  1.323422957276347E-09  1.845881810694247E-09 6379887
 168    8350.00    8400.00  3.763303871322808E-09  3.549456005175482E-10 6168299
 169    8400.00    8450.00  1.322911898935058E-09  2.180266587373799E-09 5979016
 170    8450.00    8500.00  3.253717317121943E-09  2.232144719145340E-10 5783491
 171    8500.00    8550.00  2.947974129448596E-09  2.577154057283220E-10 5595390
 172    8550.00    8600.00  2.244359746848508E-09  3.992805924260724E-10 5407798
 173    8600.00    8650.00  2.094596785093159E-09  3.011464862302290E-10 5231332
 174    8650.00    8700.00  2.228917258435835E-09  1.847933075829027E-10 5056452
 175    8700.00    8750.00  2.008077235682068E-09  1.838413655145874E-10 4882625
 176    8750.00    8800.00  1.798693623320950E-09  1.259525016528887E-10 4716742
 177    8800.00    8850.00  1.587596229613078E-09  1.678042319446596E-10 4556072
 178    8850.00    8900.00  1.330069192972052E-10  1.333683185702520E-09 4404688
 179    8900.00    8950.00  7.495072477662405E-10  6.432865249271586E-10 4243865
 180    8950.00    9000.00  1.185546155041308E-09  1.142147899235518E-10 4094707
 181    9000.00    9050.00  1.085732879637062E-09  1.014539075491362E-10 3950920
 182    9050.00    9100.00  9.387396406007298E-10  7.697224340151657E-11 3808571
 183    9100.00    9150.00  7.914188923028646E-10  1.001547578517342E-10 3667030
 184    9150.00    9200.00  7.356717706146545E-10  9.442837265611229E-11 3530594
 185    9200.00    9250.00  6.884535046703125E-10  9.253680498892331E-11 3402141
 186    9250.00    9300.00  6.630715676783128E-10  6.716050597333058E-11 3275042
 187    9300.00    9350.00  4.532686484609287E-10  1.020765222323212E-10 3151795
 188    9350.00    9400.00  4.276667931491901E-10  1.040166319104457E-10 3032129
 189    9400.00    9450.00  4.091424119455483E-10  5.725179374082877E-11 2913294
 190    9450.00    9500.00  3.935211490321238E-10  4.734883237421698E-11 2801642
 191    9500.00    9550.00  3.346471556197033E-10  3.976631871524456E-11 2690795
 192    9550.00    9600.00  3.159066915520356E-10  2.419663303137301E-11 2579405
 193    9600.00    9650.00  2.965625054267630E-10  1.991073309788866E-11 2476894
 194    9650.00    9700.00  2.461625256436476E-10  2.275573625963198E-11 2374177
 195    9700.00    9750.00  2.593509440669317E-10  1.638075644404624E-11 2274706
 196    9750.00    9800.00  1.376975021989909E-10  6.976213145678826E-11 2176932
 197    9800.00    9850.00  2.129980153138426E-10  3.309449711960533E-11 2082713
 198    9850.00    9900.00  1.026504705608161E-10  3.926471021398052E-11 1992945
 199    9900.00    9950.00  1.643577058410216E-10  1.193530103584775E-11 1906335
 200    9950.00   10000.00  1.035318387272531E-10  2.358740998743764E-11 1822916
 201   10000.00   10050.00  1.307222488204683E-10  7.110895592733301E-12 1735086
 202   10050.00   10100.00  9.150156841647106E-11  1.526092344234377E-11 1656878
 203   10100.00   10150.00  2.975039403978625E-11  3.568489465114004E-11 1576343
 204   10150.00   10200.00  8.162683471625409E-11  6.541586448797568E-12 1503024
 205   10200.00   10250.00  6.043151361250691E-11  7.816762333612897E-12 1430148
 206   10250.00   10300.00  5.032955956656199E-11  9.246632603563160E-12 1361460
 207   10300.00   10350.00  5.019740487139498E-11  5.684260952708547E-12 1292945
 208   10350.00   10400.00  4.426465162790099E-11  3.990286039518797E-12 1226568
 209   10400.00   10450.00  4.132468332266114E-11  2.701557793874388E-12 1160944
 210   10450.00   10500.00  3.757421488008364E-11  2.197310178862720E-12 1100754
 211   10500.00   10550.00  1.922232992083464E-11  7.252626501346135E-12 1040442
 212   10550.00   10600.00  2.532063813304178E-11  2.812637562108260E-12 982964
 213   10600.00   10650.00  1.846767691282363E-11  3.458018345886936E-12 927518
 214   10650.00   10700.00  2.615913903686007E-12  8.040558147819629E-12 875624
 215   10700.00   10750.00  6.758224753517631E-12  8.103496975562929E-12 824808
 216   10750.00   10800.00  7.582201944586469E-12  2.483848898302288E-12 773965
 217   10800.00   10850.00  9.034521233568213E-12  2.278714678156276E-12 727127
 218   10850.00   10900.00  5.563941557148571E-12  2.943270350502935E-12 683216
 219   10900.00   10950.00  6.276983808850601E-12  1.116684201995250E-12 638380
 220   10950.00   11000.00  5.174304126718104E-12  9.790819173005088E-13 596943
 221   11000.00   11050.00  5.321607858161023E-12  5.083677787611172E-13 557678
 222   11050.00   11100.00  2.931534837724920E-12  1.091188701493291E-12 518642
 223   11100.00   11150.00  3.073391846475601E-12  3.572719931153182E-13 481454
 224   11150.00   11200.00  1.745528998167439E-12  8.149972933162892E-13 446960
 225   11200.00   11250.00  1.286607153058634E-12  5.120214941459132E-13 412473
 226   11250.00   11300.00  1.710998447576111E-12  1.405928507311074E-13 381283
 227   11300.00   11350.00  7.053238183729608E-13  2.860168602408654E-13 351995
 228   11350.00   11400.00  6.714109137267496E-13  2.013492341893519E-13 322502
 229   11400.00   11450.00  4.500370490344596E-13  1.932957043165928E-13 294660
 230   11450.00   11500.00  3.770262869468188E-13  1.935416994641155E-13 268861
 231   11500.00   11550.00  2.147075854640901E-13  1.233777495134037E-13 245280
 232   11550.00   11600.00  2.744612283514838E-13  6.640149825650668E-14 222350
 233   11600.00   11650.00  2.507719691694856E-13  2.186889466876250E-14 201660
 234   11650.00   11700.00  1.645218597037621E-13  3.066838757127296E-14 180822
 235   11700.00   11750.00  1.390216005178267E-13  1.902746983978024E-14 161204
 236   11750.00   11800.00  6.524065752010600E-14  1.730549346727177E-14 144403
 237   11800.00   11850.00  4.495219223071863E-14  1.960749447314260E-14 127839
 238   11850.00   11900.00  3.436745640500881E-14  9.599072173457288E-15 112425
 239   11900.00   11950.00  9.462916450434849E-15  1.469275147448896E-14 98400
 240   11950.00   12000.00  1.638623843903070E-14  5.260204878139148E-15 85548
 241   12000.00   12050.00 -3.632634322588144E-15  8.400303986811839E-15 73547
 242   12050.00   12100.00  5.499040960693372E-15  1.950008373001648E-15 63306
 243   12100.00   12150.00  4.437802177040882E-15  7.001126152047592E-16 52969
 244   12150.00   12200.00  2.698549693898175E-15  4.245145655713839E-16 44385
 245   12200.00   12250.00  2.189836988831136E-15  1.327662671786122E-16 36543
 246   12250.00   12300.00  1.001653096850050E-15  7.528758406682379E-17 29710
 247   12300.00   12350.00  6.008928490634311E-16  5.240158171330959E-17 23750
 248   12350.00   12400.00  2.410581012013965E-16  2.554879751502350E-17 18624
 249   12400.00   12450.00  1.222516262577760E-16  3.207306294758138E-17 14149
 250   12450.00   12500.00  4.287978269997296E-17  9.127738101780106E-18 10303
 251   12500.00   12550.00  2.208466959031702E-17  1.519038593285127E-18 7314
 252   12550.00   12600.00  8.177028854298701E-18  5.599749696181558E-19 4974
 253   12600.00   12650.00  2.140555487973301E-18  2.929883565359580E-19 2959
 254   12650.00   12700.00  5.948255635630676E-19  6.617828697894194E-20 1678
 255   12700.00   12750.00  8.149682347355075E-20  1.520793640230222E-20 744
 256   12750.00   12800.00  3.637747143893534E-21  1.418176507624134E-21 229
 257   12800.00   12850.00  2.409887804308685E-23  2.819108429111149E-23 24
 258   12850.00   12900.00  0.000000000000000E+00  0.000000000000000E+00 0
 259   12900.00   12950.00  0.000000000000000E+00  0.000000000000000E+00 0
 260   12950.00   13000.00  0.000000000000000E+00  0.000000000000000E+00 0
# Underflow:                 0.0000000000000000E+00  0.0000000000000000E+00 0
# Overflow:                  0.0000000000000000E+00  0.0000000000000000E+00 0
#-------------------------------------------------------------------------------------
# Sum:                       9.8678905928618870E-03  1.1789054516445059E-06 811479000
#=====================================================================================
