# title = Transverse Momentum Positron
# xlabel = $p_{\text{T},\text{e}^+}\,$[GeV]
# ylabel = $\frac{\text{d}\sigma}{\text{d}p_{\text{T},\text{e}^+}}\,\left[\frac{\text{fb}}{\text{GeV}}\right]$
# xmin=  0.000E+00
# xmax=  8.000E+02
# ymin=  1.000E-06
# ymax=  1.000E-02
# kmin= -5.000E+01
# kmax=  1.000E+01
# logscale = true
# Renormalization and factorization scale scaled by: 1.0000000000
# Renormalization scaled by: .0000000000
# Number of generated events: 9164734443
#
#=====================================================================================
# No.       Left      Right                   Value                   Error Hits
#-------------------------------------------------------------------------------------
   1       0.00      20.00  0.000000000000000E+00  0.000000000000000E+00 0
   2      20.00      40.00  5.952100256813521E-03  6.520837725483844E-06 4008464611
   3      40.00      60.00  4.748341387381604E-03  5.260963181974564E-06 3046174112
   4      60.00      80.00  3.229402133270476E-03  4.979209015682769E-06 2002809142
   5      80.00     100.00  2.197523025899119E-03  4.397370053578940E-06 1435916535
   6     100.00     120.00  1.525994005264093E-03  3.593798820548844E-06 1082962961
   7     120.00     140.00  1.083199582052017E-03  3.248657524574930E-06 845717449
   8     140.00     160.00  7.786070274819141E-04  3.389365147120769E-06 677636708
   9     160.00     180.00  5.831399842440981E-04  2.896084426472772E-06 553995234
  10     180.00     200.00  4.380088194162355E-04  2.146279075705154E-06 460308494
  11     200.00     220.00  3.321956132123873E-04  2.185409448210298E-06 387641220
  12     220.00     240.00  2.542064235526872E-04  1.985064016743037E-06 330127114
  13     240.00     260.00  1.996836203392580E-04  1.621488307880612E-06 283847373
  14     260.00     280.00  1.547273166620933E-04  1.639596458588555E-06 246107579
  15     280.00     300.00  1.202361483953427E-04  1.421977338760125E-06 214941372
  16     300.00     320.00  9.704228938197883E-05  1.332275697110882E-06 188950368
  17     320.00     340.00  7.920319076885257E-05  9.892640148072987E-07 167026476
  18     340.00     360.00  6.095107316912582E-05  1.107965097298706E-06 148426374
  19     360.00     380.00  4.793807819478448E-05  1.299963203199099E-06 132472141
  20     380.00     400.00  3.832227266416375E-05  1.179716762787861E-06 118754473
  21     400.00     420.00  3.257705161849782E-05  7.888728639860707E-07 106839685
  22     420.00     440.00  2.593006391063084E-05  7.607448269927930E-07 96456439
  23     440.00     460.00  2.228583621169743E-05  4.959642643132629E-07 87361406
  24     460.00     480.00  1.744520529313128E-05  4.857047989857635E-07 79337218
  25     480.00     500.00  1.498144682468664E-05  5.024928800754790E-07 72257277
  26     500.00     520.00  1.141867479474820E-05  6.100986289529704E-07 65972666
  27     520.00     540.00  8.237067377708270E-06  6.957697908054366E-07 60365330
  28     540.00     560.00  7.947543859830240E-06  3.662557619077908E-07 55347698
  29     560.00     580.00  6.680190254330385E-06  3.439774646390002E-07 50872934
  30     580.00     600.00  5.459725783026264E-06  3.436687220078105E-07 46832993
  31     600.00     620.00  5.216741461167147E-06  2.133705631137560E-07 43202132
  32     620.00     640.00  3.891447088520843E-06  2.824939164482610E-07 39909260
  33     640.00     660.00  3.440959134217317E-06  2.461888117630994E-07 36923062
  34     660.00     680.00  3.107893888802524E-06  1.447311504544759E-07 34227849
  35     680.00     700.00  2.337182512020918E-06  2.480692112509263E-07 31754273
  36     700.00     720.00  2.073493452708195E-06  1.525834256801810E-07 29495900
  37     720.00     740.00  1.844641881330650E-06  1.505628268357157E-07 27455400
  38     740.00     760.00  1.219030907349435E-06  2.215221181069265E-07 25568860
  39     760.00     780.00  1.435826570402538E-06  8.499564827376558E-08 23835005
  40     780.00     800.00  1.003204268041921E-06  1.463696798038367E-07 22242692
  41     800.00     820.00  1.050399279641844E-06  7.491452350682421E-08 20792532
  42     820.00     840.00  6.040524719014633E-07  1.239732316980125E-07 19451165
  43     840.00     860.00  8.253451279102601E-07  6.438481118713529E-08 18212055
  44     860.00     880.00  6.756276977628367E-07  6.581521438072046E-08 17072222
  45     880.00     900.00  5.902413627526917E-07  5.399447010328501E-08 16006015
  46     900.00     920.00  3.757767939706739E-07  9.810607184876059E-08 15030165
  47     920.00     940.00  3.769251200550623E-07  5.199111087215679E-08 14127513
  48     940.00     960.00  3.134061050815157E-07  4.592722465166917E-08 13282777
  49     960.00     980.00  3.498999492408448E-07  3.065554085267847E-08 12506123
  50     980.00    1000.00  2.636801340434632E-07  4.293973665416008E-08 11785715
  51    1000.00    1020.00  2.096339542140084E-07  3.980383368134500E-08 11099630
  52    1020.00    1040.00  2.054191729725652E-07  3.448160672346104E-08 10466907
  53    1040.00    1060.00  1.935504909706196E-07  2.174427281723390E-08 9881542
  54    1060.00    1080.00  1.649277176994210E-07  1.956306284766547E-08 9327902
  55    1080.00    1100.00  1.588933050597511E-07  2.376842974571755E-08 8817273
  56    1100.00    1120.00  8.921694785844878E-08  3.288854641093578E-08 8334355
  57    1120.00    1140.00  5.104970268205616E-08  3.607011807976349E-08 7886199
  58    1140.00    1160.00  7.213547501168759E-08  2.591178581179995E-08 7461030
  59    1160.00    1180.00  8.974462255727479E-08  1.453072917459688E-08 7066066
  60    1180.00    1200.00  8.784430018079262E-08  8.024923984614253E-09 6696460
  61    1200.00    1220.00  6.494193402492900E-08  1.439252683155355E-08 6344145
  62    1220.00    1240.00  4.093619454207934E-08  1.535691438770018E-08 6020733
  63    1240.00    1260.00  3.522690528638081E-08  1.922263018601903E-08 5712582
  64    1260.00    1280.00  3.188892539116044E-08  2.528990114394584E-08 5421319
  65    1280.00    1300.00  4.330866234219996E-08  8.656382468414434E-09 5151689
  66    1300.00    1320.00  9.386291535292552E-09  1.979588099358198E-08 4891911
  67    1320.00    1340.00  3.977624138711583E-08  3.793040896758641E-09 4654698
  68    1340.00    1360.00  1.353734547690479E-08  1.225263085250535E-08 4423678
  69    1360.00    1380.00  3.169117457606361E-08  3.217948380681766E-09 4203993
  70    1380.00    1400.00  1.611516158972937E-08  6.322511501225991E-09 3999145
  71    1400.00    1420.00  5.202924198258058E-09  1.224261236178613E-08 3804704
  72    1420.00    1440.00  1.904565333063901E-08  5.226359847887448E-09 3627320
  73    1440.00    1460.00  9.874247400653722E-09  5.819790663637630E-09 3451583
  74    1460.00    1480.00  5.424824051434454E-09  6.945257532370160E-09 3286884
  75    1480.00    1500.00  9.377695524476728E-09  5.271937581684244E-09 3130292
  76    1500.00    1520.00  1.404746547435759E-08  2.693525946441720E-09 2988015
  77    1520.00    1540.00  7.486941217153131E-09  4.171543253544897E-09 2848822
  78    1540.00    1560.00  1.136950970894559E-08  1.310558119164007E-09 2715752
  79    1560.00    1580.00  8.921826578283268E-09  2.207909688873225E-09 2592322
  80    1580.00    1600.00  2.675475426952126E-09  5.287307758648658E-09 2474070
  81    1600.00    1620.00  3.421910073891258E-09  3.129266943707629E-09 2362364
  82    1620.00    1640.00  5.119004700069492E-09  1.872915973415966E-09 2254748
  83    1640.00    1660.00  1.712030741347366E-09  1.751495917128240E-09 2155482
  84    1660.00    1680.00  4.637336624203563E-09  1.487281097943040E-09 2055724
  85    1680.00    1700.00  3.422185546208683E-09  1.170402618730358E-09 1965223
  86    1700.00    1720.00  3.423636879970323E-09  1.090215837621381E-09 1879549
  87    1720.00    1740.00  4.144890131572230E-10  3.625396723574545E-09 1795039
  88    1740.00    1760.00  3.411253563566220E-09  6.595614538543283E-10 1716914
  89    1760.00    1780.00  1.876444061452479E-09  1.345520864847660E-09 1641606
  90    1780.00    1800.00  3.076979766763334E-09  5.134158122096815E-10 1569635
  91    1800.00    1820.00  2.465802231300232E-09  4.844550587366488E-10 1502841
  92    1820.00    1840.00  1.709040731771733E-09  6.658708624411150E-10 1436610
  93    1840.00    1860.00 -6.995127770782977E-10  1.407349881535026E-09 1374096
  94    1860.00    1880.00  1.921270529441666E-09  4.773160551318817E-10 1317749
  95    1880.00    1900.00  1.333973627814820E-09  4.640443587419492E-10 1260553
  96    1900.00    1920.00  9.329912056024212E-10  6.625856755214784E-10 1207165
  97    1920.00    1940.00 -3.256879993198979E-10  1.052905104400500E-09 1155599
  98    1940.00    1960.00  2.207837797254830E-10  8.827319958208221E-10 1103773
  99    1960.00    1980.00 -5.949458426957695E-10  1.458387222969198E-09 1059963
 100    1980.00    2000.00 -5.134105214677489E-10  1.037958490338388E-09 1016708
 101    2000.00    2020.00  6.656698657634085E-10  2.413844528063802E-10 973081
 102    2020.00    2040.00  6.393980825661549E-10  2.321834679482469E-10 933436
 103    2040.00    2060.00  6.937635176122819E-10  2.047538066409932E-10 894031
 104    2060.00    2080.00  6.935693913519274E-10  1.128838894696745E-10 855968
 105    2080.00    2100.00  2.342291250967146E-10  3.718413046799108E-10 821457
 106    2100.00    2120.00  2.934662684776142E-10  2.610477889679541E-10 787505
 107    2120.00    2140.00  4.787501163061772E-10  9.313149616317879E-11 754937
 108    2140.00    2160.00 -1.700800464525252E-10  2.660052661118185E-10 723295
 109    2160.00    2180.00 -1.071397551955573E-11  3.035017333854584E-10 694917
 110    2180.00    2200.00  1.308617381226247E-10  3.509435908445457E-10 665898
 111    2200.00    2220.00  2.190854854752075E-10  1.325618111038079E-10 640082
 112    2220.00    2240.00  3.747163881906276E-10  7.641433633582793E-11 612709
 113    2240.00    2260.00  1.310486422487205E-10  1.161977542349689E-10 589006
 114    2260.00    2280.00  3.412068309995398E-10  1.221573852617097E-10 564319
 115    2280.00    2300.00 -7.464165501290921E-11  1.779948335340821E-10 542767
 116    2300.00    2320.00 -2.143584865892976E-10  2.885225981902895E-10 519651
 117    2320.00    2340.00  2.458992288594844E-10  5.592011816296223E-11 499458
 118    2340.00    2360.00  1.172571018502016E-10  7.292263888230908E-11 478340
 119    2360.00    2380.00  1.987453100464647E-10  3.993844226022814E-11 459913
 120    2380.00    2400.00  1.713315706598569E-10  4.826586167129558E-11 442125
 121    2400.00    2420.00 -6.274585171112936E-11  1.580888539237380E-10 423592
 122    2420.00    2440.00 -2.172749188892266E-11  1.017478660662906E-10 406608
 123    2440.00    2460.00  1.157861644476600E-10  2.954052908150547E-11 390667
 124    2460.00    2480.00  1.231615641301083E-10  2.312084662856719E-11 375542
 125    2480.00    2500.00  1.040821364094844E-10  1.905743877018141E-11 358827
 126    2500.00    2520.00  5.904303467231741E-11  2.741148232695036E-11 345296
 127    2520.00    2540.00  8.304091173691592E-11  1.579943452532116E-11 332811
 128    2540.00    2560.00 -5.652420763905670E-10  6.035751934659558E-10 319112
 129    2560.00    2580.00  1.925890936722408E-11  4.404872266247882E-11 305700
 130    2580.00    2600.00 -3.428813646249961E-11  5.013841640434235E-11 293684
 131    2600.00    2620.00  1.008699035251267E-11  4.102021422837375E-11 281902
 132    2620.00    2640.00  2.329701209038485E-11  2.353954274979480E-11 270942
 133    2640.00    2660.00  1.832373210371971E-11  1.573164776723108E-11 258945
 134    2660.00    2680.00  1.989064767464692E-11  1.798220409903074E-11 249429
 135    2680.00    2700.00  2.395983370513235E-11  1.739386180334204E-11 240841
 136    2700.00    2720.00  2.701164029872621E-11  7.079795423177101E-12 231423
 137    2720.00    2740.00 -5.111398527902151E-11  7.297581468912334E-11 221744
 138    2740.00    2760.00  3.316218568923727E-11  3.829554498052121E-12 213071
 139    2760.00    2780.00  2.399671753833396E-11  4.943597536807944E-12 203861
 140    2780.00    2800.00  4.647840019702029E-12  1.309070739403175E-11 195694
 141    2800.00    2820.00  2.084084622886717E-11  4.724425519589789E-12 188420
 142    2820.00    2840.00  1.915489997670249E-11  1.960203874933146E-12 181053
 143    2840.00    2860.00  9.283982880174165E-12  7.052080836577629E-12 173897
 144    2860.00    2880.00  4.754595668983610E-12  1.436481086267973E-11 166529
 145    2880.00    2900.00 -6.673933721538323E-12  1.328665774049588E-11 159536
 146    2900.00    2920.00 -1.708249446425247E-11  2.252206526156978E-11 153621
 147    2920.00    2940.00  2.217507028616376E-12  5.221566016208592E-12 148255
 148    2940.00    2960.00  1.148491574991951E-11  2.966865328897559E-12 141426
 149    2960.00    2980.00 -4.860017700982507E-11  5.647856391446777E-11 135859
 150    2980.00    3000.00 -3.379842333696706E-11  3.668253057390563E-11 130502
 151    3000.00    3020.00  7.330728778248970E-12  2.327228229432015E-12 125948
 152    3020.00    3040.00  5.472108786753445E-12  3.523644740846534E-12 120744
 153    3040.00    3060.00 -1.492031894284882E-12  7.585169263812964E-12 115945
 154    3060.00    3080.00  6.966152923523914E-12  1.175589613597408E-12 111695
 155    3080.00    3100.00 -5.023201701447361E-13  3.602903543958791E-12 106526
 156    3100.00    3120.00  3.880928712021767E-12  1.792594974817902E-12 102695
 157    3120.00    3140.00  5.004109108808311E-12  7.050026961103249E-13 98922
 158    3140.00    3160.00  1.207426235954694E-12  2.566590827113074E-12 94940
 159    3160.00    3180.00  2.915970641300047E-12  6.877969847570975E-13 90687
 160    3180.00    3200.00  3.497064872720247E-12  1.090485592397123E-12 87145
 161    3200.00    3220.00  1.849763896640819E-12  1.422459822987246E-12 83422
 162    3220.00    3240.00 -4.506064183181769E-12  4.062296116774394E-12 80359
 163    3240.00    3260.00  2.815785748952091E-12  5.704897448502810E-13 77049
 164    3260.00    3280.00  2.116622030114738E-13  2.293617937651702E-12 74272
 165    3280.00    3300.00  9.688219214671060E-13  1.067511246961083E-12 70720
 166    3300.00    3320.00  1.675373793066596E-12  3.872070276331371E-13 68221
 167    3320.00    3340.00 -3.990669804202029E-13  1.819872664178789E-12 65340
 168    3340.00    3360.00  1.507538120416343E-12  5.589340561276162E-13 62838
 169    3360.00    3380.00  2.263219864526599E-12  7.343261393252557E-13 60097
 170    3380.00    3400.00  1.552605932463571E-12  1.900770074854949E-13 57791
 171    3400.00    3420.00  1.173493257461026E-12  2.989783093843431E-13 55750
 172    3420.00    3440.00  7.361221316843011E-13  2.416440103308222E-13 53170
 173    3440.00    3460.00  7.374165138918548E-13  4.868756170128141E-13 51068
 174    3460.00    3480.00  8.313448186852222E-13  1.796659896457803E-13 48911
 175    3480.00    3500.00  7.968678195448418E-14  7.727313964784705E-13 47128
 176    3500.00    3520.00 -7.270552243299470E-13  1.410354569421600E-12 44943
 177    3520.00    3540.00  4.005608265240640E-13  2.740007105731410E-13 43507
 178    3540.00    3560.00  7.857390338686438E-13  2.090713780026655E-13 41416
 179    3560.00    3580.00  3.859054387888543E-13  1.687843597234336E-13 39694
 180    3580.00    3600.00  1.338207507332709E-12  8.794942516118673E-13 38061
 181    3600.00    3620.00  1.322307430017894E-12  7.320541488222617E-13 36712
 182    3620.00    3640.00  4.306256413550809E-13  6.321606033472562E-14 35243
 183    3640.00    3660.00  4.787090749565605E-13  5.204924880027128E-14 33559
 184    3660.00    3680.00  2.880493045376834E-13  7.626467760099321E-14 31948
 185    3680.00    3700.00 -8.424460118583124E-15  2.871428412589655E-13 30469
 186    3700.00    3720.00  2.040575794362468E-14  2.361846565498355E-13 29488
 187    3720.00    3740.00  2.882484958769193E-13  3.321974762182263E-14 28123
 188    3740.00    3760.00  1.657369199423510E-13  3.852032211647044E-14 26731
 189    3760.00    3780.00  2.481586679517837E-13  3.651656521131413E-14 25914
 190    3780.00    3800.00  7.835021565471031E-14  9.614874569975536E-14 24994
 191    3800.00    3820.00 -1.223613046950841E-12  1.291020430162896E-12 23873
 192    3820.00    3840.00  1.358105459345225E-13  1.640269266702460E-14 22511
 193    3840.00    3860.00  7.164180316598347E-14  1.012185777418201E-13 21439
 194    3860.00    3880.00  1.325225877083861E-13  1.605971806861732E-14 20749
 195    3880.00    3900.00  5.427404249332079E-14  7.871119145067926E-14 19837
 196    3900.00    3920.00  5.371462416493083E-14  5.168850106175342E-14 19125
 197    3920.00    3940.00  7.790938136049208E-14  1.172861490833981E-14 18123
 198    3940.00    3960.00  5.583895144726640E-14  1.997645529488496E-14 17279
 199    3960.00    3980.00  9.271566145759063E-14  1.742558492984041E-14 16548
 200    3980.00    4000.00  6.152005147575599E-14  1.887863075221956E-14 15708
 201    4000.00    4020.00  5.031488914511994E-14  5.705635573111973E-15 15170
 202    4020.00    4040.00 -1.358877785280112E-14  6.850525429559053E-14 14230
 203    4040.00    4060.00  5.752900283240339E-14  8.479553434916193E-15 13621
 204    4060.00    4080.00  2.214367493936676E-14  8.312015474664040E-15 13024
 205    4080.00    4100.00  2.034495799479990E-14  1.264889348724074E-14 12508
 206    4100.00    4120.00  1.118670167383186E-14  2.327884824259481E-14 12006
 207    4120.00    4140.00  3.779121240150402E-14  1.078837151515677E-14 11428
 208    4140.00    4160.00  2.665333842018234E-14  3.456111043170340E-15 10936
 209    4160.00    4180.00  2.527853833999124E-14  3.953850611773712E-15 10288
 210    4180.00    4200.00  3.172851599580535E-14  9.058597709493478E-15 10002
 211    4200.00    4220.00  1.707019179162837E-14  2.880684629929425E-15 9301
 212    4220.00    4240.00  3.040144026315243E-14  1.211967270933876E-14 9020
 213    4240.00    4260.00  1.522328952399020E-14  3.850132631566980E-15 8528
 214    4260.00    4280.00 -2.722909705504354E-13  2.822732556725254E-13 8269
 215    4280.00    4300.00  9.877092387349689E-15  1.712685249425181E-15 7872
 216    4300.00    4320.00 -2.440630675322655E-15  2.056210171854636E-14 7380
 217    4320.00    4340.00 -1.901544287006744E-14  2.004289833994636E-14 7070
 218    4340.00    4360.00  7.151876171683082E-15  1.267797924241459E-15 6724
 219    4360.00    4380.00  2.996734637359535E-15  1.712121094275056E-15 6304
 220    4380.00    4400.00  6.447572967403558E-15  1.173980574202726E-15 5941
 221    4400.00    4420.00  6.379467314028363E-15  1.629315192151242E-15 5690
 222    4420.00    4440.00  3.963816263283526E-15  7.979873248293998E-16 5296
 223    4440.00    4460.00  4.073035863374071E-15  6.977711685881815E-16 5101
 224    4460.00    4480.00  4.024999672886797E-15  8.007860679440980E-16 4909
 225    4480.00    4500.00  4.226643426421115E-15  9.428812025320627E-16 4632
 226    4500.00    4520.00  2.943046742190017E-15  7.912830822870505E-16 4473
 227    4520.00    4540.00  1.727862971460100E-15  6.249857521058769E-16 4129
 228    4540.00    4560.00  8.906280995791967E-16  7.291540479370346E-16 4025
 229    4560.00    4580.00  1.701076777637137E-15  5.919811803033073E-16 3816
 230    4580.00    4600.00  1.840224918804514E-16  1.178358337057886E-15 3554
 231    4600.00    4620.00  1.297571627087646E-15  3.963231788135370E-16 3351
 232    4620.00    4640.00  1.094720771813917E-15  1.890412429793596E-16 3269
 233    4640.00    4660.00  9.208223579009368E-16  2.965289473544163E-16 3079
 234    4660.00    4680.00  9.774133664011053E-16  1.904971572355492E-16 2910
 235    4680.00    4700.00  1.054005832092551E-15  2.860854059194726E-16 2693
 236    4700.00    4720.00  4.808211411310674E-16  2.504665404553109E-16 2539
 237    4720.00    4740.00  6.163883241391470E-16  2.553842453605387E-16 2409
 238    4740.00    4760.00  1.096485213009392E-15  4.465292256119939E-16 2284
 239    4760.00    4780.00  5.471141557648202E-16  3.239850857134231E-16 2248
 240    4780.00    4800.00  6.140403723170146E-16  1.839040860053569E-16 2026
 241    4800.00    4820.00  6.394873792476948E-16  2.767704611246479E-16 1895
 242    4820.00    4840.00  1.212120651746445E-16  3.070414886189087E-16 1806
 243    4840.00    4860.00  2.971140529959771E-16  8.206222324247066E-17 1616
 244    4860.00    4880.00  3.591869544570701E-16  1.266080974931810E-16 1542
 245    4880.00    4900.00  2.221638584993419E-16  6.938494749799040E-17 1480
 246    4900.00    4920.00  1.771196935443231E-16  6.334953503596139E-17 1417
 247    4920.00    4940.00  9.551451829258210E-17  4.196702259444532E-17 1359
 248    4940.00    4960.00  1.367830662395895E-16  3.483054550314275E-17 1298
 249    4960.00    4980.00  9.639413507113524E-17  2.947665493656759E-17 1104
 250    4980.00    5000.00  9.489306436731501E-17  8.546307423613691E-17 1007
 251    5000.00    5020.00  1.031239180543479E-16  5.259885780878357E-17 1022
 252    5020.00    5040.00  5.787138611227869E-17  2.289929025013949E-17 903
 253    5040.00    5060.00 -4.147754450987912E-14  4.150052393231152E-14 912
 254    5060.00    5080.00  1.917337877108633E-16  9.300593318829406E-17 814
 255    5080.00    5100.00  2.711402550444756E-17  1.002752392960457E-17 768
 256    5100.00    5120.00  3.471819653531340E-17  1.713107254983697E-17 705
 257    5120.00    5140.00  2.682055226823668E-17  1.140649107714756E-17 656
 258    5140.00    5160.00  1.053100769909511E-17  4.740720700276395E-18 615
 259    5160.00    5180.00  4.016758234911435E-17  2.382060529730159E-17 567
 260    5180.00    5200.00  1.929553956000040E-17  5.645900103365340E-18 500
 261    5200.00    5220.00  2.492210299062205E-17  2.052385919377464E-17 473
 262    5220.00    5240.00  1.442153609262827E-17  8.416588463457316E-18 447
 263    5240.00    5260.00  1.233319985163443E-17  7.269568324011361E-18 395
 264    5260.00    5280.00  7.739464433793989E-17  7.301718670522030E-17 375
 265    5280.00    5300.00  3.651673715195796E-18  1.511984400240590E-18 353
 266    5300.00    5320.00  5.718850304603826E-18  2.423287112313667E-18 341
 267    5320.00    5340.00  1.987348925570242E-18  1.037662424986964E-18 296
 268    5340.00    5360.00  8.258645245874940E-18  4.555206000020121E-18 295
 269    5360.00    5380.00  2.505647629615260E-18  1.465276447827901E-18 247
 270    5380.00    5400.00  3.520456716959601E-18  1.364523659513418E-18 222
 271    5400.00    5420.00  1.684030471320594E-18  7.547503520638407E-19 231
 272    5420.00    5440.00  7.207326362760197E-19  3.124572712297057E-19 193
 273    5440.00    5460.00  2.444557485726697E-18  1.773274181913132E-18 169
 274    5460.00    5480.00  3.252246137968581E-19  2.286912355647171E-19 166
 275    5480.00    5500.00  2.511469638706854E-18  2.364809149500198E-18 125
 276    5500.00    5520.00  8.415197850903634E-19  7.116432811037883E-19 129
 277    5520.00    5540.00  4.916568458624980E-19  3.257828753420087E-19 118
 278    5540.00    5560.00  3.656823925208280E-18  3.638384845342096E-18 101
 279    5560.00    5580.00 -6.757635709126275E-18  7.426167721719011E-18 80
 280    5580.00    5600.00  8.045486238812856E-21  1.207888690686720E-20 80
 281    5600.00    5620.00  1.986044317033816E-19  1.245116436773784E-19 70
 282    5620.00    5640.00  2.585933041261188E-20  1.650770932762129E-20 81
 283    5640.00    5660.00  5.440147886667691E-21  5.899778453742588E-21 67
 284    5660.00    5680.00 -2.847597909302972E-19  2.863806495001923E-19 47
 285    5680.00    5700.00  7.184416897905125E-23  1.729802365980010E-21 42
 286    5700.00    5720.00 -1.941350586050144E-21  1.370735940510523E-21 35
 287    5720.00    5740.00 -3.125002032840551E-20  3.451974269989186E-20 36
 288    5740.00    5760.00 -1.460206155994290E-22  6.568043305400789E-22 26
 289    5760.00    5780.00  1.831202849835756E-21  2.198019237699510E-21 24
 290    5780.00    5800.00 -9.494872901160468E-23  2.580290286527131E-22 22
 291    5800.00    5820.00  1.181196791791625E-21  1.182215949122408E-21 21
 292    5820.00    5840.00  1.056479197608035E-21  7.529592154326452E-22 13
 293    5840.00    5860.00  5.197727534014857E-21  6.108374378008124E-21 11
 294    5860.00    5880.00  4.275572946320016E-21  4.275364093047316E-21 10
 295    5880.00    5900.00  5.618983089868439E-26  5.608726641424569E-26 7
 296    5900.00    5920.00 -3.220266707385331E-27  3.220916258333861E-27 5
 297    5920.00    5940.00 -1.339793129923652E-27  2.429400624221009E-27 8
 298    5940.00    5960.00  8.891981993456587E-22  8.896502427885580E-22 4
 299    5960.00    5980.00 -1.076142695521070E-28  1.797894688734907E-27 5
 300    5980.00    6000.00 -2.704143546014929E-31  2.704143544936547E-31 2
 301    6000.00    6020.00 -1.389676265200350E-30  1.389676264866219E-30 1
 302    6020.00    6040.00  0.000000000000000E+00  0.000000000000000E+00 0
 303    6040.00    6060.00  0.000000000000000E+00  0.000000000000000E+00 0
 304    6060.00    6080.00 -7.679517557936595E-31  7.679517554868184E-31 1
 305    6080.00    6100.00  0.000000000000000E+00  0.000000000000000E+00 0
 306    6100.00    6120.00  0.000000000000000E+00  0.000000000000000E+00 0
 307    6120.00    6140.00  1.218493221054863E-35  1.218493220718280E-35 1
 308    6140.00    6160.00 -5.508074774130808E-31  5.508155634315111E-31 2
 309    6160.00    6180.00  0.000000000000000E+00  0.000000000000000E+00 0
 310    6180.00    6200.00  0.000000000000000E+00  0.000000000000000E+00 0
 311    6200.00    6220.00  0.000000000000000E+00  0.000000000000000E+00 0
 312    6220.00    6240.00  0.000000000000000E+00  0.000000000000000E+00 0
 313    6240.00    6260.00  0.000000000000000E+00  0.000000000000000E+00 0
 314    6260.00    6280.00  0.000000000000000E+00  0.000000000000000E+00 0
 315    6280.00    6300.00  0.000000000000000E+00  0.000000000000000E+00 0
 316    6300.00    6320.00  0.000000000000000E+00  0.000000000000000E+00 0
 317    6320.00    6340.00  0.000000000000000E+00  0.000000000000000E+00 0
 318    6340.00    6360.00  0.000000000000000E+00  0.000000000000000E+00 0
 319    6360.00    6380.00  0.000000000000000E+00  0.000000000000000E+00 0
 320    6380.00    6400.00  0.000000000000000E+00  0.000000000000000E+00 0
 321    6400.00    6420.00  0.000000000000000E+00  0.000000000000000E+00 0
 322    6420.00    6440.00  0.000000000000000E+00  0.000000000000000E+00 0
 323    6440.00    6460.00  0.000000000000000E+00  0.000000000000000E+00 0
 324    6460.00    6480.00  0.000000000000000E+00  0.000000000000000E+00 0
 325    6480.00    6500.00  0.000000000000000E+00  0.000000000000000E+00 0
 326    6500.00    6520.00  0.000000000000000E+00  0.000000000000000E+00 0
 327    6520.00    6540.00  0.000000000000000E+00  0.000000000000000E+00 0
 328    6540.00    6560.00  0.000000000000000E+00  0.000000000000000E+00 0
 329    6560.00    6580.00  0.000000000000000E+00  0.000000000000000E+00 0
 330    6580.00    6600.00  0.000000000000000E+00  0.000000000000000E+00 0
 331    6600.00    6620.00  0.000000000000000E+00  0.000000000000000E+00 0
 332    6620.00    6640.00  0.000000000000000E+00  0.000000000000000E+00 0
 333    6640.00    6660.00  0.000000000000000E+00  0.000000000000000E+00 0
 334    6660.00    6680.00  0.000000000000000E+00  0.000000000000000E+00 0
 335    6680.00    6700.00  0.000000000000000E+00  0.000000000000000E+00 0
 336    6700.00    6720.00  0.000000000000000E+00  0.000000000000000E+00 0
 337    6720.00    6740.00  0.000000000000000E+00  0.000000000000000E+00 0
 338    6740.00    6760.00  0.000000000000000E+00  0.000000000000000E+00 0
 339    6760.00    6780.00  0.000000000000000E+00  0.000000000000000E+00 0
 340    6780.00    6800.00  0.000000000000000E+00  0.000000000000000E+00 0
 341    6800.00    6820.00  0.000000000000000E+00  0.000000000000000E+00 0
 342    6820.00    6840.00  0.000000000000000E+00  0.000000000000000E+00 0
 343    6840.00    6860.00  0.000000000000000E+00  0.000000000000000E+00 0
 344    6860.00    6880.00  0.000000000000000E+00  0.000000000000000E+00 0
 345    6880.00    6900.00  0.000000000000000E+00  0.000000000000000E+00 0
 346    6900.00    6920.00  0.000000000000000E+00  0.000000000000000E+00 0
 347    6920.00    6940.00  0.000000000000000E+00  0.000000000000000E+00 0
 348    6940.00    6960.00  0.000000000000000E+00  0.000000000000000E+00 0
 349    6960.00    6980.00  0.000000000000000E+00  0.000000000000000E+00 0
 350    6980.00    7000.00  0.000000000000000E+00  0.000000000000000E+00 0
 351    7000.00    7020.00  0.000000000000000E+00  0.000000000000000E+00 0
 352    7020.00    7040.00  0.000000000000000E+00  0.000000000000000E+00 0
 353    7040.00    7060.00  0.000000000000000E+00  0.000000000000000E+00 0
 354    7060.00    7080.00  0.000000000000000E+00  0.000000000000000E+00 0
 355    7080.00    7100.00  0.000000000000000E+00  0.000000000000000E+00 0
 356    7100.00    7120.00  0.000000000000000E+00  0.000000000000000E+00 0
 357    7120.00    7140.00  0.000000000000000E+00  0.000000000000000E+00 0
 358    7140.00    7160.00  0.000000000000000E+00  0.000000000000000E+00 0
 359    7160.00    7180.00  0.000000000000000E+00  0.000000000000000E+00 0
 360    7180.00    7200.00  0.000000000000000E+00  0.000000000000000E+00 0
 361    7200.00    7220.00  0.000000000000000E+00  0.000000000000000E+00 0
 362    7220.00    7240.00  0.000000000000000E+00  0.000000000000000E+00 0
 363    7240.00    7260.00  0.000000000000000E+00  0.000000000000000E+00 0
 364    7260.00    7280.00  0.000000000000000E+00  0.000000000000000E+00 0
 365    7280.00    7300.00  0.000000000000000E+00  0.000000000000000E+00 0
 366    7300.00    7320.00  0.000000000000000E+00  0.000000000000000E+00 0
 367    7320.00    7340.00  0.000000000000000E+00  0.000000000000000E+00 0
 368    7340.00    7360.00  0.000000000000000E+00  0.000000000000000E+00 0
 369    7360.00    7380.00  0.000000000000000E+00  0.000000000000000E+00 0
 370    7380.00    7400.00  0.000000000000000E+00  0.000000000000000E+00 0
 371    7400.00    7420.00  0.000000000000000E+00  0.000000000000000E+00 0
 372    7420.00    7440.00  0.000000000000000E+00  0.000000000000000E+00 0
 373    7440.00    7460.00  0.000000000000000E+00  0.000000000000000E+00 0
 374    7460.00    7480.00  0.000000000000000E+00  0.000000000000000E+00 0
 375    7480.00    7500.00  0.000000000000000E+00  0.000000000000000E+00 0
 376    7500.00    7520.00  0.000000000000000E+00  0.000000000000000E+00 0
 377    7520.00    7540.00  0.000000000000000E+00  0.000000000000000E+00 0
 378    7540.00    7560.00  0.000000000000000E+00  0.000000000000000E+00 0
 379    7560.00    7580.00  0.000000000000000E+00  0.000000000000000E+00 0
 380    7580.00    7600.00  0.000000000000000E+00  0.000000000000000E+00 0
 381    7600.00    7620.00  0.000000000000000E+00  0.000000000000000E+00 0
 382    7620.00    7640.00  0.000000000000000E+00  0.000000000000000E+00 0
 383    7640.00    7660.00  0.000000000000000E+00  0.000000000000000E+00 0
 384    7660.00    7680.00  0.000000000000000E+00  0.000000000000000E+00 0
 385    7680.00    7700.00  0.000000000000000E+00  0.000000000000000E+00 0
 386    7700.00    7720.00  0.000000000000000E+00  0.000000000000000E+00 0
 387    7720.00    7740.00  0.000000000000000E+00  0.000000000000000E+00 0
 388    7740.00    7760.00  0.000000000000000E+00  0.000000000000000E+00 0
 389    7760.00    7780.00  0.000000000000000E+00  0.000000000000000E+00 0
 390    7780.00    7800.00  0.000000000000000E+00  0.000000000000000E+00 0
 391    7800.00    7820.00  0.000000000000000E+00  0.000000000000000E+00 0
 392    7820.00    7840.00  0.000000000000000E+00  0.000000000000000E+00 0
 393    7840.00    7860.00  0.000000000000000E+00  0.000000000000000E+00 0
 394    7860.00    7880.00  0.000000000000000E+00  0.000000000000000E+00 0
 395    7880.00    7900.00  0.000000000000000E+00  0.000000000000000E+00 0
 396    7900.00    7920.00  0.000000000000000E+00  0.000000000000000E+00 0
 397    7920.00    7940.00  0.000000000000000E+00  0.000000000000000E+00 0
 398    7940.00    7960.00  0.000000000000000E+00  0.000000000000000E+00 0
 399    7960.00    7980.00  0.000000000000000E+00  0.000000000000000E+00 0
 400    7980.00    8000.00  0.000000000000000E+00  0.000000000000000E+00 0
 401    8000.00    8020.00  0.000000000000000E+00  0.000000000000000E+00 0
 402    8020.00    8040.00  0.000000000000000E+00  0.000000000000000E+00 0
 403    8040.00    8060.00  0.000000000000000E+00  0.000000000000000E+00 0
 404    8060.00    8080.00  0.000000000000000E+00  0.000000000000000E+00 0
 405    8080.00    8100.00  0.000000000000000E+00  0.000000000000000E+00 0
 406    8100.00    8120.00  0.000000000000000E+00  0.000000000000000E+00 0
 407    8120.00    8140.00  0.000000000000000E+00  0.000000000000000E+00 0
 408    8140.00    8160.00  0.000000000000000E+00  0.000000000000000E+00 0
 409    8160.00    8180.00  0.000000000000000E+00  0.000000000000000E+00 0
 410    8180.00    8200.00  0.000000000000000E+00  0.000000000000000E+00 0
 411    8200.00    8220.00  0.000000000000000E+00  0.000000000000000E+00 0
 412    8220.00    8240.00  0.000000000000000E+00  0.000000000000000E+00 0
 413    8240.00    8260.00  0.000000000000000E+00  0.000000000000000E+00 0
 414    8260.00    8280.00  0.000000000000000E+00  0.000000000000000E+00 0
 415    8280.00    8300.00  0.000000000000000E+00  0.000000000000000E+00 0
 416    8300.00    8320.00  0.000000000000000E+00  0.000000000000000E+00 0
 417    8320.00    8340.00  0.000000000000000E+00  0.000000000000000E+00 0
 418    8340.00    8360.00  0.000000000000000E+00  0.000000000000000E+00 0
 419    8360.00    8380.00  0.000000000000000E+00  0.000000000000000E+00 0
 420    8380.00    8400.00  0.000000000000000E+00  0.000000000000000E+00 0
 421    8400.00    8420.00  0.000000000000000E+00  0.000000000000000E+00 0
 422    8420.00    8440.00  0.000000000000000E+00  0.000000000000000E+00 0
 423    8440.00    8460.00  0.000000000000000E+00  0.000000000000000E+00 0
 424    8460.00    8480.00  0.000000000000000E+00  0.000000000000000E+00 0
 425    8480.00    8500.00  0.000000000000000E+00  0.000000000000000E+00 0
 426    8500.00    8520.00  0.000000000000000E+00  0.000000000000000E+00 0
 427    8520.00    8540.00  0.000000000000000E+00  0.000000000000000E+00 0
 428    8540.00    8560.00  0.000000000000000E+00  0.000000000000000E+00 0
 429    8560.00    8580.00  0.000000000000000E+00  0.000000000000000E+00 0
 430    8580.00    8600.00  0.000000000000000E+00  0.000000000000000E+00 0
 431    8600.00    8620.00  0.000000000000000E+00  0.000000000000000E+00 0
 432    8620.00    8640.00  0.000000000000000E+00  0.000000000000000E+00 0
 433    8640.00    8660.00  0.000000000000000E+00  0.000000000000000E+00 0
 434    8660.00    8680.00  0.000000000000000E+00  0.000000000000000E+00 0
 435    8680.00    8700.00  0.000000000000000E+00  0.000000000000000E+00 0
 436    8700.00    8720.00  0.000000000000000E+00  0.000000000000000E+00 0
 437    8720.00    8740.00  0.000000000000000E+00  0.000000000000000E+00 0
 438    8740.00    8760.00  0.000000000000000E+00  0.000000000000000E+00 0
 439    8760.00    8780.00  0.000000000000000E+00  0.000000000000000E+00 0
 440    8780.00    8800.00  0.000000000000000E+00  0.000000000000000E+00 0
 441    8800.00    8820.00  0.000000000000000E+00  0.000000000000000E+00 0
 442    8820.00    8840.00  0.000000000000000E+00  0.000000000000000E+00 0
 443    8840.00    8860.00  0.000000000000000E+00  0.000000000000000E+00 0
 444    8860.00    8880.00  0.000000000000000E+00  0.000000000000000E+00 0
 445    8880.00    8900.00  0.000000000000000E+00  0.000000000000000E+00 0
 446    8900.00    8920.00  0.000000000000000E+00  0.000000000000000E+00 0
 447    8920.00    8940.00  0.000000000000000E+00  0.000000000000000E+00 0
 448    8940.00    8960.00  0.000000000000000E+00  0.000000000000000E+00 0
 449    8960.00    8980.00  0.000000000000000E+00  0.000000000000000E+00 0
 450    8980.00    9000.00  0.000000000000000E+00  0.000000000000000E+00 0
 451    9000.00    9020.00  0.000000000000000E+00  0.000000000000000E+00 0
 452    9020.00    9040.00  0.000000000000000E+00  0.000000000000000E+00 0
 453    9040.00    9060.00  0.000000000000000E+00  0.000000000000000E+00 0
 454    9060.00    9080.00  0.000000000000000E+00  0.000000000000000E+00 0
 455    9080.00    9100.00  0.000000000000000E+00  0.000000000000000E+00 0
 456    9100.00    9120.00  0.000000000000000E+00  0.000000000000000E+00 0
 457    9120.00    9140.00  0.000000000000000E+00  0.000000000000000E+00 0
 458    9140.00    9160.00  0.000000000000000E+00  0.000000000000000E+00 0
 459    9160.00    9180.00  0.000000000000000E+00  0.000000000000000E+00 0
 460    9180.00    9200.00  0.000000000000000E+00  0.000000000000000E+00 0
 461    9200.00    9220.00  0.000000000000000E+00  0.000000000000000E+00 0
 462    9220.00    9240.00  0.000000000000000E+00  0.000000000000000E+00 0
 463    9240.00    9260.00  0.000000000000000E+00  0.000000000000000E+00 0
 464    9260.00    9280.00  0.000000000000000E+00  0.000000000000000E+00 0
 465    9280.00    9300.00  0.000000000000000E+00  0.000000000000000E+00 0
 466    9300.00    9320.00  0.000000000000000E+00  0.000000000000000E+00 0
 467    9320.00    9340.00  0.000000000000000E+00  0.000000000000000E+00 0
 468    9340.00    9360.00  0.000000000000000E+00  0.000000000000000E+00 0
 469    9360.00    9380.00  0.000000000000000E+00  0.000000000000000E+00 0
 470    9380.00    9400.00  0.000000000000000E+00  0.000000000000000E+00 0
 471    9400.00    9420.00  0.000000000000000E+00  0.000000000000000E+00 0
 472    9420.00    9440.00  0.000000000000000E+00  0.000000000000000E+00 0
 473    9440.00    9460.00  0.000000000000000E+00  0.000000000000000E+00 0
 474    9460.00    9480.00  0.000000000000000E+00  0.000000000000000E+00 0
 475    9480.00    9500.00  0.000000000000000E+00  0.000000000000000E+00 0
 476    9500.00    9520.00  0.000000000000000E+00  0.000000000000000E+00 0
 477    9520.00    9540.00  0.000000000000000E+00  0.000000000000000E+00 0
 478    9540.00    9560.00  0.000000000000000E+00  0.000000000000000E+00 0
 479    9560.00    9580.00  0.000000000000000E+00  0.000000000000000E+00 0
 480    9580.00    9600.00  0.000000000000000E+00  0.000000000000000E+00 0
 481    9600.00    9620.00  0.000000000000000E+00  0.000000000000000E+00 0
 482    9620.00    9640.00  0.000000000000000E+00  0.000000000000000E+00 0
 483    9640.00    9660.00  0.000000000000000E+00  0.000000000000000E+00 0
 484    9660.00    9680.00  0.000000000000000E+00  0.000000000000000E+00 0
 485    9680.00    9700.00  0.000000000000000E+00  0.000000000000000E+00 0
 486    9700.00    9720.00  0.000000000000000E+00  0.000000000000000E+00 0
 487    9720.00    9740.00  0.000000000000000E+00  0.000000000000000E+00 0
 488    9740.00    9760.00  0.000000000000000E+00  0.000000000000000E+00 0
 489    9760.00    9780.00  0.000000000000000E+00  0.000000000000000E+00 0
 490    9780.00    9800.00  0.000000000000000E+00  0.000000000000000E+00 0
 491    9800.00    9820.00  0.000000000000000E+00  0.000000000000000E+00 0
 492    9820.00    9840.00  0.000000000000000E+00  0.000000000000000E+00 0
 493    9840.00    9860.00  0.000000000000000E+00  0.000000000000000E+00 0
 494    9860.00    9880.00  0.000000000000000E+00  0.000000000000000E+00 0
 495    9880.00    9900.00  0.000000000000000E+00  0.000000000000000E+00 0
 496    9900.00    9920.00  0.000000000000000E+00  0.000000000000000E+00 0
 497    9920.00    9940.00  0.000000000000000E+00  0.000000000000000E+00 0
 498    9940.00    9960.00  0.000000000000000E+00  0.000000000000000E+00 0
 499    9960.00    9980.00  0.000000000000000E+00  0.000000000000000E+00 0
 500    9980.00   10000.00  0.000000000000000E+00  0.000000000000000E+00 0
 501   10000.00   10020.00  0.000000000000000E+00  0.000000000000000E+00 0
 502   10020.00   10040.00  0.000000000000000E+00  0.000000000000000E+00 0
 503   10040.00   10060.00  0.000000000000000E+00  0.000000000000000E+00 0
 504   10060.00   10080.00  0.000000000000000E+00  0.000000000000000E+00 0
 505   10080.00   10100.00  0.000000000000000E+00  0.000000000000000E+00 0
 506   10100.00   10120.00  0.000000000000000E+00  0.000000000000000E+00 0
 507   10120.00   10140.00  0.000000000000000E+00  0.000000000000000E+00 0
 508   10140.00   10160.00  0.000000000000000E+00  0.000000000000000E+00 0
 509   10160.00   10180.00  0.000000000000000E+00  0.000000000000000E+00 0
 510   10180.00   10200.00  0.000000000000000E+00  0.000000000000000E+00 0
 511   10200.00   10220.00  0.000000000000000E+00  0.000000000000000E+00 0
 512   10220.00   10240.00  0.000000000000000E+00  0.000000000000000E+00 0
 513   10240.00   10260.00  0.000000000000000E+00  0.000000000000000E+00 0
 514   10260.00   10280.00  0.000000000000000E+00  0.000000000000000E+00 0
 515   10280.00   10300.00  0.000000000000000E+00  0.000000000000000E+00 0
 516   10300.00   10320.00  0.000000000000000E+00  0.000000000000000E+00 0
 517   10320.00   10340.00  0.000000000000000E+00  0.000000000000000E+00 0
 518   10340.00   10360.00  0.000000000000000E+00  0.000000000000000E+00 0
 519   10360.00   10380.00  0.000000000000000E+00  0.000000000000000E+00 0
 520   10380.00   10400.00  0.000000000000000E+00  0.000000000000000E+00 0
 521   10400.00   10420.00  0.000000000000000E+00  0.000000000000000E+00 0
 522   10420.00   10440.00  0.000000000000000E+00  0.000000000000000E+00 0
 523   10440.00   10460.00  0.000000000000000E+00  0.000000000000000E+00 0
 524   10460.00   10480.00  0.000000000000000E+00  0.000000000000000E+00 0
 525   10480.00   10500.00  0.000000000000000E+00  0.000000000000000E+00 0
 526   10500.00   10520.00  0.000000000000000E+00  0.000000000000000E+00 0
 527   10520.00   10540.00  0.000000000000000E+00  0.000000000000000E+00 0
 528   10540.00   10560.00  0.000000000000000E+00  0.000000000000000E+00 0
 529   10560.00   10580.00  0.000000000000000E+00  0.000000000000000E+00 0
 530   10580.00   10600.00  0.000000000000000E+00  0.000000000000000E+00 0
 531   10600.00   10620.00  0.000000000000000E+00  0.000000000000000E+00 0
 532   10620.00   10640.00  0.000000000000000E+00  0.000000000000000E+00 0
 533   10640.00   10660.00  0.000000000000000E+00  0.000000000000000E+00 0
 534   10660.00   10680.00  0.000000000000000E+00  0.000000000000000E+00 0
 535   10680.00   10700.00  0.000000000000000E+00  0.000000000000000E+00 0
 536   10700.00   10720.00  0.000000000000000E+00  0.000000000000000E+00 0
 537   10720.00   10740.00  0.000000000000000E+00  0.000000000000000E+00 0
 538   10740.00   10760.00  0.000000000000000E+00  0.000000000000000E+00 0
 539   10760.00   10780.00  0.000000000000000E+00  0.000000000000000E+00 0
 540   10780.00   10800.00  0.000000000000000E+00  0.000000000000000E+00 0
 541   10800.00   10820.00  0.000000000000000E+00  0.000000000000000E+00 0
 542   10820.00   10840.00  0.000000000000000E+00  0.000000000000000E+00 0
 543   10840.00   10860.00  0.000000000000000E+00  0.000000000000000E+00 0
 544   10860.00   10880.00  0.000000000000000E+00  0.000000000000000E+00 0
 545   10880.00   10900.00  0.000000000000000E+00  0.000000000000000E+00 0
 546   10900.00   10920.00  0.000000000000000E+00  0.000000000000000E+00 0
 547   10920.00   10940.00  0.000000000000000E+00  0.000000000000000E+00 0
 548   10940.00   10960.00  0.000000000000000E+00  0.000000000000000E+00 0
 549   10960.00   10980.00  0.000000000000000E+00  0.000000000000000E+00 0
 550   10980.00   11000.00  0.000000000000000E+00  0.000000000000000E+00 0
 551   11000.00   11020.00  0.000000000000000E+00  0.000000000000000E+00 0
 552   11020.00   11040.00  0.000000000000000E+00  0.000000000000000E+00 0
 553   11040.00   11060.00  0.000000000000000E+00  0.000000000000000E+00 0
 554   11060.00   11080.00  0.000000000000000E+00  0.000000000000000E+00 0
 555   11080.00   11100.00  0.000000000000000E+00  0.000000000000000E+00 0
 556   11100.00   11120.00  0.000000000000000E+00  0.000000000000000E+00 0
 557   11120.00   11140.00  0.000000000000000E+00  0.000000000000000E+00 0
 558   11140.00   11160.00  0.000000000000000E+00  0.000000000000000E+00 0
 559   11160.00   11180.00  0.000000000000000E+00  0.000000000000000E+00 0
 560   11180.00   11200.00  0.000000000000000E+00  0.000000000000000E+00 0
 561   11200.00   11220.00  0.000000000000000E+00  0.000000000000000E+00 0
 562   11220.00   11240.00  0.000000000000000E+00  0.000000000000000E+00 0
 563   11240.00   11260.00  0.000000000000000E+00  0.000000000000000E+00 0
 564   11260.00   11280.00  0.000000000000000E+00  0.000000000000000E+00 0
 565   11280.00   11300.00  0.000000000000000E+00  0.000000000000000E+00 0
 566   11300.00   11320.00  0.000000000000000E+00  0.000000000000000E+00 0
 567   11320.00   11340.00  0.000000000000000E+00  0.000000000000000E+00 0
 568   11340.00   11360.00  0.000000000000000E+00  0.000000000000000E+00 0
 569   11360.00   11380.00  0.000000000000000E+00  0.000000000000000E+00 0
 570   11380.00   11400.00  0.000000000000000E+00  0.000000000000000E+00 0
 571   11400.00   11420.00  0.000000000000000E+00  0.000000000000000E+00 0
 572   11420.00   11440.00  0.000000000000000E+00  0.000000000000000E+00 0
 573   11440.00   11460.00  0.000000000000000E+00  0.000000000000000E+00 0
 574   11460.00   11480.00  0.000000000000000E+00  0.000000000000000E+00 0
 575   11480.00   11500.00  0.000000000000000E+00  0.000000000000000E+00 0
 576   11500.00   11520.00  0.000000000000000E+00  0.000000000000000E+00 0
 577   11520.00   11540.00  0.000000000000000E+00  0.000000000000000E+00 0
 578   11540.00   11560.00  0.000000000000000E+00  0.000000000000000E+00 0
 579   11560.00   11580.00  0.000000000000000E+00  0.000000000000000E+00 0
 580   11580.00   11600.00  0.000000000000000E+00  0.000000000000000E+00 0
 581   11600.00   11620.00  0.000000000000000E+00  0.000000000000000E+00 0
 582   11620.00   11640.00  0.000000000000000E+00  0.000000000000000E+00 0
 583   11640.00   11660.00  0.000000000000000E+00  0.000000000000000E+00 0
 584   11660.00   11680.00  0.000000000000000E+00  0.000000000000000E+00 0
 585   11680.00   11700.00  0.000000000000000E+00  0.000000000000000E+00 0
 586   11700.00   11720.00  0.000000000000000E+00  0.000000000000000E+00 0
 587   11720.00   11740.00  0.000000000000000E+00  0.000000000000000E+00 0
 588   11740.00   11760.00  0.000000000000000E+00  0.000000000000000E+00 0
 589   11760.00   11780.00  0.000000000000000E+00  0.000000000000000E+00 0
 590   11780.00   11800.00  0.000000000000000E+00  0.000000000000000E+00 0
 591   11800.00   11820.00  0.000000000000000E+00  0.000000000000000E+00 0
 592   11820.00   11840.00  0.000000000000000E+00  0.000000000000000E+00 0
 593   11840.00   11860.00  0.000000000000000E+00  0.000000000000000E+00 0
 594   11860.00   11880.00  0.000000000000000E+00  0.000000000000000E+00 0
 595   11880.00   11900.00  0.000000000000000E+00  0.000000000000000E+00 0
 596   11900.00   11920.00  0.000000000000000E+00  0.000000000000000E+00 0
 597   11920.00   11940.00  0.000000000000000E+00  0.000000000000000E+00 0
 598   11940.00   11960.00  0.000000000000000E+00  0.000000000000000E+00 0
 599   11960.00   11980.00  0.000000000000000E+00  0.000000000000000E+00 0
 600   11980.00   12000.00  0.000000000000000E+00  0.000000000000000E+00 0
 601   12000.00   12020.00  0.000000000000000E+00  0.000000000000000E+00 0
 602   12020.00   12040.00  0.000000000000000E+00  0.000000000000000E+00 0
 603   12040.00   12060.00  0.000000000000000E+00  0.000000000000000E+00 0
 604   12060.00   12080.00  0.000000000000000E+00  0.000000000000000E+00 0
 605   12080.00   12100.00  0.000000000000000E+00  0.000000000000000E+00 0
 606   12100.00   12120.00  0.000000000000000E+00  0.000000000000000E+00 0
 607   12120.00   12140.00  0.000000000000000E+00  0.000000000000000E+00 0
 608   12140.00   12160.00  0.000000000000000E+00  0.000000000000000E+00 0
 609   12160.00   12180.00  0.000000000000000E+00  0.000000000000000E+00 0
 610   12180.00   12200.00  0.000000000000000E+00  0.000000000000000E+00 0
 611   12200.00   12220.00  0.000000000000000E+00  0.000000000000000E+00 0
 612   12220.00   12240.00  0.000000000000000E+00  0.000000000000000E+00 0
 613   12240.00   12260.00  0.000000000000000E+00  0.000000000000000E+00 0
 614   12260.00   12280.00  0.000000000000000E+00  0.000000000000000E+00 0
 615   12280.00   12300.00  0.000000000000000E+00  0.000000000000000E+00 0
 616   12300.00   12320.00  0.000000000000000E+00  0.000000000000000E+00 0
 617   12320.00   12340.00  0.000000000000000E+00  0.000000000000000E+00 0
 618   12340.00   12360.00  0.000000000000000E+00  0.000000000000000E+00 0
 619   12360.00   12380.00  0.000000000000000E+00  0.000000000000000E+00 0
 620   12380.00   12400.00  0.000000000000000E+00  0.000000000000000E+00 0
 621   12400.00   12420.00  0.000000000000000E+00  0.000000000000000E+00 0
 622   12420.00   12440.00  0.000000000000000E+00  0.000000000000000E+00 0
 623   12440.00   12460.00  0.000000000000000E+00  0.000000000000000E+00 0
 624   12460.00   12480.00  0.000000000000000E+00  0.000000000000000E+00 0
 625   12480.00   12500.00  0.000000000000000E+00  0.000000000000000E+00 0
 626   12500.00   12520.00  0.000000000000000E+00  0.000000000000000E+00 0
 627   12520.00   12540.00  0.000000000000000E+00  0.000000000000000E+00 0
 628   12540.00   12560.00  0.000000000000000E+00  0.000000000000000E+00 0
 629   12560.00   12580.00  0.000000000000000E+00  0.000000000000000E+00 0
 630   12580.00   12600.00  0.000000000000000E+00  0.000000000000000E+00 0
 631   12600.00   12620.00  0.000000000000000E+00  0.000000000000000E+00 0
 632   12620.00   12640.00  0.000000000000000E+00  0.000000000000000E+00 0
 633   12640.00   12660.00  0.000000000000000E+00  0.000000000000000E+00 0
 634   12660.00   12680.00  0.000000000000000E+00  0.000000000000000E+00 0
 635   12680.00   12700.00  0.000000000000000E+00  0.000000000000000E+00 0
 636   12700.00   12720.00  0.000000000000000E+00  0.000000000000000E+00 0
 637   12720.00   12740.00  0.000000000000000E+00  0.000000000000000E+00 0
 638   12740.00   12760.00  0.000000000000000E+00  0.000000000000000E+00 0
 639   12760.00   12780.00  0.000000000000000E+00  0.000000000000000E+00 0
 640   12780.00   12800.00  0.000000000000000E+00  0.000000000000000E+00 0
 641   12800.00   12820.00  0.000000000000000E+00  0.000000000000000E+00 0
 642   12820.00   12840.00  0.000000000000000E+00  0.000000000000000E+00 0
 643   12840.00   12860.00  0.000000000000000E+00  0.000000000000000E+00 0
 644   12860.00   12880.00  0.000000000000000E+00  0.000000000000000E+00 0
 645   12880.00   12900.00  0.000000000000000E+00  0.000000000000000E+00 0
 646   12900.00   12920.00  0.000000000000000E+00  0.000000000000000E+00 0
 647   12920.00   12940.00  0.000000000000000E+00  0.000000000000000E+00 0
 648   12940.00   12960.00  0.000000000000000E+00  0.000000000000000E+00 0
 649   12960.00   12980.00  0.000000000000000E+00  0.000000000000000E+00 0
 650   12980.00   13000.00  0.000000000000000E+00  0.000000000000000E+00 0
# Underflow:                 0.0000000000000000E+00  0.0000000000000000E+00 0
# Overflow:                  0.0000000000000000E+00  0.0000000000000000E+00 0
#-------------------------------------------------------------------------------------
# Sum:                       9.8678905928617344E-03  1.1780675980706999E-06 811479000
#=====================================================================================
