# title = Invariant mass 4 leptons
# xlabel = $M_{4 \ell}\,$[GeV]
# ylabel = $\frac{\text{d}\sigma}{\text{d}M_{4 \ell}}\,\left[\frac{\text{fb}}{\text{GeV}}\right]$
# xmin=  0.000E+00
# xmax=  2.000E+03
# ymin=  1.000E-07
# ymax=  1.000E-03
# kmin= -2.000E+01
# kmax=  1.000E+01
# logscale = true
# Renormalization and factorization scale scaled by: 1.0000000000
# Renormalization scaled by: .0000000000
# Number of generated events: 9239286404
#
#=====================================================================================
# No.       Left      Right                   Value                   Error Hits
#-------------------------------------------------------------------------------------
   1       0.00      20.00  0.000000000000000E+00  0.000000000000000E+00 0
   2      20.00      40.00  1.989579075333327E-13  1.537283504717247E-13 3
   3      40.00      60.00  2.491125252625828E-11  7.265733525023803E-12 77
   4      60.00      80.00  4.661631668224456E-10  7.488305638069090E-11 769
   5      80.00     100.00  1.142684138816175E-08  4.614963549471636E-10 20050
   6     100.00     120.00  4.952380644967001E-07  4.581440190909495E-09 452236
   7     120.00     140.00  5.796865955466825E-06  1.673499969839143E-08 4394080
   8     140.00     160.00  7.050617846053473E-05  6.836932508864763E-08 61165468
   9     160.00     180.00  1.284515628095830E-03  3.078693205056225E-07 678561291
  10     180.00     200.00  1.988109716744533E-03  3.733422937130659E-07 631839262
  11     200.00     220.00  2.066766131042177E-03  3.752220562587824E-07 567594257
  12     220.00     240.00  1.973558348728148E-03  3.668889406812121E-07 516768359
  13     240.00     260.00  1.820592964941143E-03  3.556364695847194E-07 473475619
  14     260.00     280.00  1.652634563152695E-03  3.454097936118357E-07 435549452
  15     280.00     300.00  1.486875095715017E-03  3.342065830854093E-07 401988971
  16     300.00     320.00  1.331126509396965E-03  3.233737480943410E-07 372069142
  17     320.00     340.00  1.190758118701663E-03  3.135470945278320E-07 345269258
  18     340.00     360.00  1.063080969337501E-03  3.026495382938126E-07 321206384
  19     360.00     380.00  9.499090465944817E-04  2.929348649776664E-07 299512551
  20     380.00     400.00  8.494644395173443E-04  2.831940046967824E-07 279869454
  21     400.00     420.00  7.595107882201868E-04  2.720898096496651E-07 262032541
  22     420.00     440.00  6.807513874967294E-04  2.625509414003055E-07 245772724
  23     440.00     460.00  6.102675720855396E-04  2.519530629784524E-07 230987542
  24     460.00     480.00  5.485883495391340E-04  2.427015729220631E-07 217380284
  25     480.00     500.00  4.934850680892258E-04  2.333925933358177E-07 204912445
  26     500.00     520.00  4.445488303900139E-04  2.232258999802797E-07 193475093
  27     520.00     540.00  4.005880426889712E-04  2.133794806469676E-07 182872210
  28     540.00     560.00  3.622678520005685E-04  2.054556573266486E-07 173091196
  29     560.00     580.00  3.274556442066517E-04  1.960421750140462E-07 164036348
  30     580.00     600.00  2.966597249491661E-04  1.885181700870689E-07 155616460
  31     600.00     620.00  2.687677441815500E-04  1.803465496226662E-07 147793285
  32     620.00     640.00  2.440529757401215E-04  1.725067061069274E-07 140487798
  33     640.00     660.00  2.217868330624066E-04  1.643810859522771E-07 133691149
  34     660.00     680.00  2.020283025375886E-04  1.586310573747492E-07 127306497
  35     680.00     700.00  1.837947785659413E-04  1.503021725075766E-07 121373232
  36     700.00     720.00  1.678603117535542E-04  1.444451257644165E-07 115808613
  37     720.00     740.00  1.531856020653589E-04  1.381053914860924E-07 110541938
  38     740.00     760.00  1.400789509836858E-04  1.321532438374798E-07 105638626
  39     760.00     780.00  1.280805831028570E-04  1.280990560280149E-07 101012497
  40     780.00     800.00  1.170872296355444E-04  1.193177166448511E-07 96640871
  41     800.00     820.00  1.074521789742202E-04  1.150581814937750E-07 92506717
  42     820.00     840.00  9.842780758853839E-05  1.092984113281586E-07 88622889
  43     840.00     860.00  9.039505785291424E-05  1.063725379862249E-07 84964857
  44     860.00     880.00  8.316930280429771E-05  1.000931154247867E-07 81499352
  45     880.00     900.00  7.634428948063842E-05  9.676438337859135E-08 78204389
  46     900.00     920.00  7.028879088463284E-05  9.537099596653436E-08 75071331
  47     920.00     940.00  6.459923852366910E-05  8.812321936233881E-08 72111325
  48     940.00     960.00  5.949798605702794E-05  8.323747413318612E-08 69304039
  49     960.00     980.00  5.501657999240921E-05  7.990182786175393E-08 66642874
  50     980.00    1000.00  5.072429444998777E-05  7.684720282518566E-08 64122944
  51    1000.00    1020.00  4.685224691494566E-05  7.411361399404785E-08 61693285
  52    1020.00    1040.00  4.317750876641430E-05  6.919518392693814E-08 59398149
  53    1040.00    1060.00  4.004224646978618E-05  6.666116285487975E-08 57206286
  54    1060.00    1080.00  3.697167030734368E-05  6.372924034090174E-08 55115392
  55    1080.00    1100.00  3.440203280908936E-05  6.234075200601953E-08 53130270
  56    1100.00    1120.00  3.181047719398015E-05  6.088246334451939E-08 51232516
  57    1120.00    1140.00  2.942929940454078E-05  5.545407557224427E-08 49402817
  58    1140.00    1160.00  2.733686370300017E-05  5.289986837040977E-08 47681265
  59    1160.00    1180.00  2.534483972806024E-05  5.122257317230581E-08 46025703
  60    1180.00    1200.00  2.342915908703472E-05  4.784400570455447E-08 44433668
  61    1200.00    1220.00  2.183655998071741E-05  4.687696205120410E-08 42914696
  62    1220.00    1240.00  2.032355982578066E-05  4.547430029850238E-08 41474971
  63    1240.00    1260.00  1.888111864880062E-05  4.421287583509210E-08 40053937
  64    1260.00    1280.00  1.757998110856547E-05  4.093752214639364E-08 38734860
  65    1280.00    1300.00  1.643182873985050E-05  4.084946877819246E-08 37455021
  66    1300.00    1320.00  1.523625191927673E-05  3.705826738228654E-08 36220010
  67    1320.00    1340.00  1.416829846594377E-05  3.600311621159040E-08 35041714
  68    1340.00    1360.00  1.318539896823981E-05  3.468695950171593E-08 33907114
  69    1360.00    1380.00  1.234182585008964E-05  3.379041495224068E-08 32823811
  70    1380.00    1400.00  1.151433356968793E-05  3.221627525743094E-08 31785919
  71    1400.00    1420.00  1.075545947477245E-05  3.120528513424533E-08 30771880
  72    1420.00    1440.00  1.003504128790345E-05  2.891496250495195E-08 29811823
  73    1440.00    1460.00  9.362957040940132E-06  2.757285232504269E-08 28869133
  74    1460.00    1480.00  8.771879412783823E-06  2.682335158999345E-08 27978988
  75    1480.00    1500.00  8.173542429027425E-06  2.541689067312076E-08 27115580
  76    1500.00    1520.00  7.645965857067022E-06  2.437799218546968E-08 26298828
  77    1520.00    1540.00  7.148922666821406E-06  2.338560732362441E-08 25493629
  78    1540.00    1560.00  6.704422267414892E-06  2.256829654387979E-08 24720917
  79    1560.00    1580.00  6.272101298094885E-06  2.225634853775209E-08 23980579
  80    1580.00    1600.00  5.859384084473524E-06  2.045376059170963E-08 23268942
  81    1600.00    1620.00  5.507033218242778E-06  2.026195045317505E-08 22573415
  82    1620.00    1640.00  5.178441231344366E-06  2.057775659112828E-08 21921473
  83    1640.00    1660.00  4.788028763404919E-06  1.778839295957815E-08 21271846
  84    1660.00    1680.00  4.528212276222415E-06  1.795648315872153E-08 20656813
  85    1680.00    1700.00  4.248264848885321E-06  1.694443792653017E-08 20053285
  86    1700.00    1720.00  3.995097226483179E-06  1.710084818376219E-08 19477309
  87    1720.00    1740.00  3.736682572908413E-06  1.554920964320038E-08 18916032
  88    1740.00    1760.00  3.538523721470789E-06  1.523000780082532E-08 18381291
  89    1760.00    1780.00  3.297459900936202E-06  1.460925765492296E-08 17853855
  90    1780.00    1800.00  3.124899203718109E-06  1.395524860578215E-08 17352110
  91    1800.00    1820.00  2.909635586118946E-06  1.322302224197348E-08 16867010
  92    1820.00    1840.00  2.751059142706176E-06  1.287574341234639E-08 16394713
  93    1840.00    1860.00  2.586650192181990E-06  1.196191596408020E-08 15940643
  94    1860.00    1880.00  2.395614987272453E-06  1.167090987812722E-08 15503576
  95    1880.00    1900.00  2.275885385016803E-06  1.124656832096689E-08 15074476
  96    1900.00    1920.00  2.147125582503830E-06  1.047387638006371E-08 14665685
  97    1920.00    1940.00  2.033110805236012E-06  1.134332174554867E-08 14262298
  98    1940.00    1960.00  1.914409422647842E-06  1.032248186714081E-08 13877224
  99    1960.00    1980.00  1.782782488310158E-06  9.179431380157412E-09 13497445
 100    1980.00    2000.00  1.693209777454422E-06  9.778257903774292E-09 13138411
 101    2000.00    2020.00  1.612223248177047E-06  9.356621000702826E-09 12784275
 102    2020.00    2040.00  1.519107069339013E-06  9.079990742867851E-09 12444350
 103    2040.00    2060.00  1.423048351944551E-06  8.511376158969165E-09 12110092
 104    2060.00    2080.00  1.351082879367908E-06  9.482672920034177E-09 11788274
 105    2080.00    2100.00  1.268448915955305E-06  7.923363525413037E-09 11486963
 106    2100.00    2120.00  1.192569408381952E-06  7.103239654427026E-09 11181214
 107    2120.00    2140.00  1.118315404744986E-06  6.922139749093334E-09 10893753
 108    2140.00    2160.00  1.053024184585236E-06  6.382265093132212E-09 10609519
 109    2160.00    2180.00  1.008249086807092E-06  6.446509601985149E-09 10338213
 110    2180.00    2200.00  9.399177993896220E-07  6.272386537163588E-09 10065388
 111    2200.00    2220.00  8.972243034704672E-07  6.223554281156376E-09 9809941
 112    2220.00    2240.00  8.427786433287857E-07  5.733078071160396E-09 9556901
 113    2240.00    2260.00  8.032048101080369E-07  5.942054618781104E-09 9312752
 114    2260.00    2280.00  7.491346065999316E-07  5.201654004994269E-09 9077188
 115    2280.00    2300.00  7.218941053909207E-07  5.568075158059875E-09 8848814
 116    2300.00    2320.00  6.820943221317581E-07  5.185884454277502E-09 8627629
 117    2320.00    2340.00  6.376147951839754E-07  4.690364711371316E-09 8404944
 118    2340.00    2360.00  6.000303824730697E-07  4.792220756793105E-09 8197080
 119    2360.00    2380.00  5.707717455849868E-07  4.523070148404865E-09 7987556
 120    2380.00    2400.00  5.445072841922690E-07  4.475751081400041E-09 7797092
 121    2400.00    2420.00  5.129748820904118E-07  3.943631988457043E-09 7599953
 122    2420.00    2440.00  4.824331698650330E-07  4.032062714468221E-09 7415704
 123    2440.00    2460.00  4.606106289835211E-07  4.471827399468861E-09 7231611
 124    2460.00    2480.00  4.379033724755615E-07  3.522730616251505E-09 7049366
 125    2480.00    2500.00  4.028121799284519E-07  3.276479978139353E-09 6883055
 126    2500.00    2520.00  3.905899684544273E-07  3.337535814763613E-09 6711402
 127    2520.00    2540.00  3.703457410292398E-07  3.850859705525910E-09 6542615
 128    2540.00    2560.00  3.508347266646370E-07  3.567169172383669E-09 6395284
 129    2560.00    2580.00  3.300104059893794E-07  2.988920154252115E-09 6235309
 130    2580.00    2600.00  3.195321834178790E-07  3.047352972893491E-09 6086442
 131    2600.00    2620.00  3.030677116734491E-07  2.994502172165983E-09 5943266
 132    2620.00    2640.00  2.830101875257426E-07  2.716728943910267E-09 5802562
 133    2640.00    2660.00  2.686907374449278E-07  2.693777249092256E-09 5662004
 134    2660.00    2680.00  2.571795674047822E-07  2.608742220718524E-09 5524570
 135    2680.00    2700.00  2.388780984910294E-07  2.358800673011701E-09 5396508
 136    2700.00    2720.00  2.248567177219599E-07  2.292836801481094E-09 5268852
 137    2720.00    2740.00  2.192585714093113E-07  2.285046614523937E-09 5143394
 138    2740.00    2760.00  2.040059108041753E-07  2.096335120368642E-09 5027781
 139    2760.00    2780.00  1.960319975761379E-07  2.031689595974471E-09 4902592
 140    2780.00    2800.00  1.818432126771981E-07  2.012822944312562E-09 4791717
 141    2800.00    2820.00  1.741101298459155E-07  1.736173230202898E-09 4672928
 142    2820.00    2840.00  1.710125222488225E-07  2.198266484139813E-09 4566499
 143    2840.00    2860.00  1.551279135554918E-07  1.659179442409954E-09 4460629
 144    2860.00    2880.00  1.494344572435595E-07  1.627980226725564E-09 4357366
 145    2880.00    2900.00  1.457108662334411E-07  2.090355046639909E-09 4258028
 146    2900.00    2920.00  1.350498487406858E-07  1.505037715838389E-09 4161435
 147    2920.00    2940.00  1.278653807403128E-07  1.461645037284746E-09 4062763
 148    2940.00    2960.00  1.247415156710183E-07  1.580937351159932E-09 3968847
 149    2960.00    2980.00  1.137049400833229E-07  1.263014671421165E-09 3881656
 150    2980.00    3000.00  1.068482814920963E-07  1.266178409690776E-09 3790789
 151    3000.00    3020.00  1.041807548989530E-07  1.256649640328848E-09 3705995
 152    3020.00    3040.00  1.003646291441762E-07  1.453662004320288E-09 3618385
 153    3040.00    3060.00  9.468839425198196E-08  1.739369562307609E-09 3539697
 154    3060.00    3080.00  8.967828521229035E-08  1.116873307773280E-09 3461246
 155    3080.00    3100.00  8.600313839816380E-08  1.112743245167191E-09 3380992
 156    3100.00    3120.00  8.450195904588239E-08  1.300006613216162E-09 3307098
 157    3120.00    3140.00  7.897909655348500E-08  1.073323510068294E-09 3232465
 158    3140.00    3160.00  7.530551883697251E-08  1.102365125923014E-09 3159989
 159    3160.00    3180.00  7.036222054695328E-08  1.014279146786620E-09 3088793
 160    3180.00    3200.00  6.757939573850189E-08  1.047477620251415E-09 3021725
 161    3200.00    3220.00  6.468693726398066E-08  9.763227597902112E-10 2953506
 162    3220.00    3240.00  6.062143836355006E-08  9.051212501745074E-10 2886202
 163    3240.00    3260.00  5.723467060271913E-08  7.872467852340550E-10 2821848
 164    3260.00    3280.00  5.528835157770176E-08  8.694086473851465E-10 2763601
 165    3280.00    3300.00  5.215642407008442E-08  7.895826092456781E-10 2702375
 166    3300.00    3320.00  5.020403581731152E-08  8.409880590429284E-10 2639706
 167    3320.00    3340.00  4.817831452071902E-08  9.535987346537717E-10 2580155
 168    3340.00    3360.00  4.656875739238729E-08  7.423109238782078E-10 2525933
 169    3360.00    3380.00  4.438364524487339E-08  7.335408488990588E-10 2471947
 170    3380.00    3400.00  4.110477059836398E-08  6.396607248892906E-10 2416978
 171    3400.00    3420.00  3.911228541077315E-08  6.456256211938289E-10 2362587
 172    3420.00    3440.00  3.629833252187488E-08  5.298115775161256E-10 2312106
 173    3440.00    3460.00  3.695570080816085E-08  8.418092351758023E-10 2262838
 174    3460.00    3480.00  3.543846727430101E-08  6.556426266153855E-10 2213124
 175    3480.00    3500.00  3.238886568790627E-08  5.358105651513479E-10 2166003
 176    3500.00    3520.00  3.016669535389346E-08  5.491274782153835E-10 2119186
 177    3520.00    3540.00  3.021969848160989E-08  5.479235262580873E-10 2074589
 178    3540.00    3560.00  2.803224262899782E-08  4.864598064109076E-10 2025943
 179    3560.00    3580.00  2.693795727433871E-08  4.658716131180388E-10 1985533
 180    3580.00    3600.00  2.515930754001477E-08  4.173292045368667E-10 1940998
 181    3600.00    3620.00  2.440703157173481E-08  4.193591741755760E-10 1900145
 182    3620.00    3640.00  2.277623347248548E-08  4.113609623651268E-10 1859816
 183    3640.00    3660.00  2.242499877725649E-08  4.430695493286766E-10 1818979
 184    3660.00    3680.00  2.053346660460960E-08  3.559903349748413E-10 1781779
 185    3680.00    3700.00  2.044231771441094E-08  4.191719028064824E-10 1743272
 186    3700.00    3720.00  2.007467560568989E-08  1.092993194930924E-09 1707366
 187    3720.00    3740.00  1.785363752917712E-08  3.220480607218859E-10 1669855
 188    3740.00    3760.00  1.676546557689390E-08  2.937994991584282E-10 1634465
 189    3760.00    3780.00  1.634155970340441E-08  3.181372178515843E-10 1599465
 190    3780.00    3800.00  1.527022977347655E-08  2.675989444185027E-10 1566592
 191    3800.00    3820.00  1.511538356143037E-08  2.852118547553159E-10 1534129
 192    3820.00    3840.00  1.443250357775235E-08  3.310013550413715E-10 1500667
 193    3840.00    3860.00  1.377245093536116E-08  2.739304479565468E-10 1470876
 194    3860.00    3880.00  1.293706935949925E-08  2.631542859930244E-10 1439799
 195    3880.00    3900.00  1.215946700663452E-08  2.507170456346241E-10 1410615
 196    3900.00    3920.00  1.155393229858728E-08  2.704804356942372E-10 1379697
 197    3920.00    3940.00  1.131933699848361E-08  2.484587108863459E-10 1350015
 198    3940.00    3960.00  1.076660248086146E-08  2.105506352057688E-10 1322978
 199    3960.00    3980.00  1.074913919795226E-08  5.180473241312085E-10 1296728
 200    3980.00    4000.00  1.031265953905880E-08  3.678414403089439E-10 1268495
 201    4000.00    4020.00  8.966894387447448E-09  1.885245465999958E-10 1242155
 202    4020.00    4040.00  8.716652857966564E-09  1.782857346558989E-10 1217081
 203    4040.00    4060.00  8.421925903706367E-09  2.029406063660296E-10 1190798
 204    4060.00    4080.00  7.899298071879519E-09  1.661841577618429E-10 1166565
 205    4080.00    4100.00  8.164770574757065E-09  2.661962245765023E-10 1142622
 206    4100.00    4120.00  7.320686444674360E-09  1.758808206295585E-10 1121883
 207    4120.00    4140.00  6.958251538497924E-09  1.741009513364400E-10 1097678
 208    4140.00    4160.00  6.566945719720265E-09  1.340212547992281E-10 1074987
 209    4160.00    4180.00  6.131649751772471E-09  1.403427667379249E-10 1051546
 210    4180.00    4200.00  6.148161365492639E-09  1.613295016612695E-10 1030074
 211    4200.00    4220.00  6.009065507714164E-09  2.349835073249844E-10 1009277
 212    4220.00    4240.00  5.459946826418059E-09  1.555716864213554E-10 989076
 213    4240.00    4260.00  5.235795969756145E-09  1.427901824859522E-10 967216
 214    4260.00    4280.00  5.049527165576835E-09  1.293724508004545E-10 947378
 215    4280.00    4300.00  4.902379867520648E-09  1.672366997821196E-10 927147
 216    4300.00    4320.00  4.827834651312690E-09  1.452467744237834E-10 909763
 217    4320.00    4340.00  4.501575978214820E-09  1.123220039960840E-10 893270
 218    4340.00    4360.00  4.274272726147485E-09  1.102833867174396E-10 875484
 219    4360.00    4380.00  4.059454720908634E-09  8.924763060000347E-11 857050
 220    4380.00    4400.00  3.834190946688907E-09  9.573014082943761E-11 841089
 221    4400.00    4420.00  3.725792757743394E-09  9.933933469445026E-11 822254
 222    4420.00    4440.00  3.463448616439588E-09  1.055955500907205E-10 805944
 223    4440.00    4460.00  3.277922226430491E-09  8.676514671132438E-11 788945
 224    4460.00    4480.00  3.126756743256456E-09  9.048990257667546E-11 771967
 225    4480.00    4500.00  3.093831876034682E-09  9.508226931082783E-11 757842
 226    4500.00    4520.00  2.929240502303086E-09  9.525227746892216E-11 741761
 227    4520.00    4540.00  2.759360117982473E-09  7.577548371233981E-11 728113
 228    4540.00    4560.00  2.695056443989439E-09  7.349893454634686E-11 711664
 229    4560.00    4580.00  2.490710697159770E-09  6.663967347620885E-11 699300
 230    4580.00    4600.00  2.481516377014799E-09  6.759733535795386E-11 685382
 231    4600.00    4620.00  2.423672654655617E-09  7.823825447751774E-11 672515
 232    4620.00    4640.00  2.119404748145816E-09  5.700336711807349E-11 657176
 233    4640.00    4660.00  2.184826662669987E-09  6.580203502639717E-11 644587
 234    4660.00    4680.00  2.118157540524661E-09  8.207873599916562E-11 631342
 235    4680.00    4700.00  1.924148666703343E-09  5.707718414610597E-11 617673
 236    4700.00    4720.00  1.830814390223888E-09  5.201246313291561E-11 607521
 237    4720.00    4740.00  1.798657152098215E-09  5.671197747408466E-11 595118
 238    4740.00    4760.00  1.685822045981021E-09  6.355140672100389E-11 584067
 239    4760.00    4780.00  1.597395713776316E-09  4.414216949101472E-11 571427
 240    4780.00    4800.00  1.520941221913660E-09  5.337362999368194E-11 560937
 241    4800.00    4820.00  1.386967406160797E-09  3.466147870264137E-11 549351
 242    4820.00    4840.00  1.415724777867945E-09  3.858314084897008E-11 538039
 243    4840.00    4860.00  1.384751409971057E-09  4.048909556037487E-11 528651
 244    4860.00    4880.00  1.325044771968496E-09  4.225217879558801E-11 517519
 245    4880.00    4900.00  1.288840978639985E-09  4.181218648288214E-11 507919
 246    4900.00    4920.00  1.194994832901489E-09  3.660452513102021E-11 497609
 247    4920.00    4940.00  1.123304597381448E-09  3.609142329643443E-11 489412
 248    4940.00    4960.00  1.008910617930616E-09  3.046681729839045E-11 478562
 249    4960.00    4980.00  9.885311096421047E-10  2.754140476274478E-11 468567
 250    4980.00    5000.00  1.009354030615988E-09  4.075176194339850E-11 459097
 251    5000.00    5020.00  1.036403590506987E-09  6.676292725791473E-11 450132
 252    5020.00    5040.00  8.956511506448746E-10  2.962726520500209E-11 441808
 253    5040.00    5060.00  8.267330239359078E-10  2.466492524719176E-11 433192
 254    5060.00    5080.00  8.830760480285362E-10  4.562115699528062E-11 425297
 255    5080.00    5100.00  8.105160467999043E-10  2.697551275750963E-11 416922
 256    5100.00    5120.00  7.653709881489711E-10  3.354428045791474E-11 408506
 257    5120.00    5140.00  7.312619752855306E-10  2.754268245331396E-11 400827
 258    5140.00    5160.00  6.715560150912193E-10  2.244787085874973E-11 392138
 259    5160.00    5180.00  6.762401117596624E-10  2.246211741476121E-11 384841
 260    5180.00    5200.00  6.861696330860290E-10  3.160460293254652E-11 377388
 261    5200.00    5220.00  6.026001674304839E-10  2.318743259070546E-11 369675
 262    5220.00    5240.00  5.756261330735342E-10  2.016354814950532E-11 362872
 263    5240.00    5260.00  5.099820185166022E-10  1.588212864737195E-11 355565
 264    5260.00    5280.00  5.348820404916897E-10  1.832458968778122E-11 348015
 265    5280.00    5300.00  4.763080868399984E-10  1.552482163798663E-11 342750
 266    5300.00    5320.00  4.873051602662458E-10  1.811527322830823E-11 335558
 267    5320.00    5340.00  4.686190929657338E-10  2.502676205498637E-11 329076
 268    5340.00    5360.00  4.279251661502868E-10  1.567356406579973E-11 323013
 269    5360.00    5380.00  4.770294099068181E-10  2.452884247421546E-11 316206
 270    5380.00    5400.00  3.964140672921196E-10  1.632087728714008E-11 310360
 271    5400.00    5420.00  3.749444453206647E-10  1.355404151272755E-11 304477
 272    5420.00    5440.00  3.678710035575387E-10  1.395058456232905E-11 298399
 273    5440.00    5460.00  3.365039390570943E-10  1.341588611720744E-11 292701
 274    5460.00    5480.00  3.408799524009567E-10  1.565951696207658E-11 287599
 275    5480.00    5500.00  3.083304259492572E-10  1.107037895428412E-11 282379
 276    5500.00    5520.00  3.283929594143087E-10  1.635872331644054E-11 276522
 277    5520.00    5540.00  2.649130625835050E-10  9.947293969424944E-12 270543
 278    5540.00    5560.00  2.861632319412651E-10  1.293632378997204E-11 265915
 279    5560.00    5580.00  2.468000424856259E-10  8.646255278298872E-12 261513
 280    5580.00    5600.00  2.840357691387673E-10  1.946405341238878E-11 255924
 281    5600.00    5620.00  2.410539210889070E-10  8.724986625954047E-12 250299
 282    5620.00    5640.00  2.255576184693754E-10  1.193929016219153E-11 246336
 283    5640.00    5660.00  2.186214149469854E-10  8.372051411217446E-12 241469
 284    5660.00    5680.00  2.012652461676171E-10  8.137703252169051E-12 236749
 285    5680.00    5700.00  2.132196984481922E-10  9.917642831513582E-12 232653
 286    5700.00    5720.00  1.852470568791524E-10  7.134624363174006E-12 227520
 287    5720.00    5740.00  1.881333744398104E-10  9.224316562413275E-12 223438
 288    5740.00    5760.00  1.913340217582858E-10  1.611832805905646E-11 219030
 289    5760.00    5780.00  1.665171492998203E-10  6.387557149134256E-12 215019
 290    5780.00    5800.00  1.499918681893742E-10  5.320527671833762E-12 211379
 291    5800.00    5820.00  1.420971312369675E-10  5.709485926938285E-12 206716
 292    5820.00    5840.00  1.308451337012522E-10  4.904841608672185E-12 202633
 293    5840.00    5860.00  1.351497996483831E-10  6.032612699546104E-12 198596
 294    5860.00    5880.00  1.287022852779854E-10  5.469789245896668E-12 195711
 295    5880.00    5900.00  1.324056276129788E-10  5.822099157167007E-12 190756
 296    5900.00    5920.00  1.359938494826027E-10  6.664756196544477E-12 188204
 297    5920.00    5940.00  1.253529114651828E-10  7.765824294198946E-12 184474
 298    5940.00    5960.00  1.182940453927351E-10  7.293410391500195E-12 181137
 299    5960.00    5980.00  1.063561143081354E-10  5.250676562475155E-12 177111
 300    5980.00    6000.00  1.140453766138578E-10  6.248046356931136E-12 174097
 301    6000.00    6020.00  1.046450180098031E-10  6.502336433459263E-12 171109
 302    6020.00    6040.00  9.346985187173631E-11  4.223988688843805E-12 168072
 303    6040.00    6060.00  8.752674245526657E-11  4.939359460936231E-12 164032
 304    6060.00    6080.00  8.424137433012408E-11  3.686119243059481E-12 161027
 305    6080.00    6100.00  8.527150887205654E-11  6.042627814939861E-12 157991
 306    6100.00    6120.00  7.969102623710402E-11  4.184515763981304E-12 155065
 307    6120.00    6140.00  7.899512384175998E-11  5.453894194366626E-12 152858
 308    6140.00    6160.00  7.135594440233433E-11  3.527038090223388E-12 149616
 309    6160.00    6180.00  6.792027006343320E-11  3.208019944269328E-12 146592
 310    6180.00    6200.00  6.509088270164870E-11  4.100955392794880E-12 143810
 311    6200.00    6220.00  6.562502587983048E-11  4.242355177112821E-12 141467
 312    6220.00    6240.00  5.749319741169153E-11  3.222505390838095E-12 138164
 313    6240.00    6260.00  5.255793761576796E-11  2.931675034013599E-12 136189
 314    6260.00    6280.00  5.680734121380014E-11  3.066430667926826E-12 133062
 315    6280.00    6300.00  5.568314512479141E-11  3.222859787812534E-12 130881
 316    6300.00    6320.00  4.361298135377299E-11  2.186146670806755E-12 128194
 317    6320.00    6340.00  5.640985044533831E-11  5.549723336057718E-12 126304
 318    6340.00    6360.00  4.689615378917606E-11  2.657570768798487E-12 124075
 319    6360.00    6380.00  4.828938263251738E-11  3.284206114553809E-12 121600
 320    6380.00    6400.00  4.305201588413025E-11  2.511311389976961E-12 119124
 321    6400.00    6420.00  3.679034374569841E-11  1.555706153412869E-12 117119
 322    6420.00    6440.00  3.725027942512153E-11  2.075924533412928E-12 114790
 323    6440.00    6460.00  3.725556309024754E-11  2.574854071793999E-12 112554
 324    6460.00    6480.00  3.720132310769029E-11  4.402858568415810E-12 110719
 325    6480.00    6500.00  3.271085992948071E-11  1.760366054000954E-12 108698
 326    6500.00    6520.00  3.147357949983218E-11  1.804695323269738E-12 106000
 327    6520.00    6540.00  3.399796785117318E-11  2.550775985454205E-12 103865
 328    6540.00    6560.00  2.647496429720126E-11  1.430673991194989E-12 102584
 329    6560.00    6580.00  2.846168188391897E-11  1.499086720316475E-12 100566
 330    6580.00    6600.00  2.709257175522265E-11  1.547875526426976E-12 98659
 331    6600.00    6620.00  2.670105185097103E-11  2.317459937932485E-12 96352
 332    6620.00    6640.00  2.333547171413205E-11  1.211309445563626E-12 94602
 333    6640.00    6660.00  2.427543047225897E-11  1.532319225174466E-12 93457
 334    6660.00    6680.00  2.039135171993657E-11  1.090342291288364E-12 91447
 335    6680.00    6700.00  2.443188406340678E-11  2.573906215346791E-12 89650
 336    6700.00    6720.00  2.187386480355089E-11  1.471814635246987E-12 88047
 337    6720.00    6740.00  1.768984250843837E-11  1.038783413131183E-12 86520
 338    6740.00    6760.00  1.772965501980774E-11  9.313224453762366E-13 85028
 339    6760.00    6780.00  1.591905513058416E-11  1.035592738277002E-12 82919
 340    6780.00    6800.00  1.489613150346498E-11  1.066889728201292E-12 80884
 341    6800.00    6820.00  1.648108370051805E-11  1.396351819546187E-12 79453
 342    6820.00    6840.00  1.655006592912579E-11  9.359505782221754E-13 78227
 343    6840.00    6860.00  1.407341269840178E-11  9.371352304451723E-13 77094
 344    6860.00    6880.00  1.388675933978697E-11  8.406445739783658E-13 75098
 345    6880.00    6900.00  1.195115426192805E-11  7.006404307549817E-13 74745
 346    6900.00    6920.00  1.547380183796435E-11  1.725486610714894E-12 73027
 347    6920.00    6940.00  1.220674452030654E-11  7.368438238851209E-13 71357
 348    6940.00    6960.00  1.204903358715031E-11  9.501962733644327E-13 70306
 349    6960.00    6980.00  1.189388970134487E-11  2.262603249422975E-12 68731
 350    6980.00    7000.00  1.098113977072623E-11  9.012131654643241E-13 67345
 351    7000.00    7020.00  9.500864019161879E-12  5.306704621611804E-13 66342
 352    7020.00    7040.00  1.146612298519232E-11  1.246765904965314E-12 64906
 353    7040.00    7060.00  9.149640953694615E-12  7.403329206190516E-13 64110
 354    7060.00    7080.00  8.175343975854349E-12  5.301809471816844E-13 62649
 355    7080.00    7100.00  7.425927496768099E-12  5.466199369191540E-13 61752
 356    7100.00    7120.00  7.836162479899510E-12  4.940150958278089E-13 59902
 357    7120.00    7140.00  6.867485170290759E-12  5.272875714300331E-13 58997
 358    7140.00    7160.00  7.234850932031530E-12  4.730991063361021E-13 57738
 359    7160.00    7180.00  6.884689702829882E-12  4.877129586306906E-13 56965
 360    7180.00    7200.00  6.123940212442991E-12  3.629584942228899E-13 55976
 361    7200.00    7220.00  6.803122292205003E-12  5.252419453624380E-13 55340
 362    7220.00    7240.00  5.424327184954301E-12  3.034390649360382E-13 53595
 363    7240.00    7260.00  5.583506172331488E-12  3.687075316318216E-13 52276
 364    7260.00    7280.00  5.943461715636429E-12  4.657498982844846E-13 51472
 365    7280.00    7300.00  4.681101209302509E-12  3.105495982049664E-13 50724
 366    7300.00    7320.00  4.580433669327486E-12  3.535290340372180E-13 49487
 367    7320.00    7340.00  4.725299764314121E-12  4.280048366730535E-13 49247
 368    7340.00    7360.00  4.712448459568621E-12  4.173277139571234E-13 48037
 369    7360.00    7380.00  4.453000539025899E-12  3.713935231945110E-13 47014
 370    7380.00    7400.00  4.083420011260802E-12  3.046121004930612E-13 46174
 371    7400.00    7420.00  5.052428902533920E-12  1.133350366631730E-12 45300
 372    7420.00    7440.00  3.993388806507716E-12  3.209461207585387E-13 44460
 373    7440.00    7460.00  3.831957980301053E-12  2.810771569532950E-13 43456
 374    7460.00    7480.00  3.141513561179842E-12  2.028996690602363E-13 42906
 375    7480.00    7500.00  3.192157362840302E-12  2.467632703222280E-13 41936
 376    7500.00    7520.00  2.891697000673052E-12  2.172467848941409E-13 41465
 377    7520.00    7540.00  3.832184647655822E-12  7.727079637340798E-13 40643
 378    7540.00    7560.00  2.804973653782086E-12  2.491230343005225E-13 39558
 379    7560.00    7580.00  2.391668260799219E-12  1.787061494099777E-13 38987
 380    7580.00    7600.00  2.864910262221441E-12  3.269937395643940E-13 38019
 381    7600.00    7620.00  3.610540459611348E-12  1.102265646517611E-12 37220
 382    7620.00    7640.00  2.810857572428239E-12  4.505153687541009E-13 36563
 383    7640.00    7660.00  2.446139564260320E-12  1.979389065419913E-13 35802
 384    7660.00    7680.00  2.710004258086384E-12  4.041848549046965E-13 35176
 385    7680.00    7700.00  2.033956333753839E-12  1.635208017200810E-13 34792
 386    7700.00    7720.00  1.781453698254302E-12  1.230672876956158E-13 33976
 387    7720.00    7740.00  2.009562242158107E-12  1.682119594633636E-13 33674
 388    7740.00    7760.00  1.539523513639951E-12  1.001421519221748E-13 32840
 389    7760.00    7780.00  1.504059242911747E-12  1.287406483577515E-13 32267
 390    7780.00    7800.00  1.663240495693051E-12  1.400684198865642E-13 31542
 391    7800.00    7820.00  1.602899097055452E-12  2.509253922164738E-13 30841
 392    7820.00    7840.00  1.654517166174231E-12  1.377938577095840E-13 30206
 393    7840.00    7860.00  1.660700424380865E-12  1.884541194595627E-13 29956
 394    7860.00    7880.00  1.319245568363060E-12  1.114510739178491E-13 29262
 395    7880.00    7900.00  1.248286566330089E-12  1.167961763894102E-13 28425
 396    7900.00    7920.00  1.205205500697995E-12  9.978988130852041E-14 28096
 397    7920.00    7940.00  1.132728832415063E-12  9.960066011022945E-14 27589
 398    7940.00    7960.00  1.193443632451268E-12  1.144563422844322E-13 27249
 399    7960.00    7980.00  1.115555372015438E-12  9.997674652573129E-14 26403
 400    7980.00    8000.00  1.106471806071575E-12  1.609115013536874E-13 25908
 401    8000.00    8020.00  1.036222167024895E-12  1.415579990484830E-13 25561
 402    8020.00    8040.00  9.571209198097312E-13  9.388377412358298E-14 24858
 403    8040.00    8060.00  9.378986216552595E-13  9.740150790073920E-14 24194
 404    8060.00    8080.00  7.446998613001954E-13  6.949506400516739E-14 24082
 405    8080.00    8100.00  8.174354762017540E-13  1.098076281335687E-13 23801
 406    8100.00    8120.00  8.193178537587443E-13  7.694394950135934E-14 23353
 407    8120.00    8140.00  7.850918550548089E-13  1.569383472269765E-13 22356
 408    8140.00    8160.00  7.949626616290634E-13  1.809750232221003E-13 22346
 409    8160.00    8180.00  6.092478158072582E-13  6.556378806835921E-14 21910
 410    8180.00    8200.00  5.564395746296015E-13  6.474773907632218E-14 21482
 411    8200.00    8220.00  5.262081708478967E-13  5.098647242537832E-14 20878
 412    8220.00    8240.00  4.864675196200081E-13  4.348232034124142E-14 20460
 413    8240.00    8260.00  6.035527958823865E-13  9.589579181585448E-14 20123
 414    8260.00    8280.00  4.376917813732743E-13  5.724323482582019E-14 19839
 415    8280.00    8300.00  4.992211017965232E-13  5.096507641107924E-14 19468
 416    8300.00    8320.00  3.909725391745699E-13  3.508213449240540E-14 18667
 417    8320.00    8340.00  4.127555659014234E-13  4.606307844744172E-14 18640
 418    8340.00    8360.00  4.157938271012185E-13  4.276902846010752E-14 18087
 419    8360.00    8380.00  3.324004919490818E-13  3.035703263364208E-14 17780
 420    8380.00    8400.00  4.981063978008080E-13  1.020522722175911E-13 17836
 421    8400.00    8420.00  3.288380284616582E-13  3.075292881085250E-14 17277
 422    8420.00    8440.00  3.227386110535247E-13  3.405568955339321E-14 16691
 423    8440.00    8460.00  2.761156846840994E-13  2.649378937672711E-14 16594
 424    8460.00    8480.00  2.562171523214215E-13  2.842180587216928E-14 15963
 425    8480.00    8500.00  3.819853599699348E-13  6.630818839051669E-14 15761
 426    8500.00    8520.00  3.047532080952068E-13  4.092157098020382E-14 15365
 427    8520.00    8540.00  2.591754730323743E-13  3.040839928715875E-14 15136
 428    8540.00    8560.00  2.302631437356366E-13  1.959927275033838E-14 14676
 429    8560.00    8580.00  2.360164099205435E-13  2.239924656008630E-14 14440
 430    8580.00    8600.00  2.407045728534569E-13  4.139629678524595E-14 14096
 431    8600.00    8620.00  2.117530046010178E-13  2.583011357039900E-14 13875
 432    8620.00    8640.00  1.472980785005562E-13  1.265381914672480E-14 13722
 433    8640.00    8660.00  1.865680858323677E-13  2.248593435508558E-14 13470
 434    8660.00    8680.00  1.766973428120686E-13  2.271556851344751E-14 13064
 435    8680.00    8700.00  1.465761575473044E-13  1.466079218512307E-14 12817
 436    8700.00    8720.00  1.487700955465644E-13  1.446112322669017E-14 12499
 437    8720.00    8740.00  1.525418077188952E-13  2.635479885947879E-14 12272
 438    8740.00    8760.00  1.551468753441529E-13  2.073429275264631E-14 11962
 439    8760.00    8780.00  1.774277273359683E-13  2.664955235576404E-14 11882
 440    8780.00    8800.00  1.726886627905528E-13  3.662606656404159E-14 11518
 441    8800.00    8820.00  1.332542397910930E-13  1.364651381347645E-14 11372
 442    8820.00    8840.00  1.181415075015405E-13  1.622367463416944E-14 11110
 443    8840.00    8860.00  1.016416088327553E-13  1.316829891990539E-14 10658
 444    8860.00    8880.00  1.083717348483560E-13  1.235947328293091E-14 10630
 445    8880.00    8900.00  9.854013695644200E-14  1.334681927399959E-14 10473
 446    8900.00    8920.00  9.550666365078846E-14  1.209924808688256E-14 10230
 447    8920.00    8940.00  9.749727131753217E-14  1.606703323393618E-14 9879
 448    8940.00    8960.00  7.201781925682348E-14  7.766757541318454E-15 9795
 449    8960.00    8980.00  7.248220773138322E-14  7.543264847928683E-15 9429
 450    8980.00    9000.00  6.679264906498599E-14  9.413397298931986E-15 9139
 451    9000.00    9020.00  5.944809261679129E-14  8.266549718175079E-15 9000
 452    9020.00    9040.00  6.672505631143700E-14  7.469262795079149E-15 9013
 453    9040.00    9060.00  6.070450867668168E-14  1.002124011098730E-14 8447
 454    9060.00    9080.00  6.212686715814480E-14  8.533354371327190E-15 8415
 455    9080.00    9100.00  5.416244696767301E-14  7.808126975625504E-15 8385
 456    9100.00    9120.00  5.951497231203146E-14  9.583642218931836E-15 8200
 457    9120.00    9140.00  6.098327337114443E-14  7.843885532730280E-15 7635
 458    9140.00    9160.00  6.789846500618086E-14  1.391777413367265E-14 7789
 459    9160.00    9180.00  4.408124936011872E-14  6.124023283466278E-15 7644
 460    9180.00    9200.00  5.326052495027056E-14  9.215553995040423E-15 7358
 461    9200.00    9220.00  5.198730655198512E-14  9.791663926691584E-15 7386
 462    9220.00    9240.00  3.986663314400285E-14  5.323372570824435E-15 7163
 463    9240.00    9260.00  4.139911488017367E-14  7.064498197272650E-15 7073
 464    9260.00    9280.00  3.453771039978385E-14  5.040520025407773E-15 6839
 465    9280.00    9300.00  4.815999310848138E-14  1.201315270313937E-14 6649
 466    9300.00    9320.00  2.214441702189000E-14  2.729232373787027E-15 6407
 467    9320.00    9340.00  2.360991675872939E-14  2.935382116832784E-15 6282
 468    9340.00    9360.00  2.393440239265351E-14  3.564317885405219E-15 6067
 469    9360.00    9380.00  2.434268073167227E-14  4.044073825134559E-15 5970
 470    9380.00    9400.00  1.867808924827465E-14  2.301426952792129E-15 5949
 471    9400.00    9420.00  2.279058268300863E-14  3.083754166800114E-15 5796
 472    9420.00    9440.00  1.770960686768952E-14  2.902597609287846E-15 5623
 473    9440.00    9460.00  1.723138516241550E-14  2.176778050610418E-15 5471
 474    9460.00    9480.00  2.078681764760851E-14  4.693774727637420E-15 5383
 475    9480.00    9500.00  1.729242728784324E-14  2.353309492940595E-15 5272
 476    9500.00    9520.00  1.425713597705727E-14  2.117694199651269E-15 5041
 477    9520.00    9540.00  1.488253155834731E-14  2.832951452572815E-15 5032
 478    9540.00    9560.00  1.478877783516160E-14  2.734427614847263E-15 5008
 479    9560.00    9580.00  1.674075413040093E-14  3.000220901181269E-15 4828
 480    9580.00    9600.00  1.466829311085381E-14  2.355176012611824E-15 4589
 481    9600.00    9620.00  9.595142335152928E-15  1.599743387028879E-15 4533
 482    9620.00    9640.00  1.210783871200095E-14  2.333314577266871E-15 4346
 483    9640.00    9660.00  1.032220815914555E-14  1.642787954252937E-15 4318
 484    9660.00    9680.00  7.943087357473447E-15  1.046472120307685E-15 4323
 485    9680.00    9700.00  8.007967128342209E-15  1.291030487773968E-15 4059
 486    9700.00    9720.00  7.248208251061898E-15  8.601752831865896E-16 3986
 487    9720.00    9740.00  7.325290866270314E-15  1.070592901564443E-15 3887
 488    9740.00    9760.00  8.071529527116147E-15  1.539195026328700E-15 3741
 489    9760.00    9780.00  7.362350977637634E-15  1.490412876298626E-15 3817
 490    9780.00    9800.00  7.169545289850070E-15  1.348726878419108E-15 3561
 491    9800.00    9820.00  5.663293239956686E-15  1.098057865730721E-15 3571
 492    9820.00    9840.00  5.049092713116042E-15  1.263702107505770E-15 3511
 493    9840.00    9860.00  5.430674405797358E-15  1.014432114832677E-15 3314
 494    9860.00    9880.00  1.064492247920250E-14  5.499805984552357E-15 3173
 495    9880.00    9900.00  3.909071476949229E-15  7.794386559737701E-16 3249
 496    9900.00    9920.00  5.714125159550740E-15  1.111051273392267E-15 3077
 497    9920.00    9940.00  3.698103001278115E-15  6.173185908389873E-16 2980
 498    9940.00    9960.00  5.365795988846598E-15  1.597677947365212E-15 2874
 499    9960.00    9980.00  2.204661543560549E-15  3.037533328314933E-16 2879
 500    9980.00   10000.00  4.179710785224242E-15  1.459072805726916E-15 2767
 501   10000.00   10020.00  4.033691679114112E-15  1.376282615864096E-15 2706
 502   10020.00   10040.00  6.306504210782273E-15  1.874176933284623E-15 2681
 503   10040.00   10060.00  2.994022232960750E-15  5.691718927868191E-16 2563
 504   10060.00   10080.00  2.805436731608276E-15  6.580507015412589E-16 2428
 505   10080.00   10100.00  2.052736470031509E-15  4.228657489342166E-16 2415
 506   10100.00   10120.00  1.418211618570921E-15  2.192215431690266E-16 2282
 507   10120.00   10140.00  1.959701237993298E-15  3.547988805485520E-16 2330
 508   10140.00   10160.00  1.448643826680612E-15  2.783425897169647E-16 2257
 509   10160.00   10180.00  1.593096791583201E-15  3.377959910628318E-16 2182
 510   10180.00   10200.00  2.805854781105518E-15  7.708567585554813E-16 2077
 511   10200.00   10220.00  1.834146648896675E-15  4.176709107485541E-16 2028
 512   10220.00   10240.00  1.175421262072904E-15  2.443919812052405E-16 1957
 513   10240.00   10260.00  7.346466883363154E-16  1.474327583334656E-16 1910
 514   10260.00   10280.00  1.582435430921625E-15  3.401219322271095E-16 1813
 515   10280.00   10300.00  1.107014947933109E-15  3.132870209311977E-16 1793
 516   10300.00   10320.00  1.499142658859446E-15  4.574148505534354E-16 1666
 517   10320.00   10340.00  1.118065392360872E-15  3.160718953252388E-16 1721
 518   10340.00   10360.00  9.680309595154307E-16  2.636607839862713E-16 1587
 519   10360.00   10380.00  7.475995637442057E-16  2.195704949126360E-16 1565
 520   10380.00   10400.00  6.766788195104637E-16  1.803957641020208E-16 1537
 521   10400.00   10420.00  1.280308518842625E-15  4.441911606833497E-16 1458
 522   10420.00   10440.00  9.071150238138985E-16  3.897639280189660E-16 1478
 523   10440.00   10460.00  9.936630328848059E-16  2.799118318298755E-16 1441
 524   10460.00   10480.00  5.836860204485756E-16  1.538503649844568E-16 1347
 525   10480.00   10500.00  4.937044714542708E-16  1.165843576623494E-16 1334
 526   10500.00   10520.00  4.134477508426081E-16  1.323592136379746E-16 1298
 527   10520.00   10540.00  1.089488699755807E-15  7.226714959526243E-16 1201
 528   10540.00   10560.00  3.580803681385606E-16  9.317763258438307E-17 1122
 529   10560.00   10580.00  4.617900923812883E-16  2.306448393515304E-16 1176
 530   10580.00   10600.00  3.166934204241999E-16  1.378641856155462E-16 1113
 531   10600.00   10620.00  5.433333056413512E-16  1.975859754152012E-16 1101
 532   10620.00   10640.00  1.504593812425746E-16  4.251527865958752E-17 1066
 533   10640.00   10660.00  2.148846942785052E-16  5.562526511663415E-17 1001
 534   10660.00   10680.00  4.771419230593713E-16  3.251378288989627E-16 913
 535   10680.00   10700.00  1.191933048116637E-16  2.775106545317415E-17 983
 536   10700.00   10720.00  2.983582608360192E-16  1.951000497823663E-16 884
 537   10720.00   10740.00  9.502546010192850E-17  2.720148898642560E-17 823
 538   10740.00   10760.00  9.100582742957161E-17  2.171841807532270E-17 826
 539   10760.00   10780.00  2.096126647553795E-16  6.387957014123500E-17 781
 540   10780.00   10800.00  1.053440029128820E-16  5.275102485905199E-17 803
 541   10800.00   10820.00  8.634844803502363E-17  3.321368301416285E-17 696
 542   10820.00   10840.00  1.026937418690047E-16  3.211909176552176E-17 741
 543   10840.00   10860.00  7.097827443935711E-17  2.318713544378427E-17 676
 544   10860.00   10880.00  5.897172157591542E-17  2.704983529085687E-17 657
 545   10880.00   10900.00  9.618087186972709E-17  4.995054284101697E-17 648
 546   10900.00   10920.00  4.808477790960240E-17  1.846963861586282E-17 565
 547   10920.00   10940.00  4.434172850237065E-17  1.867235571763468E-17 562
 548   10940.00   10960.00  4.430980995645781E-17  1.195031403842596E-17 567
 549   10960.00   10980.00  1.037816410633510E-16  7.532342301021224E-17 544
 550   10980.00   11000.00  3.552646460280086E-17  1.423746384658055E-17 523
 551   11000.00   11020.00  5.707781600876375E-17  2.291951366213457E-17 501
 552   11020.00   11040.00  1.930012439609813E-17  6.305384745872233E-18 500
 553   11040.00   11060.00  2.736760626713429E-17  8.413160861582923E-18 435
 554   11060.00   11080.00  1.774742697093337E-17  7.192202466245491E-18 438
 555   11080.00   11100.00  7.564847596728996E-18  2.221086320891984E-18 408
 556   11100.00   11120.00  1.091031540415085E-17  3.440951812048657E-18 421
 557   11120.00   11140.00  2.267646535787838E-17  9.029131182083749E-18 377
 558   11140.00   11160.00  1.177451611393458E-17  4.547738091419905E-18 374
 559   11160.00   11180.00  7.528368076211195E-18  4.347990891180634E-18 348
 560   11180.00   11200.00  1.337323264440059E-17  5.788720393699564E-18 333
 561   11200.00   11220.00  8.303852445972777E-18  4.331497004246295E-18 303
 562   11220.00   11240.00  2.583918336466456E-17  1.620460933737946E-17 297
 563   11240.00   11260.00  5.359787223861801E-18  1.771073667529276E-18 341
 564   11260.00   11280.00  6.114540783584734E-18  2.354598660772374E-18 270
 565   11280.00   11300.00  3.618963261755009E-18  1.431842917282550E-18 240
 566   11300.00   11320.00  7.017034532302977E-18  3.375331734369086E-18 220
 567   11320.00   11340.00  1.838956091270311E-18  8.142412783136624E-19 240
 568   11340.00   11360.00  4.182489934011580E-18  2.077986813949988E-18 220
 569   11360.00   11380.00  6.319030977617909E-18  3.930241764394877E-18 212
 570   11380.00   11400.00  2.460906830777688E-18  8.544753031924495E-19 182
 571   11400.00   11420.00  2.787766689295447E-18  1.682658774261191E-18 184
 572   11420.00   11440.00  6.090426963344910E-18  4.304784743106505E-18 184
 573   11440.00   11460.00  4.626722696257057E-18  2.871417782985235E-18 187
 574   11460.00   11480.00  7.799606730314119E-19  5.361674850739053E-19 166
 575   11480.00   11500.00  3.050331628785321E-18  1.207869531816594E-18 148
 576   11500.00   11520.00  1.626078747818379E-18  1.122546892713786E-18 140
 577   11520.00   11540.00  3.900402808315805E-18  2.932407373953487E-18 136
 578   11540.00   11560.00  7.853782626970610E-20  3.434939156807703E-20 111
 579   11560.00   11580.00  5.006511721675235E-19  2.356298725026479E-19 114
 580   11580.00   11600.00  3.274936627333905E-19  1.786895842633921E-19 105
 581   11600.00   11620.00  3.146072087708115E-19  2.690795700569864E-19 96
 582   11620.00   11640.00  4.331040565238778E-19  2.079134839352272E-19 85
 583   11640.00   11660.00  2.149654357281998E-19  1.569990749720122E-19 121
 584   11660.00   11680.00  1.687709206638929E-19  1.162022772745883E-19 91
 585   11680.00   11700.00  7.787104116491852E-20  3.461443859084670E-20 85
 586   11700.00   11720.00  5.418905779040632E-20  5.234159838126221E-20 67
 587   11720.00   11740.00  5.622839402800895E-21  3.411591393184029E-21 63
 588   11740.00   11760.00  1.008952399535038E-19  6.186131899231088E-20 72
 589   11760.00   11780.00  6.294119054826862E-19  6.221792918527219E-19 53
 590   11780.00   11800.00 -8.057317461182622E-21  8.864967289084477E-21 45
 591   11800.00   11820.00  1.482326671925659E-20  9.193430744135703E-21 53
 592   11820.00   11840.00  5.294914317063474E-21  2.962249621140530E-21 42
 593   11840.00   11860.00  2.128666508567232E-21  1.244362653688089E-21 41
 594   11860.00   11880.00  4.650651676052497E-20  2.491238954284153E-20 48
 595   11880.00   11900.00  7.068195730072340E-20  4.549452237701645E-20 28
 596   11900.00   11920.00  1.922206513604841E-21  2.918683020268000E-21 26
 597   11920.00   11940.00  1.244137851045811E-20  1.140379967551366E-20 23
 598   11940.00   11960.00  1.815040363505756E-19  1.787614400797011E-19 21
 599   11960.00   11980.00  2.143301173124455E-20  1.435496278366985E-20 18
 600   11980.00   12000.00  3.606049245198308E-23  5.539857497961140E-23 14
 601   12000.00   12020.00 -7.629602265061150E-22  7.981175807421799E-22 12
 602   12020.00   12040.00  1.118109817395219E-20  1.117326366118586E-20 22
 603   12040.00   12060.00  4.562975211790162E-22  6.887126865867948E-22 18
 604   12060.00   12080.00  2.857385152754622E-21  2.839961585864870E-21 11
 605   12080.00   12100.00  2.770983759464501E-21  2.758373451341239E-21 10
 606   12100.00   12120.00  2.319663890109885E-21  2.340235749966968E-21 8
 607   12120.00   12140.00  2.675841612958495E-22  2.623730913090612E-22 8
 608   12140.00   12160.00 -4.726368951547243E-25  4.519884414849090E-25 5
 609   12160.00   12180.00  2.848844914976869E-22  2.405489844721115E-22 6
 610   12180.00   12200.00 -4.369862569836606E-25  3.108058612657451E-25 3
 611   12200.00   12220.00 -2.289655747810769E-23  2.289655747730353E-23 1
 612   12220.00   12240.00 -1.466678659899293E-22  1.465574284589045E-22 5
 613   12240.00   12260.00  2.337062039195778E-24  2.337062039123428E-24 1
 614   12260.00   12280.00  0.000000000000000E+00  0.000000000000000E+00 0
 615   12280.00   12300.00 -5.492581409580696E-27  4.193441850584372E-27 2
 616   12300.00   12320.00  0.000000000000000E+00  0.000000000000000E+00 0
 617   12320.00   12340.00  0.000000000000000E+00  0.000000000000000E+00 0
 618   12340.00   12360.00  0.000000000000000E+00  0.000000000000000E+00 0
 619   12360.00   12380.00  0.000000000000000E+00  0.000000000000000E+00 0
 620   12380.00   12400.00 -2.795511527625330E-27  2.795511527538963E-27 1
 621   12400.00   12420.00  0.000000000000000E+00  0.000000000000000E+00 0
 622   12420.00   12440.00  0.000000000000000E+00  0.000000000000000E+00 0
 623   12440.00   12460.00  0.000000000000000E+00  0.000000000000000E+00 0
 624   12460.00   12480.00  0.000000000000000E+00  0.000000000000000E+00 0
 625   12480.00   12500.00  0.000000000000000E+00  0.000000000000000E+00 0
 626   12500.00   12520.00  0.000000000000000E+00  0.000000000000000E+00 0
 627   12520.00   12540.00  0.000000000000000E+00  0.000000000000000E+00 0
 628   12540.00   12560.00  0.000000000000000E+00  0.000000000000000E+00 0
 629   12560.00   12580.00  0.000000000000000E+00  0.000000000000000E+00 0
 630   12580.00   12600.00  0.000000000000000E+00  0.000000000000000E+00 0
 631   12600.00   12620.00  0.000000000000000E+00  0.000000000000000E+00 0
 632   12620.00   12640.00  0.000000000000000E+00  0.000000000000000E+00 0
 633   12640.00   12660.00  0.000000000000000E+00  0.000000000000000E+00 0
 634   12660.00   12680.00  0.000000000000000E+00  0.000000000000000E+00 0
 635   12680.00   12700.00  0.000000000000000E+00  0.000000000000000E+00 0
 636   12700.00   12720.00  0.000000000000000E+00  0.000000000000000E+00 0
 637   12720.00   12740.00  0.000000000000000E+00  0.000000000000000E+00 0
 638   12740.00   12760.00  0.000000000000000E+00  0.000000000000000E+00 0
 639   12760.00   12780.00  0.000000000000000E+00  0.000000000000000E+00 0
 640   12780.00   12800.00  0.000000000000000E+00  0.000000000000000E+00 0
 641   12800.00   12820.00  0.000000000000000E+00  0.000000000000000E+00 0
 642   12820.00   12840.00  0.000000000000000E+00  0.000000000000000E+00 0
 643   12840.00   12860.00  0.000000000000000E+00  0.000000000000000E+00 0
 644   12860.00   12880.00  0.000000000000000E+00  0.000000000000000E+00 0
 645   12880.00   12900.00  0.000000000000000E+00  0.000000000000000E+00 0
 646   12900.00   12920.00  0.000000000000000E+00  0.000000000000000E+00 0
 647   12920.00   12940.00  0.000000000000000E+00  0.000000000000000E+00 0
 648   12940.00   12960.00  0.000000000000000E+00  0.000000000000000E+00 0
 649   12960.00   12980.00  0.000000000000000E+00  0.000000000000000E+00 0
 650   12980.00   13000.00  0.000000000000000E+00  0.000000000000000E+00 0
# Underflow:                 0.0000000000000000E+00  0.0000000000000000E+00 0
# Overflow:                  0.0000000000000000E+00  0.0000000000000000E+00 0
#-------------------------------------------------------------------------------------
# Sum:                       9.8682013104434280E-03  1.1737142049614329E-06 817479000
#=====================================================================================
